  -5.0000000000000000       -1.6873600603173372E-003 -0.22228645075806916     
  -4.9899899899899900       -1.1337244838171866E-003 -0.22280291009839115     
  -4.9799799799799800       -9.2581321625707241E-004 -0.22366024183926944     
  -4.9699699699699700       -9.0982440424289951E-004 -0.22451448691433668     
  -4.9599599599599600       -1.0472285557174086E-003 -0.22539264257230965     
  -4.9499499499499500       -1.5426536436628318E-003 -0.22623812672411556     
  -4.9399399399399400       -2.2044092677539272E-003 -0.22620724112811436     
  -4.9299299299299300       -2.0208295567178663E-003 -0.22636310814592175     
  -4.9199199199199199       -1.6881084508806111E-003 -0.22642608365440539     
  -4.9099099099099099       -1.2418765926061615E-003 -0.22722768454139283     
  -4.8998998998998999       -1.3932637025842881E-003 -0.22803765431795028     
  -4.8898898898898899       -1.4136599713298757E-003 -0.22821459040686837     
  -4.8798798798798799       -1.0413677968316383E-003 -0.22885565087342946     
  -4.8698698698698699       -9.7366947085044037E-004 -0.22954519985356087     
  -4.8598598598598599       -8.2916345996967406E-004 -0.23019903641561387     
  -4.8498498498498499       -7.5953283951927988E-004 -0.23093622108628170     
  -4.8398398398398399       -7.5821029894888523E-004 -0.23166637948051452     
  -4.8298298298298299       -8.3857718400831701E-004 -0.23237417065148455     
  -4.8198198198198199       -9.4915689454575566E-004 -0.23287882543326949     
  -4.8098098098098099       -7.9456913017273399E-004 -0.23344479955548669     
  -4.7997997997997999       -7.2132329316721734E-004 -0.23414615571518593     
  -4.7897897897897899       -6.9865097838032358E-004 -0.23484405815216108     
  -4.7797797797797799       -6.9281203099943924E-004 -0.23553565199074569     
  -4.7697697697697699       -6.9583152119949887E-004 -0.23622714561263997     
  -4.7597597597597598       -7.0839453581131187E-004 -0.23692433673010949     
  -4.7497497497497498       -7.4158143148198496E-004 -0.23763299388526410     
  -4.7397397397397398       -8.3989832222799272E-004 -0.23833820649921014     
  -4.7297297297297298       -9.6240765681519715E-004 -0.23885511944913079     
  -4.7197197197197198       -8.1902016562706095E-004 -0.23944212865784070     
  -4.7097097097097098       -7.5628178113430387E-004 -0.24017281972336746     
  -4.6996996996996998       -7.4746320289944212E-004 -0.24090970277962842     
  -4.6896896896896898       -7.6833698307613362E-004 -0.24165217315265314     
  -4.6796796796796798       -8.4499781275253075E-004 -0.24239834068724567     
  -4.6696696696696698       -9.9436644213432243E-004 -0.24300394036158332     
  -4.6596596596596598       -8.7874465759649547E-004 -0.24357682670899766     
  -4.6496496496496498       -8.0245721673311737E-004 -0.24433902453138864     
  -4.6396396396396398       -7.9105297247543773E-004 -0.24511831792244596     
  -4.6296296296296298       -8.0793257950163692E-004 -0.24590733671136392     
  -4.6196196196196198       -8.5678532824328291E-004 -0.24671941247919066     
  -4.6096096096096097       -9.8594707691885284E-004 -0.24756114814179447     
  -4.5995995995995997       -1.2865190628223008E-003 -0.24827270505866930     
  -4.5895895895895897       -1.3572327790333219E-003 -0.24884294953626943     
  -4.5795795795795797       -1.6630131769652333E-003 -0.24937738490881661     
  -4.5695695695695697       -1.3248057842400532E-003 -0.24966111268305471     
  -4.5595595595595597       -1.0261951862837410E-003 -0.25054451407701889     
  -4.5495495495495497       -9.4802374373513249E-004 -0.25147144677143923     
  -4.5395395395395397       -9.5329520727597367E-004 -0.25239331571343898     
  -4.5295295295295297       -1.0348658415924759E-003 -0.25333231520652078     
  -4.5195195195195197       -1.2664637258475867E-003 -0.25421504237945269     
  -4.5095095095095097       -1.3342210348334376E-003 -0.25492180692749578     
  -4.4994994994994997       -1.4438490720463722E-003 -0.25599166941984564     
  -4.4894894894894897       -2.1905447547946448E-003 -0.25705969170339760     
  -4.4794794794794797       -3.1111838397519238E-003 -0.25655684708006021     
  -4.4694694694694697       -1.9292050139652274E-003 -0.25667978891967547     
  -4.4594594594594597       -1.4316369616038940E-003 -0.25790379559410676     
  -4.4494494494494496       -1.3902322486592808E-003 -0.25916783521531594     
  -4.4394394394394396       -1.6863706323417503E-003 -0.26047902590616034     
  -4.4294294294294296       -2.7760961523434330E-003 -0.26162668027695374     
  -4.4194194194194196       -3.8115103145849360E-003 -0.26055843514360544     
  -4.4094094094094096       -2.1988255374882719E-003 -0.26065233406876404     
  -4.3993993993993996       -1.5466478004406720E-003 -0.26199615808789711     
  -4.3893893893893896       -1.4057171994098761E-003 -0.26332922189695540     
  -4.3793793793793796       -1.5258982471461130E-003 -0.26466551905583036     
  -4.3693693693693696       -2.0687190256071177E-003 -0.26603617730961626     
  -4.3593593593593596       -3.4542129303446255E-003 -0.26679941805737040     
  -4.3493493493493496       -3.6034738841360789E-003 -0.26557147860390906     
  -4.3393393393393396       -2.3029761457730238E-003 -0.26645258279133582     
  -4.3293293293293296       -2.3929001142664161E-003 -0.26785497589200019     
  -4.3193193193193196       -2.6942431271350332E-003 -0.26799042288927322     
  -4.3093093093093096       -1.8040481039305286E-003 -0.26878249387104769     
  -4.2992992992992995       -1.4982310692684157E-003 -0.27014912959765075     
  -4.2892892892892895       -1.5357225259347378E-003 -0.27153298788915564     
  -4.2792792792792795       -1.9478013281671871E-003 -0.27294875704892890     
  -4.2692692692692695       -3.0324888675813083E-003 -0.27379998857793519     
  -4.2592592592592595       -3.3513871548432181E-003 -0.27396425163614951     
  -4.2492492492492495       -3.4801679104868605E-003 -0.27397097279943455     
  -4.2392392392392395       -3.3989071782133157E-003 -0.27435350841027750     
  -4.2292292292292295       -2.4122675723685918E-003 -0.27439438388935972     
  -4.2192192192192195       -1.5910847411781861E-003 -0.27567947664208547     
  -4.2092092092092095       -1.3057312830311888E-003 -0.27698592873206429     
  -4.1991991991991995       -1.1906621854901984E-003 -0.27819111626428078     
  -4.1891891891891895       -1.1431029857999887E-003 -0.27933796664740435     
  -4.1791791791791795       -1.1395059135790924E-003 -0.28045900409005320     
  -4.1691691691691695       -1.2045565225379225E-003 -0.28156769807244281     
  -4.1591591591591595       -1.3939130887046423E-003 -0.28252479890930410     
  -4.1491491491491495       -1.2733466026899720E-003 -0.28332074377552607     
  -4.1391391391391394       -1.1338269007760374E-003 -0.28438766071446980     
  -4.1291291291291294       -1.0903380488599609E-003 -0.28547480753505039     
  -4.1191191191191194       -1.0767030609754940E-003 -0.28655179236481648     
  -4.1091091091091094       -1.0742223610110716E-003 -0.28762511343972225     
  -4.0990990990990994       -1.0773191118455313E-003 -0.28870012656916511     
  -4.0890890890890894       -1.0840910687740064E-003 -0.28978053395412701     
  -4.0790790790790794       -1.0940309571798798E-003 -0.29086933193019732     
  -4.0690690690690694       -1.1074912660138496E-003 -0.29196950370405650     
  -4.0590590590590594       -1.1258500122121433E-003 -0.29308468144307026     
  -4.0490490490490494       -1.1525135613726688E-003 -0.29422010968160001     
  -4.0390390390390394       -1.1962323724077947E-003 -0.29538436082792457     
  -4.0290290290290294       -1.2833595108616713E-003 -0.29659136839936923     
  -4.0190190190190194       -1.5100160089053908E-003 -0.29784057744544945     
  -4.0090090090090094       -2.0679503611861880E-003 -0.29877977393024130     
  -3.9989989989989989       -1.8526157339296271E-003 -0.29919664177216271     
  -3.9889889889889889       -1.4527252036190136E-003 -0.30040272365720649     
  -3.9789789789789789       -1.3381077680954679E-003 -0.30171743699839099     
  -3.9689689689689689       -1.3158549096604019E-003 -0.30302131705253765     
  -3.9589589589589589       -1.3327138987028711E-003 -0.30433331010897929     
  -3.9489489489489489       -1.3815100619172201E-003 -0.30567575330395097     
  -3.9389389389389389       -1.4822851154953883E-003 -0.30707348546826851     
  -3.9289289289289289       -1.7203667402694992E-003 -0.30854272648722719     
  -3.9189189189189189       -2.2845410612131185E-003 -0.30982118184358687     
  -3.9089089089089089       -2.3075050747588225E-003 -0.31073532603339893     
  -3.8988988988988988       -2.4869882339730183E-003 -0.31242206674910605     
  -3.8888888888888888       -3.5650294397213855E-003 -0.31358597373921293     
  -3.8788788788788788       -3.7003787943864219E-003 -0.31390006697560602     
  -3.8688688688688688       -3.0284982194089265E-003 -0.31496073400633090     
  -3.8588588588588588       -2.9608976833794378E-003 -0.31718902120039166     
  -3.8488488488488488       -4.2674687423598324E-003 -0.31973038954350452     
  -3.8388388388388388       -8.4834125826542314E-003 -0.32044090283957488     
  -3.8288288288288288       -7.9295508107887578E-003 -0.31520591813538401     
  -3.8188188188188188       -3.9688508515217996E-003 -0.31640181481123830     
  -3.8088088088088088       -2.7025917579924967E-003 -0.31886561345985215     
  -3.7987987987987988       -2.3577828459828915E-003 -0.32095377487294302     
  -3.7887887887887888       -2.1550504353131657E-003 -0.32285917234505174     
  -3.7787787787787788       -2.2346692151980190E-003 -0.32485641275338495     
  -3.7687687687687688       -2.8812513747818375E-003 -0.32682835040037478     
  -3.7587587587587588       -4.2463513069110450E-003 -0.32741224482218673     
  -3.7487487487487487       -3.1012852008812999E-003 -0.32759342463767627     
  -3.7387387387387387       -2.3217382183110895E-003 -0.32953879691924048     
  -3.7287287287287287       -2.1834356512212775E-003 -0.33160415176860575     
  -3.7187187187187187       -2.3764945236023401E-003 -0.33372514316682239     
  -3.7087087087087087       -3.1127011171347284E-003 -0.33600203974905685     
  -3.6986986986986987       -5.3931231893661570E-003 -0.33769573480528298     
  -3.6886886886886887       -6.1696064138469908E-003 -0.33567260064798443     
  -3.6786786786786787       -4.1526113947007335E-003 -0.33694984581390985     
  -3.6686686686686687       -4.5885941625981100E-003 -0.33862091879526540     
  -3.6586586586586587       -3.6746064693827687E-003 -0.33884425749239538     
  -3.6486486486486487       -2.5599430059624925E-003 -0.34086067334360420     
  -3.6386386386386387       -2.2175102863292639E-003 -0.34302975101754474     
  -3.6286286286286287       -2.1586390886113357E-003 -0.34513041626506491     
  -3.6186186186186187       -2.2961556572949223E-003 -0.34725353826393590     
  -3.6086086086086087       -2.8047115707160123E-003 -0.34946466358287093     
  -3.5985985985985987       -4.1649605713816890E-003 -0.35118480171231659     
  -3.5885885885885886       -4.8992275062263620E-003 -0.35148040451525908     
  -3.5785785785785786       -4.5680827386117605E-003 -0.35256817868262103     
  -3.5685685685685686       -4.8836292119385271E-003 -0.35290005778934325     
  -3.5585585585585586       -3.4264575944322794E-003 -0.35410590992936930     
  -3.5485485485485486       -2.8329894706367368E-003 -0.35592548365610049     
  -3.5385385385385386       -2.2895378449436280E-003 -0.35792543787639336     
  -3.5285285285285286       -2.0698817690227352E-003 -0.35999100039508258     
  -3.5185185185185186       -1.9812999623600668E-003 -0.36198435986779293     
  -3.5085085085085086       -1.9427708130261383E-003 -0.36393415253441741     
  -3.4984984984984986       -1.9279029760553570E-003 -0.36586415893014312     
  -3.4884884884884886       -1.9261686367663818E-003 -0.36778883586460148     
  -3.4784784784784786       -1.9326623271175298E-003 -0.36971735676794409     
  -3.4684684684684686       -1.9448588959868089E-003 -0.37165600725627534     
  -3.4584584584584586       -1.9613909280851551E-003 -0.37360945717045801     
  -3.4484484484484486       -1.9815287625723232E-003 -0.37558147287574767     
  -3.4384384384384385       -2.0049476265436030E-003 -0.37757535687796351     
  -3.4284284284284285       -2.0316351071061000E-003 -0.37959426132495505     
  -3.4184184184184185       -2.0618912066725434E-003 -0.38164146306819163     
  -3.4084084084084085       -2.0964282046204573E-003 -0.38372067347250516     
  -3.3983983983983985       -2.1366453647159471E-003 -0.38583647788455316     
  -3.3883883883883881       -2.1853178575718395E-003 -0.38799507385985088     
  -3.3783783783783781       -2.2484824301037543E-003 -0.39020563898696065     
  -3.3683683683683681       -2.3414996462312880E-003 -0.39248272861096095     
  -3.3583583583583581       -2.5127380110915422E-003 -0.39484567750791211     
  -3.3483483483483480       -2.9251300911586659E-003 -0.39723017210841854     
  -3.3383383383383380       -3.3981626191372746E-003 -0.39911552305816755     
  -3.3283283283283280       -3.2071780997936540E-003 -0.40106888785777561     
  -3.3183183183183180       -3.1423964896650802E-003 -0.40364287131933835     
  -3.3083083083083080       -3.3419618424015631E-003 -0.40597746269019525     
  -3.2982982982982980       -3.1811116623217000E-003 -0.40863825595239112     
  -3.2882882882882880       -3.3530036695725899E-003 -0.41171823465034640     
  -3.2782782782782780       -3.9455073708135526E-003 -0.41508534676088565     
  -3.2682682682682680       -5.4044081959831484E-003 -0.41861319324042784     
  -3.2582582582582580       -7.8278999056489145E-003 -0.42205116976782586     
  -3.2482482482482480       -1.4412047801798314E-002 -0.42301230168802806     
  -3.2382382382382380       -1.2991549133899886E-002 -0.41584863231597741     
  -3.2282282282282280       -7.3175137928048603E-003 -0.41801018013114088     
  -3.2182182182182180       -5.2794391626736362E-003 -0.42258144596477698     
  -3.2082082082082080       -5.1317432050188320E-003 -0.42708387358965394     
  -3.1981981981981980       -6.8048520104969255E-003 -0.43135566445729484     
  -3.1881881881881879       -1.0698038586372992E-002 -0.43162041487950026     
  -3.1781781781781779       -7.3424002232255299E-003 -0.43034995607537357     
  -3.1681681681681679       -4.8318343639680130E-003 -0.43417994374905999     
  -3.1581581581581579       -4.0545328635277662E-003 -0.43817700289180600     
  -3.1481481481481479       -3.8226451080639744E-003 -0.44197188577829738     
  -3.1381381381381379       -3.8381450059873962E-003 -0.44571573454376312     
  -3.1281281281281279       -4.0801278845692826E-003 -0.44955058995008601     
  -3.1181181181181179       -4.7729149591216472E-003 -0.45358172037076372     
  -3.1081081081081079       -6.5021978539253093E-003 -0.45719016275165231     
  -3.0980980980980979       -7.2419957547893623E-003 -0.45992676638637986     
  -3.0880880880880879       -9.8994360097655436E-003 -0.46445042979304108     
  -3.0780780780780779       -1.5343086826593010E-002 -0.46209923721018648     
  -3.0680680680680679       -9.6179562811739821E-003 -0.46028877243596772     
  -3.0580580580580579       -6.9227048333110773E-003 -0.46497281553771952     
  -3.0480480480480479       -6.0732388844928816E-003 -0.46843007456260749     
  -3.0380380380380378       -4.8129940475232806E-003 -0.47250239331715466     
  -3.0280280280280278       -4.3297844166949153E-003 -0.47680256098841250     
  -3.0180180180180178       -4.1585098332968667E-003 -0.48096830231960913     
  -3.0080080080080078       -4.1120143369917910E-003 -0.48507008959686426     
  -2.9979979979979978       -4.1353656583133416E-003 -0.48917194926133645     
  -2.9879879879879878       -4.2214572360452654E-003 -0.49332027385253158     
  -2.9779779779779778       -4.4081085693411064E-003 -0.49752865598992102     
  -2.9679679679679678       -4.6218343424224125E-003 -0.50173309183131953     
  -2.9579579579579578       -4.9048423510469020E-003 -0.50624108547300350     
  -2.9479479479479478       -5.7970954626387775E-003 -0.51101423026823645     
  -2.9379379379379378       -8.1785930244162204E-003 -0.51480265476811415     
  -2.9279279279279278       -8.0617248350056108E-003 -0.51570783267891374     
  -2.9179179179179178       -6.0113587954961096E-003 -0.51983021809140062     
  -2.9079079079079078       -5.3007894803000334E-003 -0.52484287207408298     
  -2.8978978978978978       -5.0719206689278998E-003 -0.52986602183640563     
  -2.8878878878878878       -5.0345214547700074E-003 -0.53487266970233993     
  -2.8778778778778777       -5.0736445124007273E-003 -0.53990970115889247     
  -2.8678678678678677       -5.1505776726475929E-003 -0.54501490778911621     
  -2.8578578578578577       -5.2502723575849385E-003 -0.55021268061769457     
  -2.8478478478478477       -5.3660862657517513E-003 -0.55552022050512395     
  -2.8378378378378377       -5.4948974781791719E-003 -0.56095108939563243     
  -2.8278278278278277       -5.6352871526577997E-003 -0.56651705122279450     
  -2.8178178178178177       -5.7868449769120835E-003 -0.57222900673774935     
  -2.8078078078078077       -5.9494128655903219E-003 -0.57809706708460773     
  -2.7977977977977977       -6.1222866866806856E-003 -0.58413307185084717     
  -2.7877877877877877       -6.3073073326044057E-003 -0.59034876986864582     
  -2.7777777777777777       -6.5052665581277090E-003 -0.59675588264683765     
  -2.7677677677677677       -6.7172088302939938E-003 -0.60336763070765309     
  -2.7577577577577577       -6.9445946630522504E-003 -0.61019856459513999     
  -2.7477477477477477       -7.1893444623906521E-003 -0.61726487009489117     
  -2.7377377377377377       -7.4540362739724999E-003 -0.62458474026532507     
  -2.7277277277277276       -7.7417156323187431E-003 -0.63217889518109593     
  -2.7177177177177176       -8.0571420255401479E-003 -0.64007280018223933     
  -2.7077077077077076       -8.4085049946059868E-003 -0.64829640532656740     
  -2.6976976976976976       -8.8098541685742993E-003 -0.65688805355111690     
  -2.6876876876876876       -9.2929087266352423E-003 -0.66589929857355656     
  -2.6776776776776776       -9.9508149229197065E-003 -0.67539283448924758     
  -2.6676676676676676       -1.1082096249496794E-002 -0.68526092855768250     
  -2.6576576576576576       -1.2120654355123486E-002 -0.69457892204921257     
  -2.6476476476476476       -1.2138786839082805E-002 -0.70526758702922199     
  -2.6376376376376376       -1.3006069568899978E-002 -0.71732017047337471     
  -2.6276276276276276       -1.5062716188622026E-002 -0.73001090226417575     
  -2.6176176176176176       -1.7089229514490645E-002 -0.74210795429765830     
  -2.6076076076076076       -1.8814532964679675E-002 -0.75740663669209884     
  -2.5975975975975976       -2.4922408253804717E-002 -0.77584577009657996     
  -2.5875875875875876       -4.3425795060822267E-002 -0.79349973152736730     
  -2.5775775775775776       -6.5029674541306343E-002 -0.77568764050757022     
  -2.5675675675675675       -3.8062450174692716E-002 -0.77252003036166073     
  -2.5575575575575575       -2.6035746556134283E-002 -0.79451437208783215     
  -2.5475475475475475       -2.2817301065807493E-002 -0.81675317217093579     
  -2.5375375375375375       -2.2394717355859895E-002 -0.83862266226759086     
  -2.5275275275275275       -2.3208516468625311E-002 -0.86104255026546384     
  -2.5175175175175175       -2.4858598298828600E-002 -0.88476036764265864     
  -2.5075075075075075       -2.7379147754924969E-002 -0.91047805577448704     
  -2.4974974974974975       -3.1188917183179909E-002 -0.93905290606875136     
  -2.4874874874874875       -3.7539477564047172E-002 -0.97174459271239844     
  -2.4774774774774775       -5.0507301563608727E-002  -1.0102409528280147     
  -2.4674674674674675       -8.4934402349373772E-002  -1.0500023108906498     
  -2.4574574574574575      -0.13032797571201721       -1.0305317721601097     
  -2.4474474474474475       -8.5749563720665625E-002  -1.0319352939719582     
  -2.4374374374374375       -6.7038492057563362E-002  -1.0875223072151883     
  -2.4274274274274275       -6.7610066276193273E-002  -1.1493864100137865     
  -2.4174174174174174       -7.7450898060416759E-002  -1.2179501527815997     
  -2.4074074074074074       -9.7638231771647224E-002  -1.2966802837036351     
  -2.3973973973973974      -0.12867679317602268       -1.3877594317364916     
  -2.3873873873873874      -0.18269290008502731       -1.5096272048826043     
  -2.3773773773773774      -0.31699955979833128       -1.6463480193255429     
  -2.3673673673673674      -0.51760413553886886       -1.7004892677320116     
  -2.3573573573573574      -0.69552496605251246       -1.6840340838343937     
  -2.3473473473473474      -0.84467291225439911       -1.6397464843391503     
  -2.3373373373373374      -0.97363149188163745       -1.5817344027307265     
  -2.3273273273273274       -1.0881515408191564       -1.5147131232758884     
  -2.3173173173173174       -1.1916835883824060       -1.4404276412224271     
  -2.3073073073073074       -1.2863373372777913       -1.3594467824237242     
  -2.2972972972972974       -1.3733858744546825       -1.2717557666941435     
  -2.2872872872872874       -1.4535140525609123       -1.1770552275491186     
  -2.2772772772772774       -1.5271839758539516       -1.0747379799214962     
  -2.2672672672672673       -1.5942130159888488      -0.96377154814697885     
  -2.2572572572572573       -1.6540290111857494      -0.84308244116729569     
  -2.2472472472472473       -1.7055924912575533      -0.71125898702513057     
  -2.2372372372372373       -1.7471674143775699      -0.56658343117251952     
  -2.2272272272272273       -1.7760359319326717      -0.40699212919285221     
  -2.2172172172172173       -1.7879818713400240      -0.23009130145996351     
  -2.2072072072072073       -1.7764043419934754       -3.3306868648377112E-002
  -2.1971971971971973       -1.7307192715138870       0.18555512683681061     
  -2.1871871871871873       -1.6333666899858350       0.42646039925376711     
  -2.1771771771771773       -1.4542249642037077       0.68083166620441216     
  -2.1671671671671673       -1.1440522298102931       0.90739077780388222     
  -2.1571571571571573      -0.68921364250558981       0.95588723210661908     
  -2.1471471471471473      -0.35344845424691479       0.73947610927673990     
  -2.1371371371371373      -0.21522175219532824       0.51924855987799334     
  -2.1271271271271273      -0.15115651586612497       0.35523539997142806     
  -2.1171171171171173      -0.11549062881743229       0.22982297336839608     
  -2.1071071071071072       -9.3168303316374435E-002  0.12945539061721609     
  -2.0970970970970972       -7.8106117694770424E-002   4.6063506270632000E-002
  -2.0870870870870872       -6.7416140125592813E-002  -2.5311959324459680E-002
  -2.0770770770770772       -5.9561366398257626E-002  -8.7890157954205544E-002
  -2.0670670670670672       -5.3652967263091669E-002 -0.14386804174158499     
  -2.0570570570570572       -4.9143205572663044E-002 -0.19481310712381997     
  -2.0470470470470472       -4.5680858356529394E-002 -0.24188705549712167     
  -2.0370370370370372       -4.3033192864270500E-002 -0.28598315045810691     
  -2.0270270270270272       -4.1048411519125028E-002 -0.32780825049914708     
  -2.0170170170170172       -3.9622829942879551E-002 -0.36791249633000628     
  -2.0070070070070072       -3.8575288732016759E-002 -0.40696406606544894     
  -1.9969969969969972       -3.8267937839085886E-002 -0.44514554385834487     
  -1.9869869869869872       -3.8471048859484373E-002 -0.48304617934469435     
  -1.9769769769769772       -3.9938000340442460E-002 -0.52041206163938780     
  -1.9669669669669672       -4.0364082141703735E-002 -0.55618075478805273     
  -1.9569569569569571       -3.9998937931822201E-002 -0.59465573790550619     
  -1.9469469469469471       -4.0939400996873314E-002 -0.63468507983847922     
  -1.9369369369369371       -4.2715274135776436E-002 -0.67622164842008425     
  -1.9269269269269271       -4.5323286543765488E-002 -0.71988583109501769     
  -1.9169169169169171       -4.9096168606088009E-002 -0.76650121956453343     
  -1.9069069069069071       -5.4996503825059065E-002 -0.81718691352670680     
  -1.8968968968968971       -6.6223353366027041E-002 -0.87294539467180088     
  -1.8868868868868871       -9.0743318789305416E-002 -0.92502182103961916     
  -1.8768768768768771       -9.4229722364536347E-002 -0.95998435208930144     
  -1.8668668668668671       -8.8736695991689526E-002  -1.0313944945099967     
  -1.8568568568568571       -9.9002828522002498E-002  -1.1193355671798275     
  -1.8468468468468471      -0.12183863685247408       -1.2233974958787079     
  -1.8368368368368371      -0.16605964358930986       -1.3525462273043984     
  -1.8268268268268271      -0.26575725012128931       -1.5122278426389790     
  -1.8168168168168171      -0.46970834411810541       -1.6339101482754730     
  -1.8068068068068071      -0.68626079010914354       -1.6457864788026728     
  -1.7967967967967970      -0.86121211749846482       -1.6068550150283381     
  -1.7867867867867866       -1.0033371218358642       -1.5501783064444130     
  -1.7767767767767766       -1.1244329514916755       -1.4852002387319887     
  -1.7667667667667666       -1.2290139772628645       -1.4146540135493773     
  -1.7567567567567566       -1.3205748806077984       -1.3407721140958253     
  -1.7467467467467466       -1.4016529381181317       -1.2644585488493127     
  -1.7367367367367366       -1.4739444062448421       -1.1861745669643187     
  -1.7267267267267266       -1.5388970437293947       -1.1060883032102715     
  -1.7167167167167166       -1.5973012563763029       -1.0239954229945825     
  -1.7067067067067065       -1.6497316160967321      -0.93985802849646294     
  -1.6966966966966965       -1.6966356568249414      -0.85351018381931343     
  -1.6866866866866865       -1.7382901831420687      -0.76471076883681910     
  -1.6766766766766765       -1.7748235095279856      -0.67316187205511890     
  -1.6666666666666665       -1.8062234007363909      -0.57851053147938802     
  -1.6566566566566565       -1.8323323702948107      -0.48034582116564462     
  -1.6466466466466465       -1.8528304378414797      -0.37819381483929854     
  -1.6366366366366365       -1.8672051340667544      -0.27151668297754006     
  -1.6266266266266265       -1.8747247454008160      -0.15969365292042478     
  -1.6166166166166165       -1.8743164044559442       -4.2003930408920941E-002
  -1.6066066066066065       -1.8644893866763799        8.2331120704941113E-002
  -1.5965965965965965       -1.8431620567208140       0.21416611776611483     
  -1.5865865865865865       -1.8073809014413211       0.35437443091275500     
  -1.5765765765765765       -1.7528759773113196       0.50371061910633030     
  -1.5665665665665665       -1.6733026676198182       0.66246281708786903     
  -1.5565565565565564       -1.5588894555273516       0.82953951113051971     
  -1.5465465465465464       -1.3939494826683212       0.99984776716837731     
  -1.5365365365365364       -1.1528256324320996        1.1555695382061673     
  -1.5265265265265264      -0.80497525422213911        1.2334085238409653     
  -1.5165165165165164      -0.43910939567504725        1.0982428218660558     
  -1.5065065065065064      -0.25600027108051582       0.86301657923014463     
  -1.4964964964964964      -0.17764817259274931       0.67387360770869931     
  -1.4864864864864864      -0.13679181306393498       0.52675065083896633     
  -1.4764764764764764      -0.11225520368304785       0.40696297984071511     
  -1.4664664664664664       -9.6222970701891689E-002  0.30531958052118774     
  -1.4564564564564564       -8.5216260643428535E-002  0.21618245563478705     
  -1.4464464464464464       -7.7468853964785880E-002  0.13588598491828352     
  -1.4364364364364364       -7.2000954249739846E-002   6.1891829787250871E-002
  -1.4264264264264264       -6.8238472832533745E-002  -7.6678451513211704E-003
  -1.4164164164164164       -6.5838449888692613E-002  -7.4252905956363635E-002
  -1.4064064064064064       -6.4603306410148165E-002 -0.13907805961893432     
  -1.3963963963963963       -6.4438401872768045E-002 -0.20322367736604338     
  -1.3863863863863863       -6.5334424996311882E-002 -0.26772027102018225     
  -1.3763763763763763       -6.7361206706440857E-002 -0.33362098632035780     
  -1.3663663663663663       -7.0682477059629559E-002 -0.40210457251702980     
  -1.3563563563563563       -7.5614862221278181E-002 -0.47455492645913133     
  -1.3463463463463463       -8.2682235203337631E-002 -0.55272605715030088     
  -1.3363363363363363       -9.2798457583315883E-002 -0.63898644830997331     
  -1.3263263263263263      -0.10763774874984365      -0.73675077274906164     
  -1.3163163163163163      -0.13058768715879343      -0.85127449235474206     
  -1.3063063063063063      -0.16956509074011181      -0.99103016684933143     
  -1.2962962962962963      -0.24655193981110643       -1.1683552783976072     
  -1.2862862862862863      -0.42815768046914060       -1.3730579501845601     
  -1.2762762762762763      -0.73252434816516876       -1.4616132056055591     
  -1.2662662662662663      -0.99845169193697059       -1.4138540853746038     
  -1.2562562562562563       -1.1984332157836914       -1.3190398975422672     
  -1.2462462462462462       -1.3517681288497727       -1.2097975346814425     
  -1.2362362362362362       -1.4723841692780033       -1.0965853764500739     
  -1.2262262262262262       -1.5689382924699891      -0.98325266310189974     
  -1.2162162162162162       -1.6469049483444269      -0.87131854037974665     
  -1.2062062062062062       -1.7100773653980179      -0.76184542389311349     
  -1.1961961961961962       -1.7619247123983770      -0.65443906636549365     
  -1.1861861861861862       -1.8036162409672996      -0.54870351787963845     
  -1.1761761761761762       -1.8365318635414081      -0.44473835623107477     
  -1.1661661661661662       -1.8617534100888065      -0.34233907200065650     
  -1.1561561561561562       -1.8800481038905259      -0.24125241282756493     
  -1.1461461461461462       -1.8919582516938382      -0.14122112370570897     
  -1.1361361361361362       -1.8978511529035758       -4.1993619883181003E-002
  -1.1261261261261262       -1.8979485295215617        5.6672543719889432E-002
  -1.1161161161161162       -1.8923430532430585       0.15500809327257040     
  -1.1061061061061062       -1.8810132406585214       0.25322471932128338     
  -1.0960960960960962       -1.8638299657279667       0.35154373873925104     
  -1.0860860860860861       -1.8405106886125555       0.45016061262455870     
  -1.0760760760760761       -1.8106546372780603       0.54924426152844108     
  -1.0660660660660661       -1.7736995031481804       0.64894609163945127     
  -1.0560560560560561       -1.7288836587910503       0.74938222762253293     
  -1.0460460460460461       -1.6751907286802150       0.85061306491703259     
  -1.0360360360360361       -1.6112632796625748       0.95260736708704308     
  -1.0260260260260261       -1.5352669937181860        1.0551756319998253     
  -1.0160160160160161       -1.4446693191552258        1.1578397725244900     
  -1.0060060060060061       -1.3358614336827628        1.2595584380676486     
 -0.99599599599599564       -1.2034783094889197        1.3580845857268857     
 -0.98598598598598564       -1.0391406083404804        1.4482307538455550     
 -0.97597597597597563      -0.82955744381357932        1.5162024082115764     
 -0.96596596596596562      -0.56247461103127516        1.5186284950891147     
 -0.95595595595595562      -0.31186106329575219        1.3793440106469326     
 -0.94594594594594561      -0.19116317904821806        1.1948725551249939     
 -0.93593593593593560      -0.13698167317731222        1.0482635745288529     
 -0.92592592592592560      -0.10725868999760245       0.93282072637676849     
 -0.91591591591591559       -8.8577117879958145E-002  0.83813921509316458     
 -0.90590590590590558       -7.5809200415973027E-002  0.75775957215757617     
 -0.89589589589589558       -6.6599087118420719E-002  0.68767467819493022     
 -0.88588588588588557       -5.9714203292623239E-002  0.62525856249240852     
 -0.87587587587587556       -5.4447703848989448E-002  0.56869470147410528     
 -0.86586586586586556       -5.0366680852384098E-002  0.51666521768570417     
 -0.85585585585585555       -4.7193399899152111E-002  0.46817256640769589     
 -0.84584584584584555       -4.4744314647286322E-002  0.42243132650097381     
 -0.83583583583583554       -4.2896710993429760E-002  0.37879886948842462     
 -0.82582582582582553       -4.1569675956954308E-002  0.33672842985118706     
 -0.81581581581581553       -4.0713073148597137E-002  0.29573535754027019     
 -0.80580580580580552       -4.0301379297351711E-002  0.25537103935876143     
 -0.79579579579579551       -4.0330813606402421E-002  0.21520089360494560     
 -0.78578578578578551       -4.0819075882645099E-002  0.17478378062734390     
 -0.77577577577577550       -4.1807615269334283E-002  0.13365049146234298     
 -0.76576576576576549       -4.3366918126244228E-002   9.1278797667926653E-002
 -0.75575575575575549       -4.5606042655366663E-002   4.7061814001126183E-002
 -0.74574574574574548       -4.8688844577634886E-002   2.6488990266130186E-004
 -0.73573573573573547       -5.2861628221280953E-002  -5.0036673409829112E-002
 -0.72572572572572547       -5.8501666315637683E-002 -0.10505231963149288     
 -0.71571571571571546       -6.6206509411131903E-002 -0.16642740036015780     
 -0.70570570570570545       -7.6969432541524857E-002 -0.23649683221641443     
 -0.69569569569569545       -9.2554619317070513E-002 -0.31873299408474542     
 -0.68568568568568544      -0.11638242071236116      -0.41857494293548497     
 -0.67567567567567544      -0.15598198457300819      -0.54505171174583245     
 -0.66566566566566543      -0.23124507396300922      -0.71308765703970689     
 -0.65565565565565542      -0.40534505872195303      -0.93376750095904837     
 -0.64564564564564542      -0.78952270473533925       -1.0793218212745521     
 -0.63563563563563541       -1.1923450075864614      -0.96085037392349126     
 -0.62562562562562540       -1.4584804714523418      -0.72591643065627665     
 -0.61561561561561540       -1.6190611680302782      -0.46807776393250999     
 -0.60560560560560539       -1.7073239222798444      -0.21376822394554376     
 -0.59559559559559538       -1.7432895310627015        2.9497620494778463E-002
 -0.58558558558558538       -1.7387083600244451       0.25991321786028582     
 -0.57557557557557537       -1.7003363783012384       0.47746160856855657     
 -0.56556556556556536       -1.6315919548630768       0.68257746626270288     
 -0.55555555555555536       -1.5331911899610999       0.87533768881962137     
 -0.54554554554554535       -1.4033295032340412        1.0548292720105132     
 -0.53553553553553535       -1.2369885089788137        1.2179267216317455     
 -0.52552552552552534       -1.0243805036161484        1.3557328122762926     
 -0.51551551551551533      -0.75053461157430168        1.4408073625028082     
 -0.50550550550550533      -0.43528751152570472        1.3936960574720159     
 -0.49549549549549532      -0.23467316089444065        1.2153858090642817     
 -0.48548548548548531      -0.15012170006934628        1.0576199789964980     
 -0.47547547547547531      -0.10827992733669244       0.93966506796785554     
 -0.46546546546546530       -8.3749194714292791E-002  0.84857218139099833     
 -0.45545545545545529       -6.7747403042397694E-002  0.77539395715037152     
 -0.44544544544544529       -5.6551141567116117E-002  0.71474569243033270     
 -0.43543543543543528       -4.8321889118350982E-002  0.66325531384112635     
 -0.42542542542542527       -4.2048542533520986E-002  0.61870019250580532     
 -0.41541541541541527       -3.7129456013591397E-002  0.57954850366329413     
 -0.40540540540540526       -3.3184561472725999E-002  0.54470486030331500     
 -0.39539539539539525       -2.9962240600478505E-002  0.51336175526843253     
 -0.38538538538538525       -2.7289507810450746E-002  0.48490859573623774     
 -0.37537537537537524       -2.5043687895974182E-002  0.45887367192538925     
 -0.36536536536536524       -2.3135492790440904E-002  0.43488581191318837     
 -0.35535535535535523       -2.1498482419395976E-002  0.41264826773461671     
 -0.34534534534534522       -2.0082267892200877E-002  0.39192046086348126     
 -0.33533533533533522       -1.8847995065263471E-002  0.37250492805104207     
 -0.32532532532532521       -1.7765264661309448E-002  0.35423779760820734     
 -0.31531531531531520       -1.6809983923514703E-002  0.33698171731218152     
 -0.30530530530530520       -1.5962837846269406E-002  0.32062051928755997     
 -0.29529529529529519       -1.5208181854379695E-002  0.30505513774788112     
 -0.28528528528528518       -1.4533226964157498E-002  0.29020044500967440     
 -0.27527527527527518       -1.3927431619719906E-002  0.27598277030944440     
 -0.26526526526526517       -1.3382041984688972E-002  0.26233793295874641     
 -0.25525525525525516       -1.2889740489078939E-002  0.24920966747455059     
 -0.24524524524524516       -1.2444374437937113E-002  0.23654835054876053     
 -0.23523523523523515       -1.2040744639179117E-002  0.22430996256589442     
 -0.22522522522522515       -1.1674439642886298E-002  0.21245523276803061     
 -0.21521521521521514       -1.1341705154893026E-002  0.20094892903458444     
 -0.20520520520520513       -1.1039341049303821E-002  0.18975926188281314     
 -0.19519519519519513       -1.0764620532444931E-002  0.17885737856673811     
 -0.18518518518518512       -1.0515227671965315E-002  0.16821692762493157     
 -0.17517517517517511       -1.0289210910171171E-002  0.15781367724848544     
 -0.16516516516516511       -1.0084951527603251E-002  0.14762517257067034     
 -0.15515515515515510       -9.9011475441412936E-003  0.13763041738962484     
 -0.14514514514514509       -9.7368155830754345E-003  0.12780956464898025     
 -0.13513513513513509       -9.5913163687362888E-003  0.11814359655814517     
 -0.12512512512512508       -9.4644149033657199E-003  0.10861396819344210     
 -0.11511511511511507       -9.3563962631228476E-003   9.9202175141248086E-002
 -0.10510510510510507       -9.2682773154310304E-003   8.9889180949314640E-002
  -9.5095095095095061E-002  -9.2021948447206063E-003   8.0654592980692760E-002
  -8.5085085085085055E-002  -9.1621394044244069E-003   7.1475382460362905E-002
  -7.5075075075075048E-002  -9.1554152583454909E-003   6.2323754158383642E-002
  -6.5065065065065042E-002  -9.1957528646495982E-003   5.3163363214356545E-002
  -5.5055055055055035E-002  -9.3105674758221339E-003   4.3942172507983671E-002
  -4.5045045045045029E-002  -9.5599665365886221E-003   3.4578287411928928E-002
  -3.5035035035035023E-002  -1.0094598718826396E-002   2.4932297463663312E-002
  -2.5025025025025016E-002  -1.1367970257746385E-002   1.4777903372053366E-002
  -1.5015015015015010E-002  -1.5010352138432912E-002   4.2151912549559592E-003
  -5.0050050050050032E-003  -2.3078099035365771E-002  -1.0825978028150621E-003
   5.0050050050050032E-003  -2.3091926509207116E-002   1.0683820285678327E-003
   1.5015015015015010E-002  -1.5020684552792414E-002  -4.2096437614501554E-003
   2.5025025025025016E-002  -1.1371436547806689E-002  -1.4771984582716731E-002
   3.5035035035035023E-002  -1.0096047333388456E-002  -2.4927586995542463E-002
   4.5045045045045029E-002  -9.5607202406055320E-003  -3.4574365408810488E-002
   5.5055055055055035E-002  -9.3110352561654609E-003  -4.3938757062070496E-002
   6.5065065065065042E-002  -9.1960893245159395E-003  -5.3160307640238068E-002
   7.5075075075075048E-002  -9.1556888532395922E-003  -6.2320983848526364E-002
   8.5085085085085055E-002  -9.1623844776019970E-003  -7.1472861137573770E-002
   9.5095095095095061E-002  -9.2024305624066015E-003  -8.0652306080725392E-002
  0.10510510510510507       -9.2685154942926205E-003  -8.9887127213596721E-002
  0.11511511511511507       -9.3566449536850900E-003  -9.9200362204028725E-002
  0.12512512512512508       -9.4646801771043620E-003 -0.10861241021304897     
  0.13513513513513509       -9.5916032808058861E-003 -0.11814231295779284     
  0.14514514514514509       -9.7371287322831884E-003 -0.12780857949969779     
  0.15515515515515510       -9.9014914273209392E-003 -0.13762975919284243     
  0.16516516516516511       -1.0085330787023807E-002 -0.14762487431206256     
  0.17517517517517511       -1.0289630526733335E-002 -0.15781377665575869     
  0.18518518518518512       -1.0515693134606666E-002 -0.16821746759710476     
  0.19519519519519513       -1.0765138003067784E-002 -0.17885840776403472     
  0.20520520520520513       -1.1039917537140108E-002 -0.18976083548115560     
  0.21521521521521514       -1.1342348711970405E-002 -0.20095110966047525     
  0.22522522522522515       -1.1675159591962879E-002 -0.21245809164043403     
  0.23523523523523515       -1.2041551846654621E-002 -0.22431358088313985     
  0.24524524524524516       -1.2445281646694596E-002 -0.23655282117166809     
  0.25525525525525516       -1.2890762730084864E-002 -0.24921509697322863     
  0.26526526526526517       -1.3383197091843015E-002 -0.26234444411133306     
  0.27527527527527518       -1.3928740880524088E-002 -0.27599050516843809     
  0.28528528528528518       -1.4534715950257869E-002 -0.29020956868812686     
  0.29529529529529519       -1.5209881492461217E-002 -0.30506584312756729     
  0.30530530530530520       -1.5964785813536293E-002 -0.32063303291988904     
  0.31531531531531520       -1.6812226486804391E-002 -0.33699630687867438     
  0.32532532532532521       -1.7767859130743337E-002 -0.35425478144357014     
  0.33533533533533522       -1.8851013111960337E-002 -0.37252468742818690     
  0.34534534534534522       -2.0085800101188774E-002 -0.39194345602753156     
  0.35535535535535523       -2.1502644641182272E-002 -0.41267505910245489     
  0.36536536536536524       -2.3140435166477669E-002 -0.43491708850954847     
  0.37537537537537524       -2.5049607952947289E-002 -0.45891029014665435     
  0.38538538538538525       -2.7296669912222685E-002 -0.48495163316377254     
  0.39539539539539525       -2.9971005640091919E-002 -0.51341258693491432     
  0.40540540540540526       -3.3195433646981222E-002 -0.54476526936769032     
  0.41541541541541527       -3.7143159289731713E-002 -0.57962084645950951     
  0.42542542542542527       -4.2066151300057135E-002 -0.61878765260185686     
  0.43543543543543528       -4.8345063680912209E-002 -0.66336230784827577     
  0.44544544544544529       -5.6582581608858866E-002 -0.71487854676853169     
  0.45545545545545529       -6.7791796722045133E-002 -0.77556209361308293     
  0.46546546546546530       -8.3815431525662523E-002 -0.84879030278799195     
  0.47547547547547531      -0.10838704952185782      -0.93995730234455410     
  0.48548548548548531      -0.15031819248367922       -1.0580265159260982     
  0.49549549549549532      -0.23511083175552411       -1.2159483016522039     
  0.50550550550550533      -0.43629126167409754       -1.3941262717976182     
  0.51551551551551533      -0.75163592124616463       -1.4406137837189164     
  0.52552552552552534       -1.0252695322465892       -1.3552376085673656     
  0.53553553553553535       -1.2377043071187648       -1.2172848449947005     
  0.54554554554554535       -1.4039086009529820       -1.0540862357030754     
  0.55555555555555536       -1.5336503314529593      -0.87450730934388454     
  0.56556556556556536       -1.6319339450212442      -0.68166219420124641     
  0.57557557557557537       -1.7005528871470119      -0.47645911355881598     
  0.58558558558558538       -1.7387796326760157      -0.25881884699795504     
  0.59559559559559538       -1.7431807829931310       -2.8307728144542861E-002
  0.60560560560560539       -1.7069788851431227       0.21505170347565089     
  0.61561561561561540       -1.6183882909053884       0.46943511464137583     
  0.62562562562562540       -1.4573279410190054       0.72727290487753560     
  0.63563563563563541       -1.1904777416194374       0.96194041362792704     
  0.64564564564564542      -0.78698253114562366        1.0792584511241416     
  0.65565565565565542      -0.40383394037203463       0.93243764341106339     
  0.66566566566566543      -0.23063713836886615       0.71197042480267281     
  0.67567567567567544      -0.15568297794348590       0.54422642747947580     
  0.68568568568568544      -0.11620884109244242       0.41794060679393180     
  0.69569569569569545       -9.2442555870007589E-002  0.31822426811009558     
  0.70570570570570545       -7.6891846228387919E-002  0.23607510142363028     
  0.71571571571571546       -6.6150035122288203E-002  0.16606867578466003     
  0.72572572572572547       -5.8459011787663974E-002  0.10474088727153028     
  0.73573573573573547       -5.2828492433069633E-002   4.9761762130894241E-002
  0.74574574574574548       -4.8662534867766179E-002  -5.1095413021190245E-004
  0.75575575575575549       -4.5584792879980227E-002  -4.7284680013096679E-002
  0.76576576576576549       -4.3349526227607141E-002  -9.1482741815337845E-002
  0.77577577577577550       -4.1793238746520973E-002 -0.13383883220323142     
  0.78578578578578551       -4.0807110673740259E-002 -0.17495915192059072     
  0.79579579579579551       -4.0320819559945334E-002 -0.21536543146084139     
  0.80580580580580552       -4.0293032982318969E-002 -0.25552651339193239     
  0.81581581581581553       -4.0706137492278090E-002 -0.29588326699104989     
  0.82582582582582553       -4.1563980817717679E-002 -0.33687007653189699     
  0.83583583583583554       -4.2892141390484813E-002 -0.37893541610676035     
  0.84584584584584555       -4.4740805020336248E-002 -0.42256384662426222     
  0.85585585585585555       -4.7190934046855135E-002 -0.46830209140119611     
  0.86586586586586556       -5.0365298563128547E-002 -0.51679278614081559     
  0.87587587587587556       -5.4447517296984826E-002 -0.56882141819246479     
  0.88588588588588557       -5.9715430231062967E-002 -0.62538567786877908     
  0.89589589589589558       -6.6602116740539813E-002 -0.68780370692328308     
  0.90590590590590558       -7.5814729920493096E-002 -0.75789248739283355     
  0.91591591591591559       -8.8586460429019714E-002 -0.83827879144422746     
  0.92592592592592560      -0.10727455892623279      -0.93297118189878936     
  0.93593593593593560      -0.13701053835337054       -1.0484317380173540     
  0.94594594594594561      -0.19122389882155694       -1.1950684816511516     
  0.95595595595595562      -0.31201298236452263       -1.3795550442285345     
  0.96596596596596562      -0.56270931679911962       -1.5187160177471759     
  0.97597597597597563      -0.82973421736951536       -1.5161966569104366     
  0.98598598598598564       -1.0392612951604516       -1.4482010073356244     
  0.99599599599599564       -1.2035612971770462       -1.3580519017883852     
   1.0060060060060056       -1.3359188412678373       -1.2595295136413587     
   1.0160160160160157       -1.4447088848264473       -1.1578168384026224     
   1.0260260260260257       -1.5352938821302682       -1.0551592676815418     
   1.0360360360360357       -1.6112810873295826      -0.95259747284783958     
   1.0460460460460457       -1.6752020457912424      -0.85060925090564210     
   1.0560560560560557       -1.7288903999365361      -0.74938398562532094     
   1.0660660660660657       -1.7737031123851790      -0.64895287534454427     
   1.0760760760760757       -1.8106562210318473      -0.54925552468898109     
   1.0860860860860857       -1.8405111050277467      -0.45017582654104699     
   1.0960960960960957       -1.8638298867826841      -0.35156239863259314     
   1.1061061061061057       -1.8810131916447481      -0.25324634254267603     
   1.1161161161161157       -1.8923434479550283      -0.15503223406244548     
   1.1261261261261257       -1.8979496991215332       -5.6698763162066318E-002
   1.1361361361361357       -1.8978533469015118        4.1965742592436385E-002
   1.1461461461461457       -1.8919616563005033       0.14119199806667665     
   1.1561561561561557       -1.8800528469550228       0.24122244431104523     
   1.1661661661661658       -1.8617595616400044       0.34230866870160820     
   1.1761761761761758       -1.8365394305157738       0.44470793620026178     
   1.1861861861861858       -1.8036251524483289       0.54867351832303257     
   1.1961961961961958       -1.7619347740230296       0.65440997012304147     
   1.2062062062062058       -1.7100878239743316       0.76181759815357941     
   1.2162162162162158       -1.6469164425515037       0.87129116214391944     
   1.2262262262262258       -1.5689507272207550       0.98322776194247408     
   1.2362362362362358       -1.4723961451983842        1.0965634931448915     
   1.2462462462462458       -1.3517782411679775        1.2097789519616906     
   1.2562562562562558       -1.1984393906767183        1.3190245795044719     
   1.2662662662662658      -0.99845061711575089        1.4138407177629655     
   1.2762762762762758      -0.73251191513436786        1.4615956066707376     
   1.2862862862862858      -0.42814319643870408        1.3730227909282267     
   1.2962962962962958      -0.24654986196703346        1.1683183137522868     
   1.3063063063063058      -0.16956226160135343       0.99099345510636572     
   1.3163163163163158      -0.13058711186884062       0.85123666097282424     
   1.3263263263263259      -0.10763815728086444       0.73671252179631053     
   1.3363363363363359       -9.2799339635002448E-002  0.63894742608678357     
   1.3463463463463459       -8.2683430923237933E-002  0.55268595430602596     
   1.3563563563563559       -7.5616319220457112E-002  0.47451348816827876     
   1.3663663663663659       -7.0684194969354255E-002  0.40206155497763746     
   1.3763763763763759       -6.7363195971328574E-002  0.33357613878650466     
   1.3863863863863859       -6.5336722501872585E-002  0.26767329518535343     
   1.3963963963963959       -6.4441075929567437E-002  0.20317424012945939     
   1.4064064064064059       -6.4606441649919660E-002  0.13902575675979681     
   1.4164164164164168       -6.5842166621284767E-002   7.4197233541107369E-002
   1.4264264264264268       -6.8242943080405807E-002   7.6081616670080421E-003
   1.4364364364364368       -7.2006430045848446E-002  -6.1956362273570646E-002
   1.4464464464464468       -7.7475718396328039E-002 -0.13595649299342993     
   1.4564564564564568       -8.5225124806609875E-002 -0.21626050584801940     
   1.4664664664664668       -9.6234872350912076E-002 -0.30540744054330488     
   1.4764764764764768      -0.11227205660730448      -0.40706409408214095     
   1.4864864864864868      -0.13681756478840174      -0.52687054432364511     
   1.4964964964964969      -0.17769234417340252      -0.67402151225173379     
   1.5065065065065069      -0.25609113956270269      -0.86320571703951687     
   1.5165165165165169      -0.43933323725442630       -1.0984455663036132     
   1.5265265265265269      -0.80529036893593964       -1.2334305041309159     
   1.5365365365365369       -1.1530503207956107       -1.1554805198140874     
   1.5465465465465469       -1.3940972890031442      -0.99973775720057334     
   1.5565565565565569       -1.5589879157089168      -0.82943361256259829     
   1.5665665665665669       -1.6733690366433547      -0.66236780327106681     
   1.5765765765765769       -1.7529208617328036      -0.50362788406965653     
   1.5865865865865869       -1.8074110990739751      -0.35430361421763512     
   1.5965965965965969       -1.8431821098730581      -0.21410629444916562     
   1.6066066066066069       -1.8645024407553179       -8.2281233569781953E-002
   1.6166166166166169       -1.8743247050208491        4.2044908383273495E-002
   1.6266266266266269       -1.8747299394122312       0.15972666032111205     
   1.6366366366366369       -1.8672084658458779       0.27154255629400303     
   1.6466466466466469       -1.8528328600749626       0.37821329794848862     
   1.6566566566566570       -1.8323346396899618       0.48035955959068588     
   1.6666666666666670       -1.8062261349260593       0.57851909637725063     
   1.6766766766766770       -1.7748272268509009       0.67316576931995487     
   1.6866866866866870       -1.7382953334127411       0.76471044929684828     
   1.6966966966966970       -1.6966426471890927       0.85350605435386051     
   1.7067067067067070       -1.6497408244591627       0.93985046210140544     
   1.7167167167167170       -1.5973130382543324        1.0239847544832534     
   1.7267267267267270       -1.5389117563898149        1.1060747320659310     
   1.7367367367367370       -1.4739631389910985        1.1861583741491000     
   1.7467467467467470       -1.4016754036280503        1.2644409559624856     
   1.7567567567567570       -1.3206016366571580        1.3407527821450080     
   1.7667667667667670       -1.2290459114149741        1.4146334785969596     
   1.7767767767767770       -1.1244709449105637        1.4851792285237222     
   1.7867867867867870       -1.0033817941672813        1.5501573963934672     
   1.7967967967967970      -0.86126880843562803        1.6068342721942908     
   1.8068068068068071      -0.68633268095163946        1.6457757670719537     
   1.8168168168168171      -0.46979232385188346        1.6339259693265147     
   1.8268268268268271      -0.26581390811182232        1.5122749571223790     
   1.8368368368368371      -0.16608894578271274        1.3525807822625731     
   1.8468468468468471      -0.12186289861553645        1.2234130153050478     
   1.8568568568568571       -9.9037096699279029E-002   1.1193308551243573     
   1.8668668668668671       -8.8814960998617770E-002   1.0313714407412586     
   1.8768768768768771       -9.4420776755401989E-002  0.96006471988450515     
   1.8868868868868871       -9.0660707627696194E-002  0.92520043240970529     
   1.8968968968968971       -6.6174177233017037E-002  0.87296590033959010     
   1.9069069069069071       -5.4984008520151208E-002  0.81719962880180341     
   1.9169169169169171       -4.9093418891911253E-002  0.76651510876035822     
   1.9269269269269271       -4.5323639731920731E-002  0.71989941752560105     
   1.9369369369369371       -4.2716950174261366E-002  0.67623384888555094     
   1.9469469469469471       -4.0942153685677198E-002  0.63469524509920650     
   1.9569569569569571       -4.0003986386461271E-002  0.59466372407687129     
   1.9669669669669672       -4.0374051397949237E-002  0.55619233006388513     
   1.9769769769769772       -3.9935368086362638E-002  0.52042620173271559     
   1.9869869869869872       -3.8466001850656115E-002  0.48305271744209094     
   1.9969969969969972       -3.8254133825885855E-002  0.44513528538505232     
   2.0070070070070072       -3.8638872152749908E-002  0.40697967722424283     
   2.0170170170170172       -3.9604689304168238E-002  0.36788618824117197     
   2.0270270270270272       -4.1056222937371809E-002  0.32779761017710818     
   2.0370370370370372       -4.3038293571707111E-002  0.28597164434238276     
   2.0470470470470472       -4.5685729891908472E-002  0.24187132398806677     
   2.0570570570570572       -4.9148509015847518E-002  0.19479228530408418     
   2.0670670670670672       -5.3659159332354024E-002  0.14384045983455121     
   2.0770770770770772       -5.9570123575046527E-002   8.7854957348898810E-002
   2.0870870870870872       -6.7427405433722873E-002   2.5267600644862154E-002
   2.0970970970970972       -7.8121185502796620E-002  -4.6120241775669785E-002
   2.1071071071071072       -9.3189563974889769E-002 -0.12952894002742599     
   2.1171171171171173      -0.11552268193684126      -0.22992036229741378     
   2.1271271271271273      -0.15120962032985996      -0.35536838664564663     
   2.1371371371371373      -0.21532342842632626      -0.51943666531264243     
   2.1471471471471473      -0.35368852488535868      -0.73973156192296174     
   2.1571571571571573      -0.68973849377670127      -0.95599505543427310     
   2.1671671671671673       -1.1445084962323409      -0.90716373113010063     
   2.1771771771771773       -1.4545015606344405      -0.68051264204652639     
   2.1871871871871873       -1.6335236672354039      -0.42613908429495684     
   2.1971971971971973       -1.7307995761771477      -0.18525381452907710     
   2.2072072072072073       -1.7764333651864230        3.3583696084766308E-002
   2.2172172172172173       -1.7879750084314181       0.23034430435907580     
   2.2272272272272273       -1.7760028859633581       0.40722342083649660     
   2.2372372372372373       -1.7471144882008296       0.56679538000080487     
   2.2472472472472473       -1.7055238502722194       0.71145381630275295     
   2.2572572572572573       -1.6539474116178354       0.84326210525930623     
   2.2672672672672673       -1.5941202616467247       0.96393774662303022     
   2.2772772772772774       -1.5270812079192897        1.0748923406713022     
   2.2872872872872874       -1.4533998415550295        1.1771990495913129     
   2.2972972972972974       -1.3732627015204357        1.2718875093515476     
   2.3073073073073074       -1.2862040494677685        1.3595695150920200     
   2.3173173173173174       -1.1915381599978088        1.4405412114744287     
   2.3273273273273274       -1.0879914941334299        1.5148170343258853     
   2.3373373373373374      -0.97345297768295802        1.5818273718154858     
   2.3473473473473474      -0.84446962421927685        1.6398262458199167     
   2.3573573573573574      -0.69527969721071303        1.6840999321559638     
   2.3673673673673674      -0.51722993416982377        1.7004552314606272     
   2.3773773773773774      -0.31682771457486669        1.6461187821298384     
   2.3873873873873874      -0.18258762220620781        1.5094991696798863     
   2.3973973973973974      -0.12849972956431102        1.3876135183974352     
   2.4074074074074074       -9.7646235038937670E-002   1.2963990363090263     
   2.4174174174174174       -7.7495264128473573E-002   1.2178087727024227     
   2.4274274274274275       -6.7652423341330953E-002   1.1492495866598269     
   2.4374374374374375       -6.7141281351776994E-002   1.0873594764199073     
   2.4474474474474475       -8.6079781679328352E-002   1.0318276085194340     
   2.4574574574574575      -0.13049309279570612        1.0311326637091864     
   2.4674674674674675       -8.4596961248908142E-002   1.0500244220569463     
   2.4774774774774775       -5.0397320335662174E-002   1.0101456668430020     
   2.4874874874874875       -3.7498344497271185E-002  0.97167254293871352     
   2.4974974974974975       -3.1169726008369297E-002  0.93899970861684268     
   2.5075075075075075       -2.7368513993319400E-002  0.91043649519379055     
   2.5175175175175175       -2.4851969837164339E-002  0.88472624770239883     
   2.5275275275275275       -2.3204078854013738E-002  0.86101347147359797     
   2.5375375375375375       -2.2391709431721651E-002  0.83859713055827345     
   2.5475475475475475       -2.2815545797657596E-002  0.81673020876109148     
   2.5575575575575575       -2.6034963421096395E-002  0.79449334651553172     
   2.5675675675675675       -3.8064072903537971E-002  0.77249863715275990     
   2.5775775775775776       -6.5044817300156793E-002  0.77566777821807509     
   2.5875875875875876       -4.3437544928062864E-002  0.79350857244788320     
   2.5975975975975976       -2.4913598431524384E-002  0.77586185499702276     
   2.6076076076076076       -1.8772773224251808E-002  0.75742208088344520     
   2.6176176176176176       -1.7014132514664396E-002  0.74202482212289722     
   2.6276276276276276       -1.5140839278267490E-002  0.72997474653245353     
   2.6376376376376376       -1.3028195208295068E-002  0.71734293867594090     
   2.6476476476476476       -1.2124805611378693E-002  0.70528751701857706     
   2.6576576576576576       -1.2094084328901680E-002  0.69455491053491625     
   2.6676676676676676       -1.1085186844645810E-002  0.68524652832832900     
   2.6776776776776776       -9.9511215039415433E-003  0.67538366368708025     
   2.6876876876876876       -9.2925362684543149E-003  0.66589097623591098     
   2.6976976976976976       -8.8093924461612894E-003  0.65688027158734597     
   2.7077077077077076       -8.4080661694570565E-003  0.64828909735919316     
   2.7177177177177176       -8.0567534496577657E-003  0.64006592089000103     
   2.7277277277277276       -7.7413838589330151E-003  0.63217244437668818     
   2.7377377377377377       -7.4536763561928029E-003  0.62457864508621408     
   2.7477477477477477       -7.1890201337935925E-003  0.61725908296692933     
   2.7577577577577577       -6.9442938387644587E-003  0.61019308250507098     
   2.7677677677677677       -6.7169186191270566E-003  0.60336243832986436     
   2.7777777777777777       -6.5049679312689113E-003  0.59675097251167930     
   2.7877877877877877       -6.3069518116428509E-003  0.59034414686113990     
   2.7977977977977977       -6.1217097170364410E-003  0.58412871867993810     
   2.8078078078078077       -5.9483622163393202E-003  0.57809245530585152     
   2.8178178178178177       -5.7863065208910722E-003  0.57222387520351292     
   2.8278278278278277       -5.6352732069851977E-003  0.56651198544197034     
   2.8378378378378377       -5.4955404911310813E-003  0.56094603594569237     
   2.8478478478478477       -5.3681751528832748E-003  0.55551601726897271     
   2.8578578578578577       -5.2516752603640159E-003  0.55021071404273925     
   2.8678678678678677       -5.1508215893106809E-003  0.54501319502695988     
   2.8778778778778777       -5.0733336851135026E-003  0.53990814708108581     
   2.8878878878878878       -5.0335908752186260E-003  0.53487158902135146     
   2.8978978978978978       -5.0696188852034779E-003  0.52986592397998067     
   2.9079079079079078       -5.2940242603693802E-003  0.52484451541018184     
   2.9179179179179178       -5.9863684199998324E-003  0.51982614069775490     
   2.9279279279279278       -8.0500968666022861E-003  0.51562107341414842     
   2.9379379379379378       -8.2729040795043798E-003  0.51482310639487183     
   2.9479479479479478       -5.8163341418350613E-003  0.51107846084877084     
   2.9579579579579578       -4.8741218996829205E-003  0.50630772788747680     
   2.9679679679679678       -4.5060323832077547E-003  0.50175742767581066     
   2.9779779779779778       -4.3431160544269484E-003  0.49739970541408379     
   2.9879879879879878       -4.3121913027838006E-003  0.49321605297839877     
   2.9979979979979978       -4.2184644935543344E-003  0.48920171660839612     
   3.0080080080080087       -4.1384849597326766E-003  0.48511031402065813     
   3.0180180180180187       -4.1659443256439818E-003  0.48100210304538599     
   3.0280280280280287       -4.3277221828792369E-003  0.47683529179187562     
   3.0380380380380387       -4.8008327879131779E-003  0.47254120781868431     
   3.0480480480480487       -6.0336320167286477E-003  0.46849209982941675     
   3.0580580580580587       -6.7779479719258301E-003  0.46504317676058676     
   3.0680680680680688       -9.1300292777887777E-003  0.46015920199786742     
   3.0780780780780788       -1.5918824476065688E-002  0.46048369105834330     
   3.0880880880880888       -1.1257492909880880E-002  0.46568849954312025     
   3.0980980980980988       -6.4649625758566951E-003  0.46143269144397470     
   3.1081081081081088       -4.9971379375192519E-003  0.45663225378911798     
   3.1181181181181188       -4.7925709724712037E-003  0.45238615734047843     
   3.1281281281281288       -4.9404955190749077E-003  0.44932631532983258     
   3.1381381381381388       -4.1747725842825739E-003  0.44601777040923718     
   3.1481481481481488       -3.9093443889133212E-003  0.44224896592322838     
   3.1581581581581588       -4.0246029576129459E-003  0.43844225423722605     
   3.1681681681681688       -4.6368093050164197E-003  0.43447309319442012     
   3.1781781781781788       -6.6725534814520877E-003  0.43046888065148819     
   3.1881881881881888       -1.0671603400146980E-002  0.43043446743900921     
   3.1981981981981988       -7.4035710824640003E-003  0.43142507173183786     
   3.2082082082082088       -5.3026567873997090E-003  0.42731677847480815     
   3.2182182182182189       -5.2998324738236964E-003  0.42279064887975326     
   3.2282282282282289       -7.2080495575843088E-003  0.41821969905593920     
   3.2382382382382389       -1.2605291539453799E-002  0.41584678139660641     
   3.2482482482482489       -1.4535417882987652E-002  0.42269387449502355     
   3.2582582582582589       -7.9647340386142865E-003  0.42206820086407215     
   3.2682682682682689       -5.3987967177725592E-003  0.41866576163651559     
   3.2782782782782789       -3.9385699576582039E-003  0.41508430489419645     
   3.2882882882882889       -3.3578440401704551E-003  0.41171112549487648     
   3.2982982982982989       -3.2027714013085355E-003  0.40863407100931110     
   3.3083083083083089       -3.3576103228562370E-003  0.40602684314481080     
   3.3183183183183189       -3.1061617765328442E-003  0.40365164748971166     
   3.3283283283283289       -3.1790010071651924E-003  0.40104796324119307     
   3.3383383383383389       -3.4218244790867728E-003  0.39909824556318674     
   3.3483483483483489       -2.9276921471217184E-003  0.39723398052821024     
   3.3583583583583589       -2.5130671789433431E-003  0.39484574360987612     
   3.3683683683683689       -2.3416742410252169E-003  0.39248232952408141     
   3.3783783783783790       -2.2485598038159923E-003  0.39020512640149618     
   3.3883883883883890       -2.1853452391610070E-003  0.38799452301048859     
   3.3983983983983990       -2.1366476214341036E-003  0.38583591931775280     
   3.4084084084084090       -2.0964169157091845E-003  0.38372012266651884     
   3.4184184184184190       -2.0618714069173152E-003  0.38164092911264802     
   3.4284284284284290       -2.0316083902903498E-003  0.37959375081247332     
   3.4384384384384390       -2.0049132868902196E-003  0.37757487617437657     
   3.4484484484484490       -1.9814837906909685E-003  0.37558102999203469     
   3.4584584584584590       -1.9613289247567287E-003  0.37360906405896677     
   3.4684684684684690       -1.9447671967450784E-003  0.37165568354123063     
   3.4784784784784790       -1.9325151182193819E-003  0.36971713676886059     
   3.4884884884884890       -1.9259096584822622E-003  0.36778878295017103     
   3.4984984984984990       -1.9273978253762727E-003  0.36586439642351237     
   3.5085085085085090       -1.9416582534211373E-003  0.36393493066430616     
   3.5185185185185190       -1.9784514196457296E-003  0.36198617190067250     
   3.5285285285285291       -2.0610529367446227E-003  0.35999431834338796     
   3.5385385385385391       -2.2564988731567483E-003  0.35792177266346542     
   3.5485485485485491       -2.7857535571162513E-003  0.35578808416813906     
   3.5585585585585591       -3.7281095842119946E-003  0.35412216527601709     
   3.5685685685685691       -4.9181410242394715E-003  0.35318986142037168     
   3.5785785785785791       -4.2541418883046281E-003  0.35279574907715644     
   3.5885885885885891       -4.5726030210846225E-003  0.35096407619712539     
   3.5985985985985991       -4.4801776463835241E-003  0.35109315126906987     
   3.6086086086086091       -2.9076351607556358E-003  0.34953597884148430     
   3.6186186186186191       -2.3299124072813254E-003  0.34731064943159518     
   3.6286286286286291       -2.1705548592923919E-003  0.34517537011164962     
   3.6386386386386391       -2.2194762475119595E-003  0.34307035501999328     
   3.6486486486486491       -2.5545585598568590E-003  0.34090370646969020     
   3.6586586586586591       -3.6589303747869635E-003  0.33890362400747698     
   3.6686686686686691       -4.5114687933540702E-003  0.33871090399390225     
   3.6786786786786791       -3.9197089825572162E-003  0.33702609942424250     
   3.6886886886886892       -5.6825172585130345E-003  0.33516634626129810     
   3.6986986986986992       -6.2015097252432951E-003  0.33735939244596652     
   3.7087087087087092       -3.4467656712599110E-003  0.33632481862812208     
   3.7187187187187192       -2.4544555255751541E-003  0.33403657188597008     
   3.7287287287287292       -2.1375638864315673E-003  0.33191467853591944     
   3.7387387387387392       -2.0962169459628542E-003  0.32989991825717385     
   3.7487487487487492       -2.3400324430145757E-003  0.32788340482902978     
   3.7587587587587592       -3.3024551150651719E-003  0.32603486578160068     
   3.7687687687687692       -4.2465020624909691E-003  0.32618921929244371     
   3.7787787787787792       -2.8204049457399242E-003  0.32531253386590131     
   3.7887887887887892       -2.3213168014230481E-003  0.32328726313780209     
   3.7987987987987992       -2.3548378891209078E-003  0.32135255495432413     
   3.8088088088088092       -2.5337325897520041E-003  0.31929819859556718     
   3.8188188188188192       -3.3868128022611081E-003  0.31689474309349658     
   3.8288288288288292       -6.2588275628399029E-003  0.31472045584978697     
   3.8388388388388393       -9.8630678125799318E-003  0.31847603746205050     
   3.8488488488488493       -5.2950808594454833E-003  0.32023905234373656     
   3.8588588588588593       -3.2239156294846106E-003  0.31778764513216601     
   3.8688688688688693       -2.9635506080039156E-003  0.31552541128541889     
   3.8788788788788793       -3.1345851267192294E-003  0.31438503123598655     
   3.8888888888888893       -2.8192843997875460E-003  0.31295597760573685     
   3.8988988988988993       -2.8924705157072918E-003  0.31204359374414958     
   3.9089089089089093       -2.4927017945952467E-003  0.31078030911386983     
   3.9189189189189193       -2.3344299604078976E-003  0.30988092810980594     
   3.9289289289289293       -1.7366775543098578E-003  0.30857424724569366     
   3.9389389389389393       -1.4897857044062197E-003  0.30709515660107906     
   3.9489489489489493       -1.3846894499073617E-003  0.30569314181459312     
   3.9589589589589593       -1.3330522606080693E-003  0.30434918635497005     
   3.9689689689689693       -1.3131363513718679E-003  0.30303785596787919     
   3.9789789789789793       -1.3295743473459138E-003  0.30173705522761829     
   3.9889889889889893       -1.4271439069080494E-003  0.30042650093460305     
   3.9989989989989994       -1.7799869140857907E-003  0.29918530063263754     
   4.0090090090090094       -2.1022427232139530E-003  0.29869919275972046     
   4.0190190190190194       -1.5425220597628424E-003  0.29784559218447215     
   4.0290290290290294       -1.2933938152140962E-003  0.29659994534380213     
   4.0390390390390394       -1.1999860477549286E-003  0.29539012250017455     
   4.0490490490490494       -1.1541739590484597E-003  0.29422413367100581     
   4.0590590590590594       -1.1266396845957245E-003  0.29308778192262441     
   4.0690690690690694       -1.1078332540473438E-003  0.29197214602895261     
   4.0790790790790794       -1.0940761365930193E-003  0.29087181373461091     
   4.0890890890890894       -1.0838625643405705E-003  0.28978309581167955     
   4.0990990990990994       -1.0767332922630561E-003  0.28870303048655444     
   4.1091091091091094       -1.0730197688838643E-003  0.28762873269920031     
   4.1191191191191194       -1.0741831500804073E-003  0.28655676043753991     
   4.1291291291291294       -1.0843770456664748E-003  0.28548223070186546     
   4.1391391391391394       -1.1166312701035199E-003  0.28439815252417738     
   4.1491491491491495       -1.2189161520037731E-003  0.28331007935535329     
   4.1591591591591595       -1.4270631171496620E-003  0.28241403053525477     
   4.1691691691691695       -1.2694360402245610E-003  0.28158565505662786     
   4.1791791791791795       -1.1599763790062496E-003  0.28048736182724460     
   4.1891891891891895       -1.1498369561266262E-003  0.27936116807360956     
   4.1991991991991995       -1.1918667641747606E-003  0.27821215146465095     
   4.2092092092092095       -1.3033298806566325E-003  0.27700805597348693     
   4.2192192192192195       -1.5858223912600703E-003  0.27570817105368478     
   4.2292292292292295       -2.3958074671114661E-003  0.27446378355704687     
   4.2392392392392395       -3.1738424608617230E-003  0.27438970548359537     
   4.2492492492492495       -3.3098351113450054E-003  0.27361526029017352     
   4.2592592592592595       -3.9095871340003906E-003  0.27386387481518959     
   4.2692692692692695       -2.9173437038421822E-003  0.27414328446740804     
   4.2792792792792795       -1.8424404010290287E-003  0.27291888750280557     
   4.2892892892892895       -1.5237714519139339E-003  0.27147629840261661     
   4.2992992992992995       -1.5474999831083739E-003  0.27008686856718589     
   4.3093093093093096       -2.0002104821794943E-003  0.26877236759457124     
   4.3193193193193196       -2.7395919219895949E-003  0.26846563963159348     
   4.3293293293293296       -2.0577261152983075E-003  0.26791932592245621     
   4.3393393393393396       -1.9963271845249565E-003  0.26643516268635886     
   4.3493493493493496       -3.0068913780264841E-003  0.26503935442227122     
   4.3593593593593596       -4.4806732858805260E-003  0.26606490715192826     
   4.3693693693693696       -2.5901334992388752E-003  0.26645551070905449     
   4.3793793793793796       -1.6616658729388363E-003  0.26507068485420004     
   4.3893893893893896       -1.3840762632559536E-003  0.26371576228310845     
   4.3993993993993996       -1.3481182513458386E-003  0.26243258092352889     
   4.4094094094094096       -1.5245471407153129E-003  0.26112858537106237     
   4.4194194194194196       -2.2034793784037770E-003  0.25978899338533901     
   4.4294294294294296       -3.9275565915251071E-003  0.25966753747777793     
   4.4394394394394396       -2.9426179023683912E-003  0.26097592972947187     
   4.4494494494494496       -1.7302836781938730E-003  0.25987252300203800     
   4.4594594594594597       -1.3887948266815672E-003  0.25856379274652763     
   4.4694694694694697       -1.4065773152524619E-003  0.25732039280662028     
   4.4794794794794797       -1.8815859755180687E-003  0.25617574156927270     
   4.4894894894894897       -2.6629970766703839E-003  0.25619050322039499     
   4.4994994994994997       -1.7854970915502709E-003  0.25603847938832319     
   4.5095095095095097       -1.4460620399762087E-003  0.25501383370765840     
   4.5195195195195197       -1.2888560726149489E-003  0.25427983906864321     
   4.5295295295295297       -1.0438908411711841E-003  0.25336662430508766     
   4.5395395395395397       -9.5824151333967424E-004  0.25241955492687240     
   4.5495495495495497       -9.5003506410033496E-004  0.25149468292647781     
   4.5595595595595597       -1.0267749654803517E-003  0.25056798255776780     
   4.5695695695695697       -1.3266662789036584E-003  0.24969531593691904     
   4.5795795795795797       -1.6215999064469408E-003  0.24944029266891549     
   4.5895895895895897       -1.2348868303660597E-003  0.24886358262470343     
   4.5995995995995997       -1.2390832765070666E-003  0.24807354140126750     
   4.6096096096096097       -1.0914113763473841E-003  0.24754232520104605     
   4.6196196196196198       -8.9107161184383840E-004  0.24674193356754498     
   4.6296296296296298       -8.2009097312202945E-004  0.24592348492197946     
   4.6396396396396398       -7.9658405351851506E-004  0.24512928468784032     
   4.6496496496496498       -8.0615119164108198E-004  0.24434701886213450     
   4.6596596596596598       -8.8400545802636585E-004  0.24358478654227722     
   4.6696696696696698       -9.9392089249429128E-004  0.24301895615938657     
   4.6796796796796798       -8.4084640312522474E-004  0.24240706312327936     
   4.6896896896896898       -7.6436262743571958E-004  0.24166191984706875     
   4.6996996996996998       -7.4012872686743012E-004  0.24092306059198862     
   4.7097097097097098       -7.3813584364231986E-004  0.24019224456715488     
   4.7197197197197198       -7.6285419371908893E-004  0.23946110013771166     
   4.7297297297297298       -8.6136803866850627E-004  0.23874663603496313     
   4.7397397397397398       -9.7550352974953370E-004  0.23825147394834648     
   4.7497497497497498       -8.0797848628972604E-004  0.23767480520394396     
   4.7597597597597598       -7.2962376844852139E-004  0.23696310199951404     
   4.7697697697697699       -7.0248099907232304E-004  0.23625916173925943     
   4.7797797797797799       -6.9204619634842415E-004  0.23556591929373030     
   4.7897897897897899       -6.9001691769052860E-004  0.23487738421208867     
   4.7997997997997999       -6.9610928481440089E-004  0.23418800023645253     
   4.8098098098098099       -7.1714909951211246E-004  0.23349150233051977     
   4.8198198198198199       -7.8115424345873098E-004  0.23278595779531078     
   4.8298298298298299       -9.4505063113223470E-004  0.23217148084883332     
   4.8398398398398399       -8.9141767017797793E-004  0.23170475044825212     
   4.8498498498498499       -7.9142959736023654E-004  0.23100729397960484     
   4.8598598598598599       -7.9577054029417442E-004  0.23025530410522471     
   4.8698698698698699       -8.9439625509087723E-004  0.22947524343626366     
   4.8798798798798799       -1.2230934743100411E-003  0.22873035800086544     
   4.8898898898898899       -1.5379868449155413E-003  0.22859657974595723     
   4.8998998998998999       -1.1412369058852461E-003  0.22809026028012885     
   4.9099099099099099       -1.1013985211015000E-003  0.22718483481686796     
   4.9199199199199199       -1.4802208827784536E-003  0.22626513370305321     
   4.9299299299299300       -2.2954672184094227E-003  0.22600962755630172     
   4.9399399399399400       -2.4312056715785138E-003  0.22642251010021069     
   4.9499499499499500       -1.5071718352675932E-003  0.22631441153401247     
   4.9599599599599600       -1.0386462078177197E-003  0.22541921270459700     
   4.9699699699699700       -9.0748907573019646E-004  0.22453773266234750     
   4.9799799799799800       -9.2364992339760796E-004  0.22368501431614296     
   4.9899899899899900       -1.1329516631347111E-003  0.22283553177272269     
   5.0000000000000000       -1.6698531381633525E-003  0.22236315860789005     
