  -5.0000000000000000       -3.7280149288073622E-003 -0.21895479921561836     
  -4.9899899899899900       -2.5027396659808238E-003 -0.21834545719496673     
  -4.9799799799799800       -1.6705121885925431E-003 -0.21955285522965598     
  -4.9699699699699700       -1.6525002739823818E-003 -0.22091819586749026     
  -4.9599599599599600       -2.3691743652309830E-003 -0.22233981088851454     
  -4.9499499499499500       -4.6114632187914993E-003 -0.22277319052353875     
  -4.9399399399399400       -5.1918314557786718E-003 -0.22038685103828243     
  -4.9299299299299300       -3.1037264734154447E-003 -0.21938228424225661     
  -4.9199199199199199       -1.6548135424526661E-003 -0.22050155763183479     
  -4.9099099099099099       -1.1498335257445369E-003 -0.22165376966795175     
  -4.8998998998998999       -9.3950234530485973E-004 -0.22262471941577838     
  -4.8898898898898899       -8.3755756689049717E-004 -0.22348325986253645     
  -4.8798798798798799       -7.8944946803702711E-004 -0.22427766706628458     
  -4.8698698698698699       -7.8993061025264832E-004 -0.22503005676505622     
  -4.8598598598598599       -8.3188792213574158E-004 -0.22568080161494394     
  -4.8498498498498499       -7.5392481050429747E-004 -0.22630779398304690     
  -4.8398398398398399       -7.0460551438745306E-004 -0.22700252857984785     
  -4.8298298298298299       -6.8552535581965779E-004 -0.22769026639985360     
  -4.8198198198198199       -6.7722831228245964E-004 -0.22836921465303894     
  -4.8098098098098099       -6.7440964013608330E-004 -0.22904378540510914     
  -4.7997997997997999       -6.7589276942670289E-004 -0.22971768778792592     
  -4.7897897897897899       -6.8291500887904494E-004 -0.23039450826053257     
  -4.7797797797797799       -7.0171241889645404E-004 -0.23107819475251604     
  -4.7697697697697699       -7.5638801431141412E-004 -0.23176360910024391     
  -4.7597597597597598       -8.3983577205836801E-004 -0.23235377340171298     
  -4.7497497497497498       -7.8251009385700337E-004 -0.23296747175049012     
  -4.7397397397397398       -8.0269836231625688E-004 -0.23364593422587943     
  -4.7297297297297298       -7.8513783998132548E-004 -0.23424349087323690     
  -4.7197197197197198       -7.2786558225116835E-004 -0.23493108566451654     
  -4.7097097097097098       -7.1179294549031445E-004 -0.23563875610592708     
  -4.6996996996996998       -7.1012588055465776E-004 -0.23634659810923456     
  -4.6896896896896898       -7.1450745789541253E-004 -0.23705760190841416     
  -4.6796796796796798       -7.2334538707120118E-004 -0.23777519727899790     
  -4.6696696696696698       -7.3833352021552580E-004 -0.23850295406828892     
  -4.6596596596596598       -7.6753525601274775E-004 -0.23924481094935973     
  -4.6496496496496498       -8.4072413812453833E-004 -0.23998977985270667     
  -4.6396396396396398       -9.1749780586755072E-004 -0.24062395848466742     
  -4.6296296296296298       -8.4966065998872949E-004 -0.24133454075540944     
  -4.6196196196196198       -8.5734780605913432E-004 -0.24213782542718690     
  -4.6096096096096097       -9.6779694252911957E-004 -0.24293138171290532     
  -4.5995995995995997       -1.0543191270374495E-003 -0.24352182483366513     
  -4.5895895895895897       -9.1952303657487963E-004 -0.24426289365338849     
  -4.5795795795795797       -8.8123318819912234E-004 -0.24511897852816658     
  -4.5695695695695697       -8.8952142313926885E-004 -0.24599204400626259     
  -4.5595595595595597       -9.2072010312920210E-004 -0.24688910388727681     
  -4.5495495495495497       -9.7517294436810906E-004 -0.24782589492089924     
  -4.5395395395395397       -1.0685869028431614E-003 -0.24882466496965225     
  -4.5295295295295297       -1.2504307827387014E-003 -0.24992007069102071     
  -4.5195195195195197       -1.6925718665892729E-003 -0.25113375377621927     
  -4.5095095095095097       -2.7658312507498136E-003 -0.25196356483098736     
  -4.4994994994994997       -3.1474147789721041E-003 -0.25203866778992529     
  -4.4894894894894897       -3.4127612130170413E-003 -0.25187856450981794     
  -4.4794794794794797       -2.2670506620002685E-003 -0.25253749761070843     
  -4.4694694694694697       -1.9177408286611102E-003 -0.25418061057583952     
  -4.4594594594594597       -2.1180904617673999E-003 -0.25598486035595774     
  -4.4494494494494496       -2.9218106376601017E-003 -0.25808323549754664     
  -4.4394394394394396       -5.3502298345604916E-003 -0.26039424612747780     
  -4.4294294294294296       -1.0202879807003991E-002 -0.25895716022406517     
  -4.4194194194194196       -1.0110692903389005E-002 -0.25568572856661098     
  -4.4094094094094096       -7.8319122646444504E-003 -0.25220887387987639     
  -4.3993993993993996       -3.9850053891968325E-003 -0.25375885218261457     
  -4.3893893893893896       -2.7603104150450155E-003 -0.25629734250814190     
  -4.3793793793793796       -2.5429981618060771E-003 -0.25863328731508911     
  -4.3693693693693696       -3.0356978777308736E-003 -0.26099578084515429     
  -4.3593593593593596       -5.0149924823996786E-003 -0.26325799446309128     
  -4.3493493493493496       -7.9836132840561350E-003 -0.26196040507065227     
  -4.3393393393393396       -6.9627410863257379E-003 -0.26168342284121815     
  -4.3293293293293296       -8.1351653139337086E-003 -0.26044026342082843     
  -4.3193193193193196       -4.8735853152260308E-003 -0.26027334675136271     
  -4.3093093093093096       -3.6253011154700871E-003 -0.26310415692884420     
  -4.2992992992992995       -4.0815664421218938E-003 -0.26623306142982178     
  -4.2892892892892895       -6.7318592358181738E-003 -0.26970290479346287     
  -4.2792792792792795       -1.4608641173591985E-002 -0.26993081962921445     
  -4.2692692692692695       -1.6418614231345191E-002 -0.25896195067713168     
  -4.2592592592592595       -7.7071261336676090E-003 -0.25651998931309378     
  -4.2492492492492495       -3.9008360837385135E-003 -0.25961027656004521     
  -4.2392392392392395       -2.5501874554742518E-003 -0.26223348729071488     
  -4.2292292292292295       -1.9601383646506597E-003 -0.26429424311785227     
  -4.2192192192192195       -1.6649376602705522E-003 -0.26602311989051375     
  -4.2092092092092095       -1.5212458522224340E-003 -0.26756201537127250     
  -4.1991991991991995       -1.5144600564955992E-003 -0.26898314762886860     
  -4.1891891891891895       -1.6847927571703172E-003 -0.27014161870980141     
  -4.1791791791791795       -1.4959747656207586E-003 -0.27108486294980771     
  -4.1691691691691695       -1.3467736902818878E-003 -0.27230690515499939     
  -4.1591591591591595       -1.3357496328503654E-003 -0.27342420653742860     
  -4.1491491491491495       -1.2218195773718375E-003 -0.27452654078641597     
  -4.1391391391391394       -1.1610857814412794E-003 -0.27568250500943275     
  -4.1291291291291294       -1.1357448784177254E-003 -0.27682260183241447     
  -4.1191191191191194       -1.1239675174357941E-003 -0.27794960673132985     
  -4.1091091091091094       -1.1191757552986292E-003 -0.27906999316599174     
  -4.0990990990990994       -1.1189464350637650E-003 -0.28018852848478221     
  -4.0890890890890894       -1.1222543602363779E-003 -0.28130887828476053     
  -4.0790790790790794       -1.1287329124506165E-003 -0.28243417616065175     
  -4.0690690690690694       -1.1385078346981465E-003 -0.28356743731982353     
  -4.0590590590590594       -1.1523519307574395E-003 -0.28471197099744827     
  -4.0490490490490494       -1.1723835616654519E-003 -0.28587196537973480     
  -4.0390390390390394       -1.2045487377445440E-003 -0.28705335543072841     
  -4.0290290290290294       -1.2687270908280745E-003 -0.28826241057806262     
  -4.0190190190190194       -1.4246201067894769E-003 -0.28945611504435043     
  -4.0090090090090094       -1.5051996086370358E-003 -0.29049403659708312     
  -3.9989989989989989       -1.5613847274388469E-003 -0.29169024304301022     
  -3.9889889889889889       -1.5937240221741526E-003 -0.29268764731383368     
  -3.9789789789789789       -1.4291374505188122E-003 -0.29393322651314363     
  -3.9689689689689689       -1.4009936999590099E-003 -0.29529739611134770     
  -3.9589589589589589       -1.4383655422545432E-003 -0.29669573712157193     
  -3.9489489489489489       -1.5305367745651794E-003 -0.29815132236750141     
  -3.9389389389389389       -1.7301063446324586E-003 -0.29970152261815719     
  -3.9289289289289289       -2.2581550999944203E-003 -0.30133902816481900     
  -3.9189189189189189       -3.4558487888158994E-003 -0.30219379399909879     
  -3.9089089089089089       -2.8299188825612735E-003 -0.30227048418656938     
  -3.8988988988988988       -2.1418844287810672E-003 -0.30398067183374866     
  -3.8888888888888888       -2.0244413336966438E-003 -0.30590127036426951     
  -3.8788788788788788       -2.1411948019469679E-003 -0.30790120266704218     
  -3.8688688688688688       -2.4739371568746451E-003 -0.31008878466009288     
  -3.8588588588588588       -3.2426655842042371E-003 -0.31261847077964083     
  -3.8488488488488488       -5.3173148790093662E-003 -0.31546586977567848     
  -3.8388388388388388       -9.6795788921419015E-003 -0.31580750628073206     
  -3.8288288288288288       -1.1502216558904151E-002 -0.31257024344167411     
  -3.8188188188188188       -7.2505706537634666E-003 -0.31052270235801183     
  -3.8088088088088088       -4.5513956336207615E-003 -0.31383340423839157     
  -3.7987987987987988       -4.0088150925381687E-003 -0.31750258259355008     
  -3.7887887887887888       -4.4373888294402088E-003 -0.32133836493456253     
  -3.7787787787787788       -5.9851659763900649E-003 -0.32583135549057679     
  -3.7687687687687688       -1.0327636273907865E-002 -0.33146271733920724     
  -3.7587587587587588       -2.3217346715352222E-002 -0.33451277076005859     
  -3.7487487487487487       -3.3204505857518961E-002 -0.31602253878500969     
  -3.7387387387387387       -1.7085789216419539E-002 -0.30653048923320730     
  -3.7287287287287287       -8.5708481451349152E-003 -0.31233497515612357     
  -3.7187187187187187       -5.9647518658070059E-003 -0.31807610991200880     
  -3.7087087087087087       -5.4134374810596792E-003 -0.32311202450162874     
  -3.6986986986986987       -6.3574906743239287E-003 -0.32808994174621570     
  -3.6886886886886887       -1.0300633072702434E-002 -0.33256595543301654     
  -3.6786786786786787       -1.4357166534358354E-002 -0.33042124540779844     
  -3.6686686686686687       -1.2688497472743025E-002 -0.33308363611826325     
  -3.6586586586586587       -1.9360781130321931E-002 -0.33506696602156782     
  -3.6486486486486487       -1.6960082881078788E-002 -0.32961528782824256     
  -3.6386386386386387       -1.4921376721318307E-002 -0.33677106980352678     
  -3.6286286286286287       -2.5851910517544541E-002 -0.34446810640824177     
  -3.6186186186186187       -4.3666576366397501E-002 -0.32854424476373179     
  -3.6086086086086087       -2.9554013436051799E-002 -0.30774579754942000     
  -3.5985985985985987       -1.3081277699627081E-002 -0.31136614008664382     
  -3.5885885885885886       -7.2651617862234709E-003 -0.31827332516432372     
  -3.5785785785785786       -4.9747533017531287E-003 -0.32352448025828762     
  -3.5685685685685686       -3.8891651663067114E-003 -0.32762996004489198     
  -3.5585585585585586       -3.3486077859018969E-003 -0.33105011999283201     
  -3.5485485485485486       -3.1141808131344975E-003 -0.33390360778189543     
  -3.5385385385385386       -2.7556880086798997E-003 -0.33645538004658515     
  -3.5285285285285286       -2.5190383429925878E-003 -0.33899452447241657     
  -3.5185185185185186       -2.4002369784996971E-003 -0.34141430967719011     
  -3.5085085085085086       -2.3706435463522217E-003 -0.34372358216029847     
  -3.4984984984984986       -2.3396455032403522E-003 -0.34585941125974101     
  -3.4884884884884886       -2.2282451976763386E-003 -0.34802977901928883     
  -3.4784784784784786       -2.1769122724319963E-003 -0.35021055185706779     
  -3.4684684684684686       -2.1545702513885725E-003 -0.35236998551184967     
  -3.4584584584584586       -2.1467427537065300E-003 -0.35451794236639372     
  -3.4484484484484486       -2.1486470566978769E-003 -0.35666422053828850     
  -3.4384384384384385       -2.1582997871163693E-003 -0.35881683612422427     
  -3.4284284284284285       -2.1748697568565118E-003 -0.36098275498583660     
  -3.4184184184184185       -2.1983189515202991E-003 -0.36316852594613108     
  -3.4084084084084085       -2.2296758968157514E-003 -0.36538086192747249     
  -3.3983983983983985       -2.2726480918793721E-003 -0.36762713946388542     
  -3.3883883883883881       -2.3406095946530803E-003 -0.36991210714073819     
  -3.3783783783783781       -2.4476154967312804E-003 -0.37219105228591781     
  -3.3683683683683681       -2.4646244608969078E-003 -0.37449547817894391     
  -3.3583583583583581       -2.5043093426567378E-003 -0.37694021171783110     
  -3.3483483483483480       -2.5951411908412296E-003 -0.37947100085496077     
  -3.3383383383383380       -2.7443102801786652E-003 -0.38210872065406104     
  -3.3283283283283280       -3.0193408178928807E-003 -0.38489655008521290     
  -3.3183183183183180       -3.6713814686689266E-003 -0.38781687265471243     
  -3.3083083083083080       -4.8591510149003534E-003 -0.39003725436638642     
  -3.2982982982982980       -5.3183184961239716E-003 -0.39170500128204966     
  -3.2882882882882880       -4.4626269136983374E-003 -0.39353910012371252     
  -3.2782782782782780       -3.8451987339121747E-003 -0.39692857639417700     
  -3.2682682682682680       -3.8548063778951389E-003 -0.40059364333808617     
  -3.2582582582582580       -4.1741385810657467E-003 -0.40448683100109967     
  -3.2482482482482480       -4.8384162920775495E-003 -0.40879961851414753     
  -3.2382382382382380       -6.2024451510487768E-003 -0.41382711444844428     
  -3.2282282282282280       -9.5545993169827443E-003 -0.41986750185145455     
  -3.2182182182182180       -1.8784168218772782E-002 -0.42406308650386232     
  -3.2082082082082080       -2.5965355965725863E-002 -0.41562069953081648     
  -3.1981981981981980       -1.7282868884677952E-002 -0.40997931617094163     
  -3.1881881881881879       -1.1475498609074292E-002 -0.41730243306477904     
  -3.1781781781781779       -1.2498394798924509E-002 -0.42611051311018394     
  -3.1681681681681679       -2.1088324179188735E-002 -0.43180877209415158     
  -3.1581581581581579       -2.3259559433679876E-002 -0.42400637541745712     
  -3.1481481481481479       -1.8610741051292106E-002 -0.42903025325683813     
  -3.1381381381381379       -2.0752316906057378E-002 -0.42993067202272173     
  -3.1281281281281279       -1.4865065297084744E-002 -0.43480235209361912     
  -3.1181181181181179       -1.4717024108135638E-002 -0.44614900564544652     
  -3.1081081081081079       -2.1138806280265186E-002 -0.45989958907825929     
  -3.0980980980980979       -4.2939301069196835E-002 -0.47415550608714196     
  -3.0880880880880879       -8.5383055902124957E-002 -0.44820496947344751     
  -3.0780780780780779       -5.4761725026996493E-002 -0.40293404308714803     
  -3.0680680680680679       -2.5196780160999598E-002 -0.41380824383375853     
  -3.0580580580580579       -1.5855875654297927E-002 -0.42880998933316811     
  -3.0480480480480479       -1.2928435979829577E-002 -0.44152084407746800     
  -3.0380380380380378       -1.2722647358688870E-002 -0.45341123181537374     
  -3.0280280280280278       -1.4765212138100829E-002 -0.46599592685723595     
  -3.0180180180180178       -2.0767626979004035E-002 -0.48080855465416578     
  -3.0080080080080078       -3.7838343508964027E-002 -0.49699898983513402     
  -2.9979979979979978       -6.7973198379283742E-002 -0.49372098093307210     
  -2.9879879879879878       -7.7014475728502327E-002 -0.46716103567232942     
  -2.9779779779779778       -6.3593238389945503E-002 -0.47610912828777879     
  -2.9679679679679678      -0.10517745917719945      -0.48733916623438150     
  -2.9579579579579578      -0.12673957721236589      -0.41667709697628219     
  -2.9479479479479478       -6.7391524881953060E-002 -0.38235170154932613     
  -2.9379379379379378       -3.1487313595672348E-002 -0.40196434741236797     
  -2.9279279279279278       -1.9316747466311564E-002 -0.42070662126621472     
  -2.9179179179179178       -1.3963498575033144E-002 -0.43393545051601495     
  -2.9079079079079078       -1.0847691385809542E-002 -0.44492923161015197     
  -2.8978978978978978       -9.4525865160713096E-003 -0.45419287741476017     
  -2.8878878878878878       -8.3974311419808354E-003 -0.46186194053835550     
  -2.8778778778778777       -7.4541643595258840E-003 -0.46930316627312707     
  -2.8678678678678677       -6.9451882052236451E-003 -0.47636959607562623     
  -2.8578578578578577       -6.6508465819258185E-003 -0.48310716355671607     
  -2.8478478478478477       -6.4806520914109664E-003 -0.48963740970378172     
  -2.8378378378378377       -6.3943953033571508E-003 -0.49605147896421414     
  -2.8278278278278277       -6.3705236005032863E-003 -0.50241728557897569     
  -2.8178178178178177       -6.3964150389103271E-003 -0.50878817825427103     
  -2.8078078078078077       -6.4645625927142103E-003 -0.51520850495459614     
  -2.7977977977977977       -6.5708418930256569E-003 -0.52171727925295208     
  -2.7877877877877877       -6.7137904060672769E-003 -0.52835084496594398     
  -2.7777777777777777       -6.8947696095580501E-003 -0.53514509108097019     
  -2.7677677677677677       -7.1201477348704157E-003 -0.54213723527046442     
  -2.7577577577577577       -7.4105396071009752E-003 -0.54936022081948022     
  -2.7477477477477477       -7.7612693770144122E-003 -0.55678759619366192     
  -2.7377377377377377       -8.0660083031495380E-003 -0.56456085267182354     
  -2.7277277277277276       -8.4737475378610667E-003 -0.57278017993145647     
  -2.7177177177177176       -9.0023147881294237E-003 -0.58147157851207643     
  -2.7077077077077076       -9.6841539002244410E-003 -0.59074621016073048     
  -2.6976976976976976       -1.0600479354886883E-002 -0.60077134305572744     
  -2.6876876876876876       -1.1923667272406709E-002 -0.61180747464119578     
  -2.6776776776776776       -1.4059970857338419E-002 -0.62428972794678983     
  -2.6676676676676676       -1.8152611175127405E-002 -0.63894918126268774     
  -2.6576576576576576       -2.8165451080627728E-002 -0.65628063164852102     
  -2.6476476476476476       -5.4313362655302615E-002 -0.66508340938981225     
  -2.6376376376376376       -6.0704795548067680E-002 -0.63999043240806563     
  -2.6276276276276276       -3.7839575607180709E-002 -0.64779456867299157     
  -2.6176176176176176       -3.7022241177854291E-002 -0.67197727962145659     
  -2.6076076076076076       -5.4973476126149015E-002 -0.68212657974722024     
  -2.5975975975975976       -4.4651072464405014E-002 -0.67738061258136895     
  -2.5875875875875876       -3.5464562034608134E-002 -0.70141097880480574     
  -2.5775775775775776       -4.1883563792028192E-002 -0.72598266182879112     
  -2.5675675675675675       -4.4439799574848393E-002 -0.74536480547349693     
  -2.5575575575575575       -5.2440247139656143E-002 -0.78122061174639801     
  -2.5475475475475475       -8.8921232548158785E-002 -0.82400355377341727     
  -2.5375375375375375      -0.17062153743325162      -0.81605711331885011     
  -2.5275275275275275      -0.17984162866063846      -0.74347872509033475     
  -2.5175175175175175      -0.10908304374264249      -0.73016107663397900     
  -2.5075075075075075       -8.0165582170272628E-002 -0.78803264196901535     
  -2.4974974974974975       -9.5680450624458846E-002 -0.85340659213916759     
  -2.4874874874874875      -0.17202385943947190      -0.89965297464382010     
  -2.4774774774774775      -0.22316661007431354      -0.82664123161005953     
  -2.4674674674674675      -0.16031126321999017      -0.80692973090070941     
  -2.4574574574574575      -0.12547237563821406      -0.88043802738999655     
  -2.4474474474474475      -0.17101422461182245      -0.97203832701840986     
  -2.4374374374374375      -0.31353855015459720      -0.96744502380520836     
  -2.4274274274274275      -0.26559266312766849      -0.82961636806870187     
  -2.4174174174174174      -0.15585958183593934      -0.89733349933953188     
  -2.4074074074074074      -0.13459327506950872       -1.0126637746277032     
  -2.3973973973973974      -0.15652963955341548       -1.1406743276503550     
  -2.3873873873873874      -0.22968963414729737       -1.2957300968386749     
  -2.3773773773773774      -0.42042038490942535       -1.4533363969174995     
  -2.3673673673673674      -0.70334545272846682       -1.4632425473823942     
  -2.3573573573573574      -0.90324709935037406       -1.3547926086821289     
  -2.3473473473473474       -1.0710292415612659       -1.2303953044787397     
  -2.3373373373373374       -1.1373009935404419       -1.0548371684037756     
  -2.3273273273273274       -1.1874934720617922      -0.94674546342837707     
  -2.3173173173173174       -1.2198338031096538      -0.89787800682796881     
  -2.3073073073073074       -1.3803553056129185      -0.76057882330655135     
  -2.2972972972972974       -1.3784751609037045      -0.50252033325594336     
  -2.2872872872872874       -1.2725173888084007      -0.49090637344684629     
  -2.2772772772772774       -1.4731312789403115      -0.40727354302237984     
  -2.2672672672672673       -1.5628854677903967       -9.3414338697430960E-002
  -2.2572572572572573       -1.4867363202849961       0.27027170036404075     
  -2.2472472472472473       -1.2220635599918437       0.61667962989853387     
  -2.2372372372372373      -0.74708874079812015       0.77207441782614805     
  -2.2272272272272273      -0.36392398971021633       0.59510717963510729     
  -2.2172172172172173      -0.20828358067410810       0.38688615875913412     
  -2.2072072072072073      -0.13940628583965800       0.23524093601364962     
  -2.1971971971971973      -0.10255093563253538       0.12306012625327162     
  -2.1871871871871873       -8.0208831321644400E-002   3.5944546867907060E-002
  -2.1771771771771773       -6.5523507180642190E-002  -3.4567364379692711E-002
  -2.1671671671671673       -5.5336706546322459E-002  -9.3569886844978759E-002
  -2.1571571571571573       -4.8028574017231998E-002 -0.14431064899210877     
  -2.1471471471471473       -4.2744180299040146E-002 -0.18898228313909959     
  -2.1371371371371373       -3.9184998327048741E-002 -0.22906306209039221     
  -2.1271271271271273       -3.7059932040692363E-002 -0.26472244471836726     
  -2.1171171171171173       -3.4378937303789658E-002 -0.29792198612802334     
  -2.1071071071071072       -3.3625884938656390E-002 -0.33044257224194790     
  -2.0970970970970972       -3.7055297120640741E-002 -0.36087276050832001     
  -2.0870870870870872       -4.2481202835676253E-002 -0.38053156992265574     
  -2.0770770770770772       -3.4446300165908980E-002 -0.40034073053501879     
  -2.0670670670670672       -2.9839579518022085E-002 -0.42815118724960588     
  -2.0570570570570572       -2.9493463106631208E-002 -0.45489013105003001     
  -2.0470470470470472       -2.8706623128968125E-002 -0.47949341399860629     
  -2.0370370370370372       -2.8679093813029768E-002 -0.50610241536432188     
  -2.0270270270270272       -3.2951366550939484E-002 -0.53301411538367338     
  -2.0170170170170172       -4.8703580728516584E-002 -0.54886553782704928     
  -2.0070070070070072        4.2504916079118896E-003 -0.51833717632404064     
  -1.9969969969969972       -3.9007815040707619E-002 -0.68245280270402731     
  -1.9869869869869872       -5.0098504096679958E-002 -0.63172816626183192     
  -1.9769769769769772       -3.7507610411253847E-002 -0.65809179855713007     
  -1.9669669669669672       -3.6097196511091938E-002 -0.68934276659537008     
  -1.9569569569569571       -3.6291361650707045E-002 -0.72287224185233578     
  -1.9469469469469471       -3.8732961871509292E-002 -0.75931091694770636     
  -1.9369369369369371       -4.2725234901754450E-002 -0.79844428377468368     
  -1.9269269269269271       -4.8026430278824445E-002 -0.84228877408908798     
  -1.9169169169169171       -5.6704011551739056E-002 -0.89257550431887411     
  -1.9069069069069071       -7.2815979214930521E-002 -0.95083139288575647     
  -1.8968968968968971      -0.10356870885838591       -1.0078038181171014     
  -1.8868868868868871      -0.11881892577136775       -1.0675287395255812     
  -1.8768768768768771      -0.16014110482996907       -1.1716654864743916     
  -1.8668668668668671      -0.28746815594385478       -1.2714863218333032     
  -1.8568568568568571      -0.40166617780320607       -1.2476206033401129     
  -1.8468468468468471      -0.50050456063724569       -1.3031865046779798     
  -1.8368368368368371      -0.58949096530364831       -1.2376449468530526     
  -1.8268268268268271      -0.67571085842649237       -1.3138928697459109     
  -1.8168168168168171      -0.85282920359486036       -1.2248045029231283     
  -1.8068068068068071      -0.92260332464514905       -1.1422803641166115     
  -1.7967967967967970      -0.94334169732325901      -0.94376753030107330     
  -1.7867867867867866      -0.72443959587118933      -0.94763716532126074     
  -1.7767767767767766      -0.76450521004298877       -1.2165639892669093     
  -1.7667667667667666       -1.0416953307234107       -1.2743596879124495     
  -1.7567567567567566       -1.2421416435792803       -1.1549596156916688     
  -1.7467467467467466       -1.3424936226658850       -1.0177849901212228     
  -1.7367367367367366       -1.3985094754518397      -0.85097488845759217     
  -1.7267267267267266       -1.3349144933091948      -0.78115254123925182     
  -1.7167167167167166       -1.4400304379157591      -0.81616935638620458     
  -1.7067067067067065       -1.5945138423881564      -0.67865038833478419     
  -1.6966966966966965       -1.6592677525823831      -0.47757132169273664     
  -1.6866866866866865       -1.6501253857280034      -0.28786112178027073     
  -1.6766766766766765       -1.5905400316254446       -9.9228561223393255E-002
  -1.6666666666666665       -1.4341236513282674       -1.8760845941398912E-002
  -1.6566566566566565       -1.5157927714263164       -5.8925799976716119E-002
  -1.6466466466466465       -1.6137138435588758       0.18059389465944431     
  -1.6366366366366365       -1.5479077599684226       0.47600452568619295     
  -1.6266266266266265       -1.3514578031988163       0.75930104329396819     
  -1.6166166166166165       -1.0000317713278204       0.97077445520336825     
  -1.6066066066066065      -0.55031898265652124       0.93792571889496579     
  -1.5965965965965965      -0.29142248929336051       0.70703858830154998     
  -1.5865865865865865      -0.18625368008071577       0.51075617373227411     
  -1.5765765765765765      -0.13489217716201574       0.36431924760587953     
  -1.5665665665665665      -0.10537109340287638       0.25038809798401024     
  -1.5565565565565564       -8.6574546496098984E-002  0.15763810106571502     
  -1.5465465465465464       -7.3792693288149872E-002   7.9328257614424191E-002
  -1.5365365365365364       -6.4719008206223588E-002   1.1253244568375514E-002
  -1.5265265265265264       -5.8103206080152445E-002  -4.9364903669303954E-002
  -1.5165165165165164       -5.3218987113923408E-002 -0.10446217399484729     
  -1.5065065065065064       -4.9629493313004605E-002 -0.15545869460459932     
  -1.4964964964964964       -4.7083439666299721E-002 -0.20345462631596622     
  -1.4864864864864864       -4.5501212489480372E-002 -0.24935657142718884     
  -1.4764764764764764       -4.5136236955037233E-002 -0.29387981589506407     
  -1.4664664664664664       -4.6529947013379445E-002 -0.33640473030606488     
  -1.4564564564564564       -4.6173029301184054E-002 -0.37734834949593893     
  -1.4464464464464464       -4.6792334427731411E-002 -0.42139251149176482     
  -1.4364364364364364       -5.1891171176636539E-002 -0.46701991603591270     
  -1.4264264264264264       -6.5420523683831805E-002 -0.50728954333990794     
  -1.4164164164164164       -6.6670582153719474E-002 -0.53463361202298476     
  -1.4064064064064064       -5.9117562255923482E-002 -0.57990696813224207     
  -1.3963963963963963       -6.2957102137220972E-002 -0.63090357714748202     
  -1.3863863863863863       -6.6236339498983859E-002 -0.67770040807434950     
  -1.3763763763763763       -6.5637932285383865E-002 -0.73398595197389338     
  -1.3663663663663663       -7.0021130175599050E-002 -0.79933311700573328     
  -1.3563563563563563       -7.8051263525909437E-002 -0.87295362452058767     
  -1.3463463463463463       -9.2744595226028001E-002 -0.96404805065968369     
  -1.3363363363363363      -0.12966719959725023       -1.0555895042106305     
  -1.3263263263263263      -0.16286046303886190       -1.1675978659046937     
  -1.3163163163163163      -0.22997158519129990       -1.3223229447439282     
  -1.3063063063063063      -0.40189624724727968       -1.4956166808611076     
  -1.2962962962962963      -0.66566931790059114       -1.5537116317329305     
  -1.2862862862862863      -0.88314842186625842       -1.5028958342844079     
  -1.2762762762762763       -1.0408079555116807       -1.4390864067755795     
  -1.2662662662662663       -1.1898150221529140       -1.3669232902966388     
  -1.2562562562562563       -1.3207662296763392       -1.2734579275322002     
  -1.2462462462462462       -1.4294265377742401       -1.1697618459579333     
  -1.2362362362362362       -1.5208761530188892       -1.0608117336653575     
  -1.2262262262262262       -1.5984265956929669      -0.94738167065799472     
  -1.2162162162162162       -1.6637984326785591      -0.82900929384759503     
  -1.2062062062062062       -1.7174382334395193      -0.70442854317414649     
  -1.1961961961961962       -1.7579143153014842      -0.57167016646050650     
  -1.1861861861861862       -1.7822263675451429      -0.42946152485331041     
  -1.1761761761761762       -1.7813005673480846      -0.26969807166330856     
  -1.1661661661661662       -1.7131039160105013      -0.10422712968444138     
  -1.1561561561561562       -1.5971662995299396       -4.9253417423286476E-002
  -1.1461461461461462       -1.5624881232418437        1.0874885937417464E-002
  -1.1361361361361362       -1.4734249818327352        8.7372776284103514E-003
  -1.1261261261261262       -1.5600247156929843       -4.0821290776349752E-002
  -1.1161161161161162       -1.6767992883127374       0.12150334574592800     
  -1.1061061061061062       -1.6307098969577607       0.32892565711571453     
  -1.0960960960960962       -1.5044148856393091       0.42678633163270951     
  -1.0860860860860861       -1.4956423800625118       0.42006090516849565     
  -1.0760760760760761       -1.5527560808583223       0.60995663963578117     
  -1.0660660660660661       -1.4598193284041079       0.84735861608034413     
  -1.0560560560560561       -1.2712338183324448        1.0566594179991684     
  -1.0460460460460461      -0.98539850747502200        1.2139127887673733     
  -1.0360360360360361      -0.60524569537228023        1.2259495761963526     
  -1.0260260260260261      -0.31912709650362953        1.0302357874920351     
  -1.0160160160160161      -0.19854348002735633       0.82784844202546337     
  -1.0060060060060061      -0.14237474209604672       0.67407552750265487     
 -0.99599599599599564      -0.11086685619496531       0.55431791054828250     
 -0.98598598598598564       -9.0964107213261938E-002  0.45684482179439639     
 -0.97597597597597563       -7.7403655215697698E-002  0.37461889033788970     
 -0.96596596596596562       -6.7686440875548537E-002  0.30328777478705149     
 -0.95595595595595562       -6.0479890029111256E-002  0.24000639039733840     
 -0.94594594594594561       -5.5011333481652512E-002  0.18281707945868098     
 -0.93593593593593560       -5.0804135653996184E-002  0.13031138163395486     
 -0.92592592592592560       -4.7550480314773776E-002   8.1435290997712198E-002
 -0.91591591591591559       -4.5044994887835949E-002   3.5371112308850705E-002
 -0.90590590590590558       -4.3147942859745887E-002  -8.5377836639358596E-003
 -0.89589589589589558       -4.1763875913707442E-002  -5.0837183461270294E-002
 -0.88588588588588557       -4.0828920699072152E-002  -9.1997234430234109E-002
 -0.87587587587587556       -4.0303236454263647E-002 -0.13243854998801402     
 -0.86586586586586556       -4.0166872895150772E-002 -0.17255298004819120     
 -0.85585585585585555       -4.0418236651267495E-002 -0.21272171005075335     
 -0.84584584584584555       -4.1075143020329608E-002 -0.25333293779244898     
 -0.83583583583583554       -4.2179483176433656E-002 -0.29480157483205605     
 -0.82582582582582553       -4.3809049271090077E-002 -0.33759440387524536     
 -0.81581581581581553       -4.6108630360818560E-002 -0.38226580494822637     
 -0.80580580580580552       -4.9389946036520423E-002 -0.42950157826504393     
 -0.79579579579579551       -5.4505663347895451E-002 -0.47996934164272576     
 -0.78578578578578551       -6.2096497793358185E-002 -0.53217050170096725     
 -0.77577577577577550       -6.7532683711873265E-002 -0.58979844868904918     
 -0.76576576576576549       -7.8450174809750930E-002 -0.65829611666619081     
 -0.75575575575575549      -0.10286280715718135      -0.73571712953865809     
 -0.74574574574574548      -0.14717566142512242      -0.79684031923118526     
 -0.73573573573573547      -0.14822924556576403      -0.86143520178155963     
 -0.72572572572572547      -0.17690926317462202      -0.98003416582949243     
 -0.71571571571571546      -0.22938030684078448       -1.0991698497371576     
 -0.70570570570570545      -0.32017182357164542       -1.2838649866851362     
 -0.69569569569569545      -0.56585823296944027       -1.4508858450844422     
 -0.68568568568568544      -0.85969030544758607       -1.4564216426773025     
 -0.67567567567567544       -1.0904644193343018       -1.3750655396723568     
 -0.66566566566566543       -1.2677760112593295       -1.2647930707728630     
 -0.65565565565565542       -1.4075908079348929       -1.1434087744794543     
 -0.64564564564564542       -1.5198618184726003       -1.0170807440491592     
 -0.63563563563563541       -1.6107229918399804      -0.88819820674361172     
 -0.62562562562562540       -1.6840854309591704      -0.75765462456240884     
 -0.61561561561561540       -1.7424766371204452      -0.62564516456094343     
 -0.60560560560560539       -1.7874720714886609      -0.49197979724837915     
 -0.59559559559559538       -1.8198904383608376      -0.35620369503264532     
 -0.58558558558558538       -1.8397816402117249      -0.21762471350373572     
 -0.57557557557557537       -1.8460049093456457       -7.5371023905927648E-002
 -0.56556556556556536       -1.8346565845445086        7.0087475936533208E-002
 -0.55555555555555536       -1.8072116095573452       0.20855888049442745     
 -0.54554554554554535       -1.7733816512890015       0.35894673768008789     
 -0.53553553553553535       -1.6991390766149699       0.51427122584000728     
 -0.52552552552552534       -1.6070560606336737       0.64930415608362468     
 -0.51551551551551533       -1.4556119796926932       0.80207422786513183     
 -0.50550550550550533       -1.2034949558303676       0.80506769651408405     
 -0.49549549549549532       -1.2488318915493892       0.65570002664906912     
 -0.48548548548548531       -1.3306793111158637       0.87295543978992274     
 -0.47547547547547531       -1.1749877410389726        1.1159170333526176     
 -0.46546546546546530      -0.88839205412256972        1.2712836330074360     
 -0.45545545545545529      -0.52275640831209780        1.2536603884800441     
 -0.44544544544544529      -0.27964727662635253        1.0549965767443663     
 -0.43543543543543528      -0.17920176584250039       0.86915555774252173     
 -0.42542542542542527      -0.13104486419698508       0.72764839821296079     
 -0.41541541541541527      -0.10348506201060621       0.61617061683948959     
 -0.40540540540540526       -8.5850506520763883E-002  0.52446438844223120     
 -0.39539539539539525       -7.3732079130020986E-002  0.44638111973541683     
 -0.38538538538538525       -6.4999881841747154E-002  0.37808553273063022     
 -0.37537537537537524       -5.8504194561694998E-002  0.31704690847834582     
 -0.36536536536536524       -5.3572305527591180E-002  0.26150777797861230     
 -0.35535535535535523       -4.9786459557220698E-002  0.21019208428564537     
 -0.34534534534534522       -4.6875649853509477E-002  0.16213589817150784     
 -0.33533533533533522       -4.4658691435214899E-002  0.11658393865563726     
 -0.32532532532532521       -4.3012451586374324E-002   7.2923145537980003E-002
 -0.31531531531531520       -4.1853334180043444E-002   3.0637958385889497E-002
 -0.30530530530530520       -4.1126208531725696E-002  -1.0721330669843435E-002
 -0.29529529529529519       -4.0797799857784048E-002  -5.1562279854306711E-002
 -0.28528528528528518       -4.0852969659995644E-002  -9.2269305731894832E-002
 -0.27527527527527518       -4.1293080330980031E-002 -0.13322023964322058     
 -0.26526526526526517       -4.2136108825249270E-002 -0.17480218556359972     
 -0.25525525525525516       -4.3418530498850708E-002 -0.21742829631703581     
 -0.24524524524524516       -4.5199357574824107E-002 -0.26155726058606221     
 -0.23523523523523515       -4.7567212344995419E-002 -0.30771783565891409     
 -0.22522522522522515       -5.0652138777667319E-002 -0.35654185037321884     
 -0.21521521521521514       -5.4645395113898272E-002 -0.40881113370800432     
 -0.20520520520520513       -5.9833592089341539E-002 -0.46552762168833295     
 -0.19519519519519513       -6.6660371781558411E-002 -0.52802321762758608     
 -0.18518518518518512       -7.5845057745706629E-002 -0.59814071586218365     
 -0.17517517517517511       -8.8630314931452903E-002 -0.67854805546374219     
 -0.16516516516516511      -0.10735727304781592      -0.77331433535970773     
 -0.15515515515515510      -0.13700407996331951      -0.88899890612073884     
 -0.14514514514514509      -0.19013756917632085       -1.0364067322851533     
 -0.13513513513513509      -0.30556387434223892       -1.2270547982717726     
 -0.12512512512512508      -0.56783022695364016       -1.3967193830637397     
 -0.11511511511511507      -0.88730711087979441       -1.3933381435167429     
 -0.10510510510510507       -1.1355585961135042       -1.2845529237509241     
  -9.5095095095095061E-002  -1.3123993829877603       -1.1293303657185683     
  -8.5085085085085055E-002  -1.3938697585755428      -0.95016523680215814     
  -7.5075075075075048E-002  -1.4007038175924651      -0.89734736320426634     
  -6.5065065065065042E-002  -1.5356987200615302      -0.83339883766295386     
  -5.5055055055055035E-002  -1.6145429495124455      -0.72091725057062195     
  -4.5045045045045029E-002  -1.7067677414774403      -0.61561767148591706     
  -3.5035035035035023E-002  -1.7759836903689996      -0.47857887117425618     
  -2.5025025025025016E-002  -1.8189410704737770      -0.33941528549429478     
  -1.5015015015015010E-002  -1.8444243009459460      -0.20199765926302107     
  -5.0050050050050032E-003  -1.8553333386871789       -6.6431890020428500E-002
   5.0050050050050032E-003  -1.8553309336934944        6.6508888143392994E-002
   1.5015015015015010E-002  -1.8444136946026630       0.20207640812643196     
   2.5025025025025016E-002  -1.8189212405350725       0.33949526671010455     
   3.5035035035035023E-002  -1.7759513815732395       0.47866005550871632     
   4.5045045045045029E-002  -1.7067150273531064       0.61569301597465209     
   5.5055055055055035E-002  -1.6144967111137016       0.72096605049764140     
   6.5065065065065042E-002  -1.5356279138840714       0.83346982777250600     
   7.5075075075075048E-002  -1.4006443993891287       0.89733430887408938     
   8.5085085085085055E-002  -1.3938670593744591       0.95025886067146281     
   9.5095095095095061E-002  -1.3123139698127342        1.1294341157315149     
  0.10510510510510507       -1.1354271067265616        1.2846341717906622     
  0.11511511511511507      -0.88712604186100463        1.3933801743248551     
  0.12512512512512508      -0.56761968611324365        1.3966574447334814     
  0.13513513513513509      -0.30545240549700953        1.2269154934648292     
  0.14514514514514509      -0.19009108329433783        1.0362919468242351     
  0.15515515515515510      -0.13698033384504940       0.88890826598522155     
  0.16516516516516511      -0.10734325365128083       0.77323930862202039     
  0.17517517517517511       -8.8621307445620953E-002  0.67848325909149076     
  0.18518518518518512       -7.5838992173802744E-002  0.59808285551552964     
  0.19519519519519513       -6.6656206513530422E-002  0.52797015667791403     
  0.20520520520520513       -5.9830751171591479E-002  0.46547788369300586     
  0.21521521521521514       -5.4643539121810837E-002  0.40876363596747117     
  0.22522522522522515       -5.0651059924444568E-002  0.35649575326595540     
  0.23523523523523515       -4.7566782097431898E-002  0.30767245200661442     
  0.24524524524524516       -4.5199498825311941E-002  0.26151199752405674     
  0.25525525525525516       -4.3419202259959530E-002  0.21738261533761244     
  0.26526526526526517       -4.2137297864952857E-002  0.17475557278148343     
  0.27527527527527518       -4.1294797039070470E-002  0.13317218152410362     
  0.28528528528528518       -4.0855246841074271E-002   9.2219267130908486E-002
  0.29529529529529519       -4.0800693922385368E-002   5.1509681957419139E-002
  0.30530530530530520       -4.1129803078336344E-002   1.0665526639419899E-002
  0.31531531531531520       -4.1857746428239431E-002  -3.0697712476819725E-002
  0.32532532532532521       -4.3017842689813762E-002  -7.2987727565592825E-002
  0.33533533533533522       -4.4665282561237842E-002 -0.11665440946394914     
  0.34534534534534522       -4.6883747381156811E-002 -0.16221356937422310     
  0.35535535535535523       -4.9796495444972312E-002 -0.21027861543651030     
  0.36536536536536524       -5.3584904189379869E-002 -0.26160532079463833     
  0.37537537537537524       -5.8520288600630341E-002 -0.31715832898552099     
  0.38538538538538525       -6.5020923562372823E-002 -0.37821476777445873     
  0.39539539539539525       -7.3760454263177844E-002 -0.44653377629364754     
  0.40540540540540526       -8.5890415877126564E-002 -0.52464880457326013     
  0.41541541541541527      -0.10354461944269054      -0.61639984011325433     
  0.42542542542542527      -0.13114186756785892      -0.72794396296171415     
  0.43543543543543528      -0.17938284068345708      -0.86955330518587226     
  0.44544544544544529      -0.28006206294282343       -1.0555280477497033     
  0.45545545545545529      -0.52370226547856447       -1.2540058004658645     
  0.46546546546546530      -0.88934692782452529       -1.2709886893812243     
  0.47547547547547531       -1.1756335713350741       -1.1152904887620358     
  0.48548548548548531       -1.3308516603310867      -0.87212164539792425     
  0.49549549549549532       -1.2481806856734572      -0.65552737876877210     
  0.50550550550550533       -1.2041332293043354      -0.80554311268006928     
  0.51551551551551533       -1.4562880708048977      -0.80163723374185680     
  0.52552552552552534       -1.6073424261812788      -0.64874706894410705     
  0.53553553553553535       -1.6993525568470309      -0.51379428605489497     
  0.54554554554554535       -1.7735254313429567      -0.35845594949921894     
  0.55555555555555536       -1.8073197337859541      -0.20808414658934288     
  0.56556556556556536       -1.8347221149228929       -6.9564480163262277E-002
  0.57557557557557537       -1.8459978136026620        7.5897715670388263E-002
  0.58558558558558538       -1.8397203652607810       0.21814657422920672     
  0.59559559559559538       -1.8197802343495839       0.35672321755191261     
  0.60560560560560539       -1.7873125794403379       0.49249921917489964     
  0.61561561561561540       -1.7422643961563145       0.62616590312256859     
  0.62562562562562540       -1.6838141954108883       0.75817722194826953     
  0.63563563563563541       -1.6103831666321393       0.88872200542829771     
  0.64564564564564542       -1.5194390950016619        1.0176030187805993     
  0.65565565565565542       -1.4070635392904789        1.1439226322376186     
  0.66566566566566543       -1.2671101972159549        1.2652819565782218     
  0.67567567567567544       -1.0896045157957077        1.3754864370388509     
  0.68568568568568544      -0.85855412734311942        1.4566426718954715     
  0.69569569569569545      -0.56453275591097596        1.4504989677044535     
  0.70570570570570545      -0.31948910860528773        1.2829523826682472     
  0.71571571571571546      -0.22919211180160431        1.0985489160759316     
  0.72572572572572547      -0.17667082102886994       0.97950894526118049     
  0.73573573573573547      -0.14822190875451319       0.86098128306757438     
  0.74574574574574548      -0.14705037314707620       0.79668653680490764     
  0.75575575575575549      -0.10269941081135607       0.73538050281791134     
  0.76576576576576549       -7.8379487574896795E-002  0.65798063568009324     
  0.77577577577577550       -6.7501013873599677E-002  0.58952776041082633     
  0.78578578578578551       -6.2065579352927724E-002  0.53195160544674425     
  0.79579579579579551       -5.4474159048314180E-002  0.47975238782606122     
  0.80580580580580552       -4.9370207125661911E-002  0.42930070916714874     
  0.81581581581581553       -4.6094317279073656E-002  0.38208014484216213     
  0.82582582582582553       -4.3797955594317026E-002  0.33742086165856061     
  0.83583583583583554       -4.2170669417023188E-002  0.29463771202561606     
  0.84584584584584555       -4.1068102006816092E-002  0.25317684594988077     
  0.85585585585585555       -4.0412657773239914E-002  0.21257183073020064     
  0.86586586586586556       -4.0162556515172775E-002  0.17240798666378912     
  0.87587587587587556       -4.0300056409399092E-002  0.13229726817224879     
  0.88588588588588557       -4.0826806409144448E-002   9.1858583187413995E-002
  0.89589589589589558       -4.1762804585245013E-002   5.0700126768198510E-002
  0.90590590590590558       -4.3147938439319813E-002   8.4012857367488387E-003
  0.91591591591591559       -4.5046133096551796E-002  -3.5508133632879149E-002
  0.92592592592592560       -4.7552900929153999E-002  -8.1574018649605770E-002
  0.93593593593593560       -5.0808065354546926E-002 -0.13045316925137324     
  0.94594594594594561       -5.5017126228221289E-002 -0.18296354880378943     
  0.95595595595595562       -6.0488099229344915E-002 -0.24015957640395261     
  0.96596596596596562       -6.7697953896458260E-002 -0.30345035473224502     
  0.97597597597597563       -7.7419960634629623E-002 -0.37479456728763877     
  0.98598598598598564       -9.0987873603676786E-002 -0.45703900437090023     
  0.99599599599599564      -0.11090333697835189      -0.55453898429707804     
   1.0060060060060056      -0.14243574274228382      -0.67433726251146386     
   1.0160160160160157      -0.19866094881572227      -0.82817322268245663     
   1.0260260260260257      -0.31940531164259817       -1.0306338591464270     
   1.0360360360360357      -0.60582441479282489       -1.2261685465703331     
   1.0460460460460457      -0.98589993903418249       -1.2137972018342627     
   1.0560560560560557       -1.2715639276519108       -1.0564401685713221     
   1.0660660660660657       -1.4600221269295632      -0.84711382490753728     
   1.0760760760760757       -1.5528322567252233      -0.60971136703378936     
   1.0860860860860857       -1.4955785794403660      -0.41997349994114636     
   1.0960960960960957       -1.5045400027394462      -0.42676526590291064     
   1.1061061061061057       -1.6308397958139516      -0.32878820438408368     
   1.1161161161161157       -1.6768371457234239      -0.12132778710249538     
   1.1261261261261257       -1.5598305915461295        4.0941717196220452E-002
   1.1361361361361357       -1.4739512414429554       -8.7461971130170409E-003
   1.1461461461461457       -1.5618252447562424       -1.0914452228381439E-002
   1.1561561561561557       -1.5977552745536054        4.9594749945241157E-002
   1.1661661661661658       -1.7129636547923539       0.10431156112839356     
   1.1761761761761758       -1.7813307599440458       0.26969747934551519     
   1.1861861861861858       -1.7823177121441240       0.42961106559799156     
   1.1961961961961958       -1.7578478341742287       0.57177438089776766     
   1.2062062062062058       -1.7174001672564996       0.70449394733359394     
   1.2162162162162158       -1.6637640058094449       0.82907290802479638     
   1.2262262262262258       -1.5983885135375751       0.94744368639750243     
   1.2362362362362358       -1.5208335943419347        1.0608726493805132     
   1.2462462462462458       -1.4293826720805616        1.1698276400624583     
   1.2562562562562558       -1.3207241290642153        1.2735762834284932     
   1.2662662662662658       -1.1893784926754998        1.3673165491077410     
   1.2762762762762758       -1.0413766037557886        1.4362660625515047     
   1.2862862862862858      -0.88166964506685253        1.5062849459382204     
   1.2962962962962958      -0.66514519228169600        1.5521386910692643     
   1.3063063063063058      -0.40253364067423064        1.4953840260614932     
   1.3163163163163158      -0.23017362908482375        1.3225718488858353     
   1.3263263263263259      -0.16272280150582641        1.1679358580355748     
   1.3363363363363359      -0.12892343817374780        1.0554018087542754     
   1.3463463463463459       -9.3394281265650109E-002  0.96345592255025292     
   1.3563563563563559       -7.8351690692629941E-002  0.87322690222460253     
   1.3663663663663659       -6.9979468581638560E-002  0.79964478770170433     
   1.3763763763763759       -6.5185677129808217E-002  0.73419439935958486     
   1.3863863863863859       -6.5866758693454819E-002  0.67675225972171904     
   1.3963963963963959       -6.3927685890901170E-002  0.63095008801175279     
   1.4064064064064059       -5.9065814487003071E-002  0.58064350462967385     
   1.4164164164164168       -6.5813785145004758E-002  0.53438761883073438     
   1.4264264264264268       -6.5789627377919616E-002  0.50698571068994291     
   1.4364364364364368       -5.2021025997858537E-002  0.46709036750911348     
   1.4464464464464468       -4.6794788152734586E-002  0.42146610259533029     
   1.4564564564564568       -4.6073963284840314E-002  0.37735411574934774     
   1.4664664664664668       -4.6539633486323270E-002  0.33631452757861507     
   1.4764764764764768       -4.5151252668719048E-002  0.29384643218972084     
   1.4864864864864868       -4.5506613528194524E-002  0.24932525942534883     
   1.4964964964964969       -4.7086801457842546E-002  0.20342080672285417     
   1.5065065065065069       -4.9632681770523483E-002  0.15542204312916330     
   1.5165165165165169       -5.3222622280267702E-002  0.10442229786434942     
   1.5265265265265269       -5.8107673282894720E-002   4.9321133325047034E-002
   1.5365365365365369       -6.4724733521278568E-002  -1.1301904594248454E-002
   1.5465465465465469       -7.3800306116736797E-002  -7.9383255377950171E-002
   1.5565565565565569       -8.6585112163323166E-002 -0.15770159304652451     
   1.5665665665665669      -0.10538661416078106      -0.25046343843779439     
   1.5765765765765769      -0.13491690585741595      -0.36441193169537561     
   1.5865865865865869      -0.18629828286573358      -0.51087544711255639     
   1.5965965965965969      -0.29151995320367441      -0.70719582209866561     
   1.6066066066066069      -0.55055554340881574      -0.93806683610971686     
   1.6166166166166169       -1.0002980295151027      -0.97074331900894106     
   1.6266266266266269       -1.3516537056911246      -0.75923372561304847     
   1.6366366366366369       -1.5481796034356432      -0.47599421037030254     
   1.6466466466466469       -1.6146272076049533      -0.18039824580849451     
   1.6566566566566570       -1.5170636269095610        6.3567911505488420E-002
   1.6666666666666670       -1.4163691679166737        1.2939802214005246E-002
   1.6766766766766770       -1.6135757826764277        8.4408775512146678E-002
   1.6866866866866870       -1.6671018496049481       0.31693747905039582     
   1.6966966966966970       -1.6131357098472081       0.48933496589745573     
   1.7067067067067070       -1.5893174496979616       0.63795400267024815     
   1.7167167167167170       -1.4789991861123128       0.79851383533359799     
   1.7267267267267270       -1.3652186675861493       0.83014631821061258     
   1.7367367367367370       -1.3360562367934261       0.86732997486178121     
   1.7467467467467470       -1.3339650229226232       0.98374514058854379     
   1.7567567567567570       -1.2550238383522845        1.1369052623929790     
   1.7667667667667670       -1.0649384619038720        1.2692934937442486     
   1.7767767767767770      -0.78901613926804481        1.2408921254929672     
   1.7867867867867870      -0.70656643007475672       0.99306687185561737     
   1.7967967967967970      -0.86931150430731663       0.91839931077620729     
   1.8068068068068071      -0.94754946547486940        1.0835662826385937     
   1.8168168168168171      -0.90170562877463656        1.2162266672127171     
   1.8268268268268271      -0.72473689919928430        1.3693855946665427     
   1.8368368368368371      -0.49647637290963115        1.3020818876417981     
   1.8468468468468471      -0.48542674331512708        1.2151856333393194     
   1.8568568568568571      -0.43751803560533059        1.2355398805827362     
   1.8668668668668671      -0.30752843694396448        1.2841778601623912     
   1.8768768768768771      -0.16312480697236986        1.1892558913177362     
   1.8868868868868871      -0.10669160648310134        1.0824292178660087     
   1.8968968968968971       -8.3985901804750573E-002  0.99785886477135755     
   1.9069069069069071       -7.8839262485753125E-002  0.93594200525722682     
   1.9169169169169171       -6.4003548061948856E-002  0.89349338946294121     
   1.9269269269269271       -5.0258540956209102E-002  0.84463966019026204     
   1.9369369369369371       -4.3445388466881806E-002  0.80025772086636193     
   1.9469469469469471       -3.8896271405300463E-002  0.76098075512553032     
   1.9569569569569571       -3.5884846767322273E-002  0.72464494741318297     
   1.9669669669669672       -3.4782165910343034E-002  0.69139920152912093     
   1.9769769769769772       -3.3662263992454616E-002  0.66090710510376194     
   1.9869869869869872       -3.5739221890163507E-002  0.63058904350969980     
   1.9969969969969972       -4.8018124510049727E-002  0.61296594932309156     
   2.0070070070070072        1.5129638965573180E-003  0.60746185170977030     
   2.0170170170170172       -1.4594150318074289E-002  0.53391578931623562     
   2.0270270270270272       -3.9062346132648453E-002  0.51745544352643502     
   2.0370370370370372       -3.4161075761807921E-002  0.50617947548772135     
   2.0470470470470472       -3.0606008575921970E-002  0.48059522444004071     
   2.0570570570570572       -3.0476783792552017E-002  0.45620951108923274     
   2.0670670670670672       -2.9923565218655284E-002  0.42956412742775146     
   2.0770770770770772       -3.3559177023018645E-002  0.40170231342615342     
   2.0870870870870872       -4.0099130908388625E-002  0.38012872570133355     
   2.0970970970970972       -3.7857929803977161E-002  0.35926994585555116     
   2.1071071071071072       -3.4170875367481902E-002  0.33049529861325022     
   2.1171171171171173       -3.4535882715973978E-002  0.29803483234382316     
   2.1271271271271273       -3.7115760319930163E-002  0.26478224796259353     
   2.1371371371371373       -3.9214198608222735E-002  0.22910089783795412     
   2.1471471471471473       -4.2759372897087658E-002  0.18900539318923310     
   2.1571571571571573       -4.8037825440978010E-002  0.14432372095200541     
   2.1671671671671673       -5.5343105032264993E-002   9.3575945329884974E-002
   2.1771771771771773       -6.5528230368202156E-002   3.4568110297659153E-002
   2.1871871871871873       -8.0211961475678051E-002  -3.5947958332618213E-002
   2.1971971971971973      -0.10255107942623409      -0.12306637854119740     
   2.2072072072072073      -0.13939814458693636      -0.23524756349751455     
   2.2172172172172173      -0.20824783440029318      -0.38688897524904914     
   2.2272272272272273      -0.36378419014691254      -0.59512258439289356     
   2.2372372372372373      -0.74673459737155945      -0.77238454020971170     
   2.2472472472472473       -1.2219685702018475      -0.61762979491780146     
   2.2572572572572573       -1.4875649991922724      -0.27187631548792129     
   2.2672672672672673       -1.5664116434240196        9.1448076816423765E-002
   2.2772772772772774       -1.4842150757897496       0.41091529488184148     
   2.2872872872872874       -1.2637581582498607       0.52609525663545298     
   2.2972972972972974       -1.3377629777853652       0.47153544606284736     
   2.3073073073073074       -1.4035584957114584       0.72242728734318684     
   2.3173173173173174       -1.2637008187912504       0.90888700720598481     
   2.3273273273273274       -1.1959664585923708       0.98363624944248795     
   2.3373373373373374       -1.0883959873884064        1.0873873968540810     
   2.3473473473473474       -1.0534074056387814        1.1928474160597207     
   2.3573573573573574      -0.91283602927339558        1.3377780814293241     
   2.3673673673673674      -0.71768316859332582        1.4559483568293137     
   2.3773773773773774      -0.43467760960305102        1.4586349936236240     
   2.3873873873873874      -0.23477964739420631        1.3064360133143458     
   2.3973973973973974      -0.15625452861042227        1.1513622189633126     
   2.4074074074074074      -0.12913579438020628        1.0247797290097154     
   2.4174174174174174      -0.13705094585622205       0.91131274298996590     
   2.4274274274274275      -0.21127880958051648       0.81221617407727908     
   2.4374374374374375      -0.35415357772108785       0.87581106535571429     
   2.4474474474474475      -0.24089779548592627        1.0045640065793682     
   2.4574574574574575      -0.13658061290101031       0.93371080436716847     
   2.4674674674674675      -0.13080461632029847       0.85516463833158418     
   2.4774774774774775      -0.14167394964895391       0.83825442766991909     
   2.4874874874874875      -0.14359663582754226       0.79247840102240719     
   2.4974974974974975      -0.18768276465742006       0.82287635674068371     
   2.5075075075075075      -0.11802018306877285       0.83081793404889637     
   2.5175175175175175      -0.10847695728321850       0.77321723487841498     
   2.5275275275275275      -0.14843819650700349       0.77826423006824541     
   2.5375375375375375      -0.10651791021013482       0.78992475560558617     
   2.5475475475475475      -0.11112788585968214       0.76753086768556122     
   2.5575575575575575       -8.3592341818516921E-002  0.78768704803210654     
   2.5675675675675675       -5.2273558931025740E-002  0.75819644065155234     
   2.5775775775775776       -4.3928029240778696E-002  0.73552166725467316     
   2.5875875875875876       -3.2251953045794361E-002  0.71242314263516981     
   2.5975975975975976       -2.9441532930974443E-002  0.68623176622024640     
   2.6076076076076076       -3.6689817272055419E-002  0.66154641302308859     
   2.6176176176176176       -5.7704354096111028E-002  0.65511044142137898     
   2.6276276276276276       -4.9671674506922878E-002  0.65970945705116879     
   2.6376376376376376       -5.5550798438318970E-002  0.65144227894399709     
   2.6476476476476476       -4.6679611830250149E-002  0.65970130424759721     
   2.6576576576576576       -2.9948457297793107E-002  0.65445936874722588     
   2.6676676676676676       -1.8706932957533562E-002  0.63896771404021147     
   2.6776776776776776       -1.4208384970835000E-002  0.62435631069375142     
   2.6876876876876876       -1.1971995373480230E-002  0.61184350138500010     
   2.6976976976976976       -1.0618949286237788E-002  0.60078968868483540     
   2.7077077077077076       -9.6918845911834230E-003  0.59075598189793999     
   2.7177177177177176       -9.0052676035332208E-003  0.58147737263825028     
   2.7277277277277276       -8.4732918864734268E-003  0.57278441833075822     
   2.7377377377377377       -8.0595263673210928E-003  0.56456321623021799     
   2.7477477477477477       -7.7549673898392952E-003  0.55677287292584554     
   2.7577577577577577       -7.4188783735242786E-003  0.54935682551043208     
   2.7677677677677677       -7.1228464044825355E-003  0.54213749455178617     
   2.7777777777777777       -6.8955980865363338E-003  0.53514495300418163     
   2.7877877877877877       -6.7139659227772952E-003  0.52835047920802580     
   2.7977977977977977       -6.5706659801253037E-003  0.52171697398702521     
   2.8078078078078077       -6.4640738218143647E-003  0.51520851790680600     
   2.8178178178178177       -6.3955093755345086E-003  0.50878881286036648     
   2.8278278278278277       -6.3689169283842814E-003  0.50241899694953784     
   2.8378378378378377       -6.3914377592883447E-003  0.49605505497880326     
   2.8478478478478477       -6.4747870377243237E-003  0.48964433871661306     
   2.8578578578578577       -6.6379181495892442E-003  0.48312040671827783     
   2.8678678678678677       -6.9122715012050525E-003  0.47639478390876988     
   2.8778778778778777       -7.3530138217622843E-003  0.46934296317020396     
   2.8878878878878878       -8.0665916063118667E-003  0.46177962809809192     
   2.8978978978978978       -9.2929182399038648E-003  0.45341899960053239     
   2.9079079079079078       -1.1703926057504459E-002  0.44391382581602218     
   2.9179179179179178       -1.6572687948205767E-002  0.43427066356150051     
   2.9279279279279278       -2.0862398559253162E-002  0.42414927240540057     
   2.9379379379379378       -2.8573668638594566E-002  0.40814481391396257     
   2.9479479479479478       -5.2184459901871476E-002  0.38415830541429424     
   2.9579579579579578      -0.12487651915519775       0.38148608666104356     
   2.9679679679679678      -0.14198242666784294       0.49597746186756220     
   2.9779779779779778       -6.4517322474106173E-002  0.50668101490198647     
   2.9879879879879878       -4.4358324603546578E-002  0.47774880847182860     
   2.9979979979979978       -6.0049283259320511E-002  0.46524566174571541     
   3.0080080080080087       -5.2188282664059678E-002  0.49265776094770281     
   3.0180180180180187       -2.5586036122018849E-002  0.48398154878562549     
   3.0280280280280287       -1.6306157134164435E-002  0.46857816882892178     
   3.0380380380380387       -1.3204129564617426E-002  0.45547508612138338     
   3.0480480480480487       -1.2849845603931768E-002  0.44345350496899694     
   3.0580580580580587       -1.5110375265627633E-002  0.43095760070541872     
   3.0680680680680688       -2.2793131134158914E-002  0.41642552221255802     
   3.0780780780780788       -4.7237044123106767E-002  0.40336294696152686     
   3.0880880880880888       -8.3862462399250895E-002  0.43440240285370746     
   3.0980980980980988       -5.2391551429689959E-002  0.47441726435353304     
   3.1081081081081088       -2.4050297975003229E-002  0.46363418674903056     
   3.1181181181181188       -1.5176621503927297E-002  0.44949074552943563     
   3.1281281281281288       -1.3433853146225099E-002  0.43787398840373515     
   3.1381381381381388       -1.7571310557851598E-002  0.42993805756195663     
   3.1481481481481488       -1.7837584187071980E-002  0.43072066564479433     
   3.1581581581581588       -1.5662013394100706E-002  0.42333312423620267     
   3.1681681681681688       -2.4061337223459257E-002  0.41921419279232042     
   3.1781781781781788       -2.1248236771114707E-002  0.42854276418570098     
   3.1881881881881888       -1.3490415562628423E-002  0.42243492812341371     
   3.1981981981981988       -1.5488745691882523E-002  0.41456347736657589     
   3.2082082082082088       -2.0704568578495265E-002  0.41721430511049534     
   3.2182182182182189       -1.6766311353676799E-002  0.41810785213246610     
   3.2282282282282289       -1.2216662911922072E-002  0.41901657533922027     
   3.2382382382382389       -7.0506417590922490E-003  0.41429279582901873     
   3.2482482482482489       -5.1125580704569282E-003  0.40915921970223673     
   3.2582582582582589       -4.2722286646864355E-003  0.40474942290028976     
   3.2682682682682689       -3.8730419015440142E-003  0.40081558562109765     
   3.2782782782782789       -3.7847993524528696E-003  0.39714804045481189     
   3.2882882882882889       -4.2302559645148053E-003  0.39371700555952910     
   3.2982982982982989       -5.1140826101897666E-003  0.39162986598408844     
   3.3083083083083089       -4.6343056985760070E-003  0.38970072932125238     
   3.3183183183183189       -3.9066480768107153E-003  0.38772285468535395     
   3.3283283283283289       -3.0992033877440379E-003  0.38494167340472335     
   3.3383383383383389       -2.7690961509312241E-003  0.38214551804228902     
   3.3483483483483489       -2.6015044803777438E-003  0.37949991280225503     
   3.3583583583583589       -2.4978250428917999E-003  0.37696725824005139     
   3.3683683683683689       -2.4322188181954093E-003  0.37451707903145270     
   3.3783783783783790       -2.4109350369085247E-003  0.37214443553014276     
   3.3883883883883890       -2.3734626304677069E-003  0.36989606806565717     
   3.3983983983983990       -2.2849078219433121E-003  0.36763427952867417     
   3.4084084084084090       -2.2336370279476322E-003  0.36538692150830260     
   3.4184184184184190       -2.1997446179710524E-003  0.36317322076644232     
   3.4284284284284290       -2.1752287007373787E-003  0.36098688712666371     
   3.4384384384384390       -2.1579635215450751E-003  0.35882101265191529     
   3.4484484484484490       -2.1475596095618622E-003  0.35666900973655175     
   3.4584584584584590       -2.1444415140379983E-003  0.35452409110090438     
   3.4684684684684690       -2.1497219291542599E-003  0.35237872779654844     
   3.4784784784784790       -2.1654509770885713E-003  0.35022401084986837     
   3.4884884884884890       -2.1954493989382907E-003  0.34804873158003663     
   3.4984984984984990       -2.2480055705751440E-003  0.34583807416107137     
   3.5085085085085090       -2.3464547418960407E-003  0.34357500900281440     
   3.5185185185185190       -2.5496012493426718E-003  0.34129618024131236     
   3.5285285285285291       -2.6605382118415214E-003  0.33908622295145047     
   3.5385385385385391       -2.7560563948754125E-003  0.33656070008164019     
   3.5485485485485491       -3.0999972289545586E-003  0.33385752679459701     
   3.5585585585585591       -3.4993606772244740E-003  0.33115985439668755     
   3.5685685685685691       -3.8979918153146365E-003  0.32784851824392280     
   3.5785785785785791       -4.8636918485956979E-003  0.32379217105795050     
   3.5885885885885891       -6.9142939538567837E-003  0.31864117956474497     
   3.5985985985985991       -1.1904704610563021E-002  0.31172523332360674     
   3.6086086086086091       -2.6649699666167481E-002  0.30501765595091906     
   3.6186186186186191       -4.9735416973391802E-002  0.32512060134043647     
   3.6286286286286291       -2.9306089364574465E-002  0.34858478521880271     
   3.6386386386386391       -1.4181068206233721E-002  0.34159794207665889     
   3.6486486486486491       -1.0950204007490342E-002  0.33294307650046817     
   3.6586586586586591       -1.4831263254168605E-002  0.32707294915638069     
   3.6686686686686691       -1.7377077174295798E-002  0.33137656863513265     
   3.6786786786786791       -1.5157530827462665E-002  0.33044330415657663     
   3.6886886886886892       -1.2177150500852317E-002  0.33314901078071152     
   3.6986986986986992       -7.0113481850686606E-003  0.32930841807358069     
   3.7087087087087092       -5.5194948678734266E-003  0.32423641641576489     
   3.7187187187187192       -5.6904608519408387E-003  0.31925380838419365     
   3.7287287287287292       -7.5687210649639913E-003  0.31374183921364818     
   3.7387387387387392       -1.3794378920213072E-002  0.30743370351109228     
   3.7487487487487492       -3.0984326323138300E-002  0.30987836155697551     
   3.7587587587587592       -2.7356880470545200E-002  0.33361802839336219     
   3.7687687687687692       -1.1777226502066909E-002  0.33265948559290948     
   3.7787787787787792       -6.4429531554292159E-003  0.32682949369956327     
   3.7887887887887892       -4.5396844612311284E-003  0.32219157242938307     
   3.7987987987987992       -3.8592857967659063E-003  0.31836236776617982     
   3.8088088088088092       -3.9504299386206821E-003  0.31483063754335944     
   3.8188188188188192       -5.2832395723232924E-003  0.31127893953807168     
   3.8288288288288292       -9.7722200348021437E-003  0.30944460054203426     
   3.8388388388388393       -1.1497836187086672E-002  0.31457912026339463     
   3.8488488488488493       -6.3749394192963707E-003  0.31590973303722741     
   3.8588588588588593       -3.5872920920230061E-003  0.31309531461592610     
   3.8688688688688693       -2.5929042096627017E-003  0.31046025412372186     
   3.8788788788788793       -2.1613003080536118E-003  0.30822818719314399     
   3.8888888888888893       -1.9581955684361365E-003  0.30623868151263067     
   3.8988988988988993       -1.9055840921515497E-003  0.30437671024330792     
   3.9089089089089093       -2.0804705373814441E-003  0.30258156196981850     
   3.9189189189189193       -2.7152481655944439E-003  0.30120601809968867     
   3.9289289289289293       -2.8256137879698307E-003  0.30058423576581772     
   3.9389389389389393       -2.2568669175333307E-003  0.29981801344444259     
   3.9489489489489493       -1.7026560672580660E-003  0.29834688127293524     
   3.9589589589589593       -1.4972239357602184E-003  0.29684570772117097     
   3.9689689689689693       -1.4124116928203355E-003  0.29542426066598887     
   3.9789789789789793       -1.3945121234075735E-003  0.29405451076513928     
   3.9889889889889893       -1.4816211132488381E-003  0.29275067557321249     
   3.9989989989989994       -1.5408796962277766E-003  0.29172261780680170     
   4.0090090090090094       -1.3504345354383546E-003  0.29056061693216756     
   4.0190190190190194       -1.2809418759998433E-003  0.28930488693064510     
   4.0290290290290294       -1.3018460007663980E-003  0.28808289731673087     
   4.0390390390390394       -1.3439084413152537E-003  0.28701330715428819     
   4.0490490490490494       -1.2298768324325059E-003  0.28590832046394038     
   4.0590590590590594       -1.1726727537768782E-003  0.28474000539758720     
   4.0690690690690694       -1.1471910513971497E-003  0.28358706484705143     
   4.0790790790790794       -1.1328756158551843E-003  0.28244910590730460     
   4.0890890890890894       -1.1241889753336211E-003  0.28132136154164211     
   4.0990990990990994       -1.1195163857793747E-003  0.28019996035524325     
   4.1091091091091094       -1.1185959192692222E-003  0.27908142562309940     
   4.1191191191191194       -1.1219963455597569E-003  0.27796208974024184     
   4.1291291291291294       -1.1314200687665120E-003  0.27683750812557467     
   4.1391391391391394       -1.1514222108673187E-003  0.27570179089701102     
   4.1491491491491495       -1.1967399512713597E-003  0.27454938120974476     
   4.1591591591591595       -1.3020882018410934E-003  0.27341828089638309     
   4.1691691691691695       -1.3186219135584477E-003  0.27235327717282104     
   4.1791791791791795       -1.3221606540406734E-003  0.27112546375729951     
   4.1891891891891895       -1.4446263930969192E-003  0.26981611771422531     
   4.1991991991991995       -1.8008372518339858E-003  0.26851174986263421     
   4.2092092092092095       -2.0847890706713686E-003  0.26768755535995692     
   4.2192192192192195       -1.8590162504276751E-003  0.26636612445029845     
   4.2292292292292295       -1.9901381166611731E-003  0.26461839077334454     
   4.2392392392392395       -2.4760098604085378E-003  0.26257814568259341     
   4.2492492492492495       -3.6518328554261455E-003  0.26003848388886602     
   4.2592592592592595       -6.9367530831134895E-003  0.25702847420788921     
   4.2692692692692695       -1.4375062880943562E-002  0.25835698955850195     
   4.2792792792792795       -1.5973367306395696E-002  0.26625496825377665     
   4.2892892892892895       -8.9192841810712964E-003  0.27044093372406652     
   4.2992992992992995       -4.7220031597541212E-003  0.26733289234692709     
   4.3093093093093096       -3.7145033843887683E-003  0.26408027962547787     
   4.3193193193193196       -4.5151821593561736E-003  0.26120297951185217     
   4.3293293293293296       -7.4621961332592699E-003  0.26092187794399013     
   4.3393393393393396       -5.6867288855496365E-003  0.26270325352433221     
   4.3493493493493496       -4.6539334451921825E-003  0.26027384403048004     
   4.3593593593593596       -6.9444430590992331E-003  0.25918457615050283     
   4.3693693693693696       -5.7633360562654558E-003  0.26168786856757831     
   4.3793793793793796       -3.3901899550340905E-003  0.25987842037715425     
   4.3893893893893896       -2.9554785606282575E-003  0.25737179314792069     
   4.3993993993993996       -3.7774514157128789E-003  0.25480587881667871     
   4.4094094094094096       -6.9989534551823541E-003  0.25317043887502216     
   4.4194194194194196       -8.3967210010573688E-003  0.25645784827773072     
   4.4294294294294296       -7.7526465990194341E-003  0.25589341009337402     
   4.4394394394394396       -7.9657424258361906E-003  0.25906373019190021     
   4.4494494494494496       -3.9545064219114346E-003  0.25871907510413256     
   4.4594594594594597       -2.4381882411231349E-003  0.25654304889961344     
   4.4694694694694697       -1.9952859832038775E-003  0.25463880543324124     
   4.4794794794794797       -2.1688794971758607E-003  0.25296173802173766     
   4.4894894894894897       -3.1299140810485009E-003  0.25216846963865480     
   4.4994994994994997       -2.5692174503284346E-003  0.25232929801353154     
   4.5095095095095097       -2.1766283830499653E-003  0.25115711971085980     
   4.5195195195195197       -2.2076890798584190E-003  0.25077978252431099     
   4.5295295295295297       -1.4609056974498559E-003  0.24999992229927984     
   4.5395395395395397       -1.1362105135553332E-003  0.24889427307708306     
   4.5495495495495497       -1.0015513295857548E-003  0.24787230774055702     
   4.5595595595595597       -9.3215492457985520E-004  0.24692272419216252     
   4.5695695695695697       -8.9370662405530556E-004  0.24601952251962153     
   4.5795795795795797       -8.7945709435549232E-004  0.24514447557645377     
   4.5895895895895897       -9.0655999384935864E-004  0.24428733209383111     
   4.5995995995995997       -1.0301062435601584E-003  0.24351816713919128     
   4.6096096096096097       -9.8062060830141052E-004  0.24294340854429405     
   4.6196196196196198       -8.4786019091928025E-004  0.24216991571014185     
   4.6296296296296298       -8.0401970342047682E-004  0.24137210298670922     
   4.6396396396396398       -8.0307118734702671E-004  0.24058976382020969     
   4.6496496496496498       -8.6091793736238075E-004  0.23984707847074568     
   4.6596596596596598       -8.6121212942630255E-004  0.23923865797656427     
   4.6696696696696698       -7.7088216789624516E-004  0.23853048704503999     
   4.6796796796796798       -7.3487632617548016E-004  0.23779610103149895     
   4.6896896896896898       -7.1901786110193050E-004  0.23707369932616451     
   4.6996996996996998       -7.1128060811174651E-004  0.23636061430364511     
   4.7097097097097098       -7.1005559435198735E-004  0.23565269209757447     
   4.7197197197197198       -7.2073632028629426E-004  0.23494625978186146     
   4.7297297297297298       -7.6592459591907881E-004  0.23425139782852630     
   4.7397397397397398       -8.0274828679786578E-004  0.23365001656270890     
   4.7497497497497498       -7.4996157010567344E-004  0.23299035290656739     
   4.7597597597597598       -7.7178936289038803E-004  0.23229536256351210     
   4.7697697697697699       -8.1990777566124697E-004  0.23171109834427486     
   4.7797797797797799       -7.3371157119056735E-004  0.23109236666927441     
   4.7897897897897899       -6.9334126257509967E-004  0.23040778705771106     
   4.7997997997997999       -6.7987662791825260E-004  0.22972739345574386     
   4.8098098098098099       -6.7584946884056670E-004  0.22905165089368965     
   4.8198198198198199       -6.7707514792247285E-004  0.22837653995144250     
   4.8298298298298299       -6.8337196815607148E-004  0.22769817058224445     
   4.8398398398398399       -6.9761778029849432E-004  0.22701204723394539     
   4.8498498498498499       -7.3068003234709846E-004  0.22631372973530284     
   4.8598598598598599       -8.1442001482813205E-004  0.22562812752512079     
   4.8698698698698699       -8.3954701227808475E-004  0.22503087765281155     
   4.8798798798798799       -8.0467596924308155E-004  0.22430390262433467     
   4.8898898898898899       -8.3787596016753681E-004  0.22350978356233334     
   4.8998998998998999       -9.2895959483430348E-004  0.22265526722862769     
   4.9099099099099099       -1.1182280410418405E-003  0.22169521440199619     
   4.9199199199199199       -1.5558795915076281E-003  0.22055506602267252     
   4.9299299299299300       -2.7913546501391671E-003  0.21927729229910117     
   4.9399399399399400       -5.4940965980952361E-003  0.21977550896916034     
   4.9499499499499500       -5.1245481992730265E-003  0.22290146376639361     
   4.9599599599599600       -2.5373237684657899E-003  0.22268871558019346     
   4.9699699699699700       -1.6304370252279905E-003  0.22127111856547646     
   4.9799799799799800       -1.4425372304871498E-003  0.21995038677001275     
   4.9899899899899900       -1.7082687220041080E-003  0.21864922689497635     
   5.0000000000000000       -2.8720466020328056E-003  0.21755334965667672     
