  -5.0000000000000000       -3.0204475858520903E-003 -0.21887045721540535     
  -4.9899899899899900       -3.7568877761325900E-003 -0.21784234988082285     
  -4.9799799799799800       -2.2801571049169654E-003 -0.21817567251825190     
  -4.9699699699699700       -2.0187014385916911E-003 -0.21966683368667794     
  -4.9599599599599600       -2.9756734198995603E-003 -0.22115522503629648     
  -4.9499499499499500       -5.2941795842483029E-003 -0.22059469883715480     
  -4.9399399399399400       -4.7950162377914324E-003 -0.21870838130828657     
  -4.9299299299299300       -2.8995168426935581E-003 -0.21808867994738790     
  -4.9199199199199199       -1.5923430194237512E-003 -0.21923570492996514     
  -4.9099099099099099       -1.1281930651132325E-003 -0.22037338654920738     
  -4.8998998998998999       -9.3096121870000082E-004 -0.22133541867071052     
  -4.8898898898898899       -8.3544462814821754E-004 -0.22218936302880690     
  -4.8798798798798799       -7.9641861662182122E-004 -0.22298069717943281     
  -4.8698698698698699       -8.1937312477151016E-004 -0.22371063623889734     
  -4.8598598598598599       -8.0191219179142194E-004 -0.22431852668746965     
  -4.8498498498498499       -7.2323935587952093E-004 -0.22499715021525249     
  -4.8398398398398399       -6.9093796398912418E-004 -0.22568899723582433     
  -4.8298298298298299       -6.7651392196542903E-004 -0.22636861777597067     
  -4.8198198198198199       -6.6947954664730918E-004 -0.22704000425799878     
  -4.8098098098098099       -6.6675676887436133E-004 -0.22770722891938491     
  -4.7997997997997999       -6.6755703726955435E-004 -0.22837351807627237     
  -4.7897897897897899       -6.7258121807351270E-004 -0.22904195756175250     
  -4.7797797797797799       -6.8537365112587899E-004 -0.22971619074446462     
  -4.7697697697697699       -7.1942442938230020E-004 -0.23039866966859099     
  -4.7597597597597598       -8.0928177364799280E-004 -0.23104885475032372     
  -4.7497497497497498       -8.1601105019224831E-004 -0.23160927153811769     
  -4.7397397397397398       -8.1965542229772660E-004 -0.23225505649284942     
  -4.7297297297297298       -7.7989367433282442E-004 -0.23284453294164115     
  -4.7197197197197198       -7.2123515799908796E-004 -0.23353148740699839     
  -4.7097097097097098       -7.0477862274844741E-004 -0.23423295794038909     
  -4.6996996996996998       -7.0243273690832387E-004 -0.23493354343070946     
  -4.6896896896896898       -7.0588724267147903E-004 -0.23563654872029760     
  -4.6796796796796798       -7.1315916877475491E-004 -0.23634518457541240     
  -4.6696696696696698       -7.2477478938272864E-004 -0.23706247513431891     
  -4.6596596596596598       -7.4461005163964269E-004 -0.23779199751855110     
  -4.6496496496496498       -7.8768706045992225E-004 -0.23853514328399775     
  -4.6396396396396398       -8.8416415272652110E-004 -0.23923908462268473     
  -4.6296296296296298       -8.6433258188723782E-004 -0.23987838756554078     
  -4.6196196196196198       -8.3508594751913591E-004 -0.24065432860904568     
  -4.6096096096096097       -8.8971318036067343E-004 -0.24145823270013503     
  -4.5995995995995997       -1.0262947335448215E-003 -0.24215745752839982     
  -4.5895895895895897       -9.4378124543102217E-004 -0.24281194522727895     
  -4.5795795795795797       -8.8446474262042474E-004 -0.24365029354104714     
  -4.5695695695695697       -8.8708804336803981E-004 -0.24451925368197636     
  -4.5595595595595597       -9.1638647408220171E-004 -0.24541229926576408     
  -4.5495495495495497       -9.6873752287764407E-004 -0.24634442815055949     
  -4.5395395395395397       -1.0562096625836126E-003 -0.24733719573100366     
  -4.5295295295295297       -1.2166130028288943E-003 -0.24842503957806569     
  -4.5195195195195197       -1.5712126558960285E-003 -0.24965761498346603     
  -4.5095095095095097       -2.5477248858717205E-003 -0.25091790697236788     
  -4.4994994994994997       -4.0320470777112493E-003 -0.25074616643438963     
  -4.4894894894894897       -3.5541863829855330E-003 -0.24980797483830580     
  -4.4794794794794797       -2.2107178719292710E-003 -0.25080310300705427     
  -4.4694694694694697       -1.8546975977129549E-003 -0.25246411488167886     
  -4.4594594594594597       -1.9663804276821737E-003 -0.25421171030154871     
  -4.4494494494494496       -2.4888384597913510E-003 -0.25619927954694538     
  -4.4394394394394396       -3.9082561998489930E-003 -0.25864891036148663     
  -4.4294294294294296       -8.1383630937725236E-003 -0.26087889410835996     
  -4.4194194194194196       -1.3783891555305147E-002 -0.25620291105984611     
  -4.4094094094094096       -1.0423322051016915E-002 -0.24964642602364545     
  -4.3993993993993996       -4.9448701067991369E-003 -0.25079078629574791     
  -4.3893893893893896       -3.0886206638070829E-003 -0.25360188911100612     
  -4.3793793793793796       -2.5491601482927166E-003 -0.25606870771607931     
  -4.3693693693693696       -2.6010379475274602E-003 -0.25841438620517049     
  -4.3593593593593596       -3.2987138759566961E-003 -0.26094033233993957     
  -4.3493493493493496       -5.6065307244517176E-003 -0.26369264526686276     
  -4.3393393393393396       -1.0918795461529731E-002 -0.26314344524659861     
  -4.3293293293293296       -1.1419330129064544E-002 -0.25779319675327655     
  -4.3193193193193196       -6.3798554807033489E-003 -0.25666076474882649     
  -4.3093093093093096       -4.1658310632603866E-003 -0.25980159839331113     
  -4.2992992992992995       -4.1768266516215933E-003 -0.26317681500719364     
  -4.2892892892892895       -6.2256983610332007E-003 -0.26686396786073846     
  -4.2792792792792795       -1.3443306539636947E-002 -0.26902805109917327     
  -4.2692692692692695       -1.8677617950596588E-002 -0.25716670311413220     
  -4.2592592592592595       -8.5310291830571362E-003 -0.25346762626742619     
  -4.2492492492492495       -4.2091481705132487E-003 -0.25673642536697761     
  -4.2392392392392395       -2.6925777743001290E-003 -0.25950552000104582     
  -4.2292292292292295       -2.0304997429889038E-003 -0.26165055431361373     
  -4.2192192192192195       -1.6908010729973090E-003 -0.26342286318899660     
  -4.2092092092092095       -1.4993351927822891E-003 -0.26497431155483125     
  -4.1991991991991995       -1.3906202530504282E-003 -0.26639171813434076     
  -4.1891891891891895       -1.3471091440028506E-003 -0.26772878562497121     
  -4.1791791791791795       -1.4053646598732627E-003 -0.26899991100628146     
  -4.1691691691691695       -1.5296749225442434E-003 -0.27001720734410800     
  -4.1591591591591595       -1.4052572143962777E-003 -0.27103256467952885     
  -4.1491491491491495       -1.2884843913665129E-003 -0.27209111795974084     
  -4.1391391391391394       -1.1828349231266181E-003 -0.27323744183559578     
  -4.1291291291291294       -1.1411836549655417E-003 -0.27438168215791481     
  -4.1191191191191194       -1.1228500724622618E-003 -0.27550846748429775     
  -4.1091091091091094       -1.1146610486203194E-003 -0.27662520873472679     
  -4.0990990990990994       -1.1122745623972446E-003 -0.27773780383790342     
  -4.0890890890890894       -1.1139530396854741E-003 -0.27885052314879571     
  -4.0790790790790794       -1.1189655262831850E-003 -0.27996677184124835     
  -4.0690690690690694       -1.1271292257061854E-003 -0.28108959408040668     
  -4.0590590590590594       -1.1387440997459547E-003 -0.28222206128234151     
  -4.0490490490490494       -1.1548263672494976E-003 -0.28336770714980164     
  -4.0390390390390394       -1.1779439169698576E-003 -0.28453120473121002     
  -4.0290290290290294       -1.2150296408795331E-003 -0.28571950379159622     
  -4.0190190190190194       -1.2884790813673225E-003 -0.28694176416170147     
  -4.0090090090090094       -1.4774495130433656E-003 -0.28817129831920923     
  -3.9989989989989989       -1.7328569096831312E-003 -0.28911594530625956     
  -3.9889889889889889       -1.5295972166007371E-003 -0.29007428894721976     
  -3.9789789789789789       -1.3909928029441699E-003 -0.29137800957429649     
  -3.9689689689689689       -1.3767724174270964E-003 -0.29272793615222548     
  -3.9589589589589589       -1.4145145834518560E-003 -0.29410581947042569     
  -3.9489489489489489       -1.5018772402912049E-003 -0.29553613116817851     
  -3.9389389389389389       -1.6966915477233163E-003 -0.29704444327467805     
  -3.9289289289289289       -2.2049675796466557E-003 -0.29850877736908399     
  -3.9189189189189189       -2.5021880135380177E-003 -0.29930516397888873     
  -3.9089089089089089       -2.2858937241180973E-003 -0.30082198586676251     
  -3.8988988988988988       -2.8763313055739548E-003 -0.30250025379121265     
  -3.8888888888888888       -3.1755166951453408E-003 -0.30303470444262864     
  -3.8788788788788788       -2.5131262777071846E-003 -0.30466235609582099     
  -3.8688688688688688       -2.5189820378045888E-003 -0.30688746638911213     
  -3.8588588588588588       -3.0640931872621801E-003 -0.30936208634297258     
  -3.8488488488488488       -4.7368121118421718E-003 -0.31199927813674105     
  -3.8388388388388388       -7.6878255042336814E-003 -0.31212933165540163     
  -3.8288288288288288       -6.9329587520299170E-003 -0.31263931321390809     
  -3.8188188188188188       -9.8108119862025129E-003 -0.31434914598271807     
  -3.8088088088088088       -8.9586347544468245E-003 -0.31083180423795698     
  -3.7987987987987988       -5.5548719474886078E-003 -0.31359472107836034     
  -3.7887887887887888       -5.0720175442924738E-003 -0.31789659761130601     
  -3.7787787787787788       -6.2997177550133633E-003 -0.32273562784619236     
  -3.7687687687687688       -1.0428203041217228E-002 -0.32857866351997089     
  -3.7587587587587588       -2.2528735277654352E-002 -0.33165741948741007     
  -3.7487487487487487       -3.1426033275574750E-002 -0.31888982409905986     
  -3.7387387387387387       -2.4486751666924371E-002 -0.30439208178044180     
  -3.7287287287287287       -1.1480149874207587E-002 -0.30679906878786850     
  -3.7187187187187187       -7.1223247627444563E-003 -0.31321387840116544     
  -3.7087087087087087       -5.9998281585025223E-003 -0.31885271009792682     
  -3.6986986986986987       -6.6519123817697801E-003 -0.32426418817480857     
  -3.6886886886886887       -1.0263341272686086E-002 -0.32939784370156239     
  -3.6786786786786787       -1.5784950822139054E-002 -0.32773789855675145     
  -3.6686686686686687       -1.2036305052513482E-002 -0.32870703584556793     
  -3.6586586586586587       -1.4336883461788390E-002 -0.33651948254041514     
  -3.6486486486486487       -2.7719301462809660E-002 -0.33989151622120151     
  -3.6386386386386387       -3.0565481750649829E-002 -0.32670096268747356     
  -3.6286286286286287       -3.2682777461321331E-002 -0.32926292026798448     
  -3.6186186186186187       -3.5946675188562510E-002 -0.31225523523055626     
  -3.6086086086086087       -2.4779317249263463E-002 -0.30991570130940282     
  -3.5985985985985987       -1.6498826330395854E-002 -0.30696970367564258     
  -3.5885885885885886       -8.4365130139112451E-003 -0.31215009413043360     
  -3.5785785785785786       -5.4114647624475655E-003 -0.31762713781533747     
  -3.5685685685685686       -4.0829829986020064E-003 -0.32194175557143123     
  -3.5585585585585586       -3.3975309721500863E-003 -0.32549886504796161     
  -3.5485485485485486       -3.0430211574997835E-003 -0.32858264425516465     
  -3.5385385385385386       -2.8886825876493602E-003 -0.33123181697182258     
  -3.5285285285285286       -2.6011645580629804E-003 -0.33366675297221898     
  -3.5185185185185186       -2.4103119447801561E-003 -0.33609820115733913     
  -3.5085085085085086       -2.3032737060511583E-003 -0.33843233696508745     
  -3.4984984984984986       -2.2382010619763377E-003 -0.34069095905567082     
  -3.4884884884884886       -2.2041792947684394E-003 -0.34289980585450808     
  -3.4784784784784786       -2.2113258533248436E-003 -0.34507013476286713     
  -3.4684684684684686       -2.2367893444342102E-003 -0.34714419282642095     
  -3.4584584584584586       -2.1724653704760831E-003 -0.34923559409933719     
  -3.4484484484484486       -2.1469877488205363E-003 -0.35137382796226807     
  -3.4384384384384385       -2.1466695989506928E-003 -0.35351543290089110     
  -3.4284284284284285       -2.1589598853694035E-003 -0.35566587663305860     
  -3.4184184184184185       -2.1815467101033311E-003 -0.35783358919221636     
  -3.4084084084084085       -2.2178406012567115E-003 -0.36002654312088045     
  -3.3983983983983985       -2.2838016195278542E-003 -0.36224349409191325     
  -3.3883883883883881       -2.3525691354321309E-003 -0.36442889656702560     
  -3.3783783783783781       -2.3517076223527902E-003 -0.36669451572495421     
  -3.3683683683683681       -2.3903383726714576E-003 -0.36904753750984776     
  -3.3583583583583581       -2.4579581786824405E-003 -0.37146287256733573     
  -3.3483483483483480       -2.5537653134942184E-003 -0.37395694879490149     
  -3.3383383383383380       -2.6941434541893758E-003 -0.37655720875357029     
  -3.3283283283283280       -2.9270236107780691E-003 -0.37930750564501137     
  -3.3183183183183180       -3.4067204148081373E-003 -0.38226879765152239     
  -3.3083083083083080       -4.6837040989467851E-003 -0.38527097810074262     
  -3.2982982982982980       -6.5130464782753071E-003 -0.38624367904538176     
  -3.2882882882882880       -5.0599679114704836E-003 -0.38715603755264077     
  -3.2782782782782780       -3.9962161533497785E-003 -0.39052277422447051     
  -3.2682682682682680       -3.8269462644514498E-003 -0.39418597519387921     
  -3.2582582582582580       -4.0096621654332849E-003 -0.39798941899035989     
  -3.2482482482482480       -4.4636534581735509E-003 -0.40209763257382375     
  -3.2382382382382380       -5.3332981883576170E-003 -0.40674505646241582     
  -3.2282282282282280       -7.1439882165898454E-003 -0.41229804869400827     
  -3.2182182182182180       -1.1769073686535077E-002 -0.41908865872770257     
  -3.2082082082082080       -2.5180765706299589E-002 -0.42235540708725983     
  -3.1981981981981980       -2.8472169602820667E-002 -0.40403529336688804     
  -3.1881881881881879       -1.4387710065604312E-002 -0.40539411114513146     
  -3.1781781781781779       -1.0130784130571864E-002 -0.41400249505122588     
  -3.1681681681681679       -1.0101579843084092E-002 -0.42270844305441596     
  -3.1581581581581579       -1.3534012640471471E-002 -0.43217732671029180     
  -3.1481481481481479       -2.5285060995747701E-002 -0.44067578831944804     
  -3.1381381381381379       -3.9356170123777977E-002 -0.42715082437912671     
  -3.1281281281281279       -2.3636963406769948E-002 -0.42174552219703459     
  -3.1181181181181179       -1.7744769463238552E-002 -0.43439988048231043     
  -3.1081081081081079       -2.1583312005212442E-002 -0.44957870632252361     
  -3.0980980980980979       -3.9664578011242672E-002 -0.46625637452971430     
  -3.0880880880880879       -8.6657966889790827E-002 -0.45261172142284889     
  -3.0780780780780779       -6.4923124047998063E-002 -0.39475249256392986     
  -3.0680680680680679       -2.9155347932114439E-002 -0.40361389453249258     
  -3.0580580580580579       -1.7896085217351344E-002 -0.42015387690877082     
  -3.0480480480480479       -1.4504849796210079E-002 -0.43430264421078668     
  -3.0380380380380378       -1.4399770666472198E-002 -0.44762306972187427     
  -3.0280280280280278       -1.7027662989968030E-002 -0.46191624665687875     
  -3.0180180180180178       -2.4523501043525440E-002 -0.47904390520114620     
  -3.0080080080080078       -4.5548057438027312E-002 -0.49780497772529309     
  -2.9979979979979978       -7.8642800659673315E-002 -0.49419254701900561     
  -2.9879879879879878      -0.11236157176973846      -0.48043917687737170     
  -2.9779779779779778      -0.10433542624522958      -0.43869581857638468     
  -2.9679679679679678      -0.11846164672052588      -0.43261807347934256     
  -2.9579579579579578       -9.3256358073071172E-002 -0.38723814720924143     
  -2.9479479479479478       -7.2012743714017211E-002 -0.38450488064285659     
  -2.9379379379379378       -3.9221989706371606E-002 -0.38283654678557383     
  -2.9279279279279278       -2.1334450204335019E-002 -0.40069983787535823     
  -2.9179179179179178       -1.4630893695283082E-002 -0.41556941127161434     
  -2.9079079079079078       -1.1367160747891850E-002 -0.42676895569359585     
  -2.8978978978978978       -9.2751328531434502E-003 -0.43631502878380024     
  -2.8878878878878878       -8.0793481181107123E-003 -0.44471766572796045     
  -2.8778778778778777       -7.3438778122184491E-003 -0.45229330716486049     
  -2.8678678678678677       -6.8707686542566647E-003 -0.45932113185032764     
  -2.8578578578578577       -6.5652541938330160E-003 -0.46598792104318337     
  -2.8478478478478477       -6.3776966493234071E-003 -0.47242225032332530     
  -2.8378378378378377       -6.2873332006375448E-003 -0.47871541544077328     
  -2.8278278278278277       -6.2961610148586705E-003 -0.48489858607784680     
  -2.8178178178178177       -6.2712780099042692E-003 -0.49100283022823216     
  -2.8078078078078077       -6.2714454712938465E-003 -0.49721647475761904     
  -2.7977977977977977       -6.3413960201671605E-003 -0.50350458631344852     
  -2.7877877877877877       -6.4594564906063747E-003 -0.50989233910860954     
  -2.7777777777777777       -6.6240317711332899E-003 -0.51641838642345539     
  -2.7677677677677677       -6.8524769708402759E-003 -0.52311672494598027     
  -2.7577577577577577       -7.1557211456297672E-003 -0.52995328707817269     
  -2.7477477477477477       -7.3765401129961359E-003 -0.53702967603089924     
  -2.7377377377377377       -7.6764555374299421E-003 -0.54449908826471816     
  -2.7277277277277276       -8.0813176853126011E-003 -0.55234164833275046     
  -2.7177177177177176       -8.5991155483382889E-003 -0.56063583741308076     
  -2.7077077077077076       -9.2727113424034870E-003 -0.56950037564730249     
  -2.6976976976976976       -1.0189811552504693E-002 -0.57910860159951150     
  -2.6876876876876876       -1.1532087212565937E-002 -0.58973265059172442     
  -2.6776776776776776       -1.3722174604946001E-002 -0.60183153972539460     
  -2.6676676676676676       -1.7924651821256705E-002 -0.61619903726853709     
  -2.6576576576576576       -2.8102362004634791E-002 -0.63369069945953438     
  -2.6476476476476476       -5.7475444167379687E-002 -0.64556366990981018     
  -2.6376376376376376       -7.1841191651779060E-002 -0.60724283338085183     
  -2.6276276276276276       -3.8118464305710711E-002 -0.60860197472573541     
  -2.6176176176176176       -2.7424727049119486E-002 -0.63145718190476263     
  -2.6076076076076076       -2.8217423162493614E-002 -0.65497049149895059     
  -2.5975975975975976       -4.0522203971449622E-002 -0.67826927043185969     
  -2.5875875875875876       -6.5559156536544927E-002 -0.67779378046627370     
  -2.5775775775775776       -4.7946124146498445E-002 -0.67229849028034461     
  -2.5675675675675675       -3.7206516995139202E-002 -0.69997968578842129     
  -2.5575575575575575       -4.0624799957752158E-002 -0.73369096062787531     
  -2.5475475475475475       -5.7007380552888717E-002 -0.77394657348494922     
  -2.5375375375375375      -0.10602953882363773      -0.82008276287559256     
  -2.5275275275275275      -0.21517803327646903      -0.79676428323662529     
  -2.5175175175175175      -0.19957195146568055      -0.67308062555175852     
  -2.5075075075075075      -0.10266647066352347      -0.68249546571413988     
  -2.4974974974974975       -7.2045651244191919E-002 -0.74246476173088283     
  -2.4874874874874875       -7.3690281829757176E-002 -0.80379965927145569     
  -2.4774774774774775      -0.10490383239980595      -0.86911301870255497     
  -2.4674674674674675      -0.18311554568259314      -0.90443449198683623     
  -2.4574574574574575      -0.26014917450573055      -0.89803840584112393     
  -2.4474474474474475      -0.27862579590739062      -0.79466234704037852     
  -2.4374374374374375      -0.23839672892464378      -0.80256777262293444     
  -2.4274274274274275      -0.18320518626826876      -0.78465482167595324     
  -2.4174174174174174      -0.12613650295625048      -0.86805873276063317     
  -2.4074074074074074      -0.12531400879500557      -0.97411812468223447     
  -2.3973973973973974      -0.16418188915026791       -1.0960513901112539     
  -2.3873873873873874      -0.28111625724902606       -1.2333416377805480     
  -2.3773773773773774      -0.49853535452546038       -1.2464116587303837     
  -2.3673673673673674      -0.55989833451945703       -1.1984203423853985     
  -2.3573573573573574      -0.64386794037968653       -1.2605840613538000     
  -2.3473473473473474      -0.89573977825795537       -1.2963375007740825     
  -2.3373373373373374       -1.1420596841934689       -1.1363490533264053     
  -2.3273273273273274       -1.2588912731187427      -0.87532297346903642     
  -2.3173173173173174       -1.1881662486845022      -0.67295873184802957     
  -2.3073073073073074       -1.2051001267666368      -0.56961096715415760     
  -2.2972972972972974       -1.0748356727039419      -0.50537546714962667     
  -2.2872872872872874       -1.2591459707153174      -0.57165451026477643     
  -2.2772772772772774       -1.4563209185585311      -0.28779940790578185     
  -2.2672672672672673       -1.4225199204112133       0.10002780667421492     
  -2.2572572572572573       -1.1912190954268704       0.40036016057334095     
  -2.2472472472472473      -0.85541923424494293       0.63025623815163678     
  -2.2372372372372373      -0.42240843225294489       0.56167566503976185     
  -2.2272272272272273      -0.22486401141142415       0.35793644521403506     
  -2.2172172172172173      -0.14364211416080785       0.20345980998495444     
  -2.2072072072072073      -0.10265949715570942        9.1060103816651999E-002
  -2.1971971971971973       -7.8749155391556455E-002   5.2705496144499009E-003
  -2.1871871871871873       -6.3437304168327394E-002  -6.3214279454878647E-002
  -2.1771771771771773       -5.3011922760585140E-002 -0.11990126565195285     
  -2.1671671671671673       -4.5637867455624585E-002 -0.16823104130892985     
  -2.1571571571571573       -4.0379521764112650E-002 -0.21048081420476228     
  -2.1471471471471473       -3.6944752351704080E-002 -0.24809292592053395     
  -2.1371371371371373       -3.4617726636676359E-002 -0.28104612509086868     
  -2.1271271271271273       -3.1681876443812630E-002 -0.31206628019879668     
  -2.1171171171171173       -3.0453649181213200E-002 -0.34215339371324138     
  -2.1071071071071072       -3.1979187393179058E-002 -0.37106885669573425     
  -2.0970970970970972       -3.9412852148914219E-002 -0.39458848003525077     
  -2.0870870870870872       -3.7260502324162274E-002 -0.40606345128824656     
  -2.0770770770770772       -2.8823019842440002E-002 -0.42920872171073066     
  -2.0670670670670672       -2.6182142827787420E-002 -0.45452092982159886     
  -2.0570570570570572       -2.5945072365405396E-002 -0.47793003336666884     
  -2.0470470470470472       -2.4747880378914542E-002 -0.50066332965572813     
  -2.0370370370370372       -2.4483737439290800E-002 -0.52449254182139582     
  -2.0270270270270272       -2.5664843990021845E-002 -0.54865260242839253     
  -2.0170170170170172       -3.0106979142165553E-002 -0.57213917564157601     
  -2.0070070070070072       -3.2245467727495057E-002 -0.58281863912333343     
  -1.9969969969969972       -1.7151933324110819E-002 -0.61647012973054061     
  -1.9869869869869872       -2.4380121056436197E-002 -0.64777868480760359     
  -1.9769769769769772       -2.8983433749824108E-002 -0.67526742591439493     
  -1.9669669669669672       -3.3810903530693298E-002 -0.70378789002103015     
  -1.9569569569569571       -4.0763246860700868E-002 -0.73377688602858149     
  -1.9469469469469471       -4.6600654581602875E-002 -0.75736054917677009     
  -1.9369369369369371       -4.3643124487020173E-002 -0.79099363293079006     
  -1.9269269269269271       -4.6647773636609317E-002 -0.83245285599610996     
  -1.9169169169169171       -5.2302506375148675E-002 -0.87853446498988474     
  -1.9069069069069071       -6.1826752507123044E-002 -0.93300360434204688     
  -1.8968968968968971       -7.8802341262337913E-002 -0.99871824961486111     
  -1.8868868868868871      -0.11306883739810548       -1.0809886146486374     
  -1.8768768768768771      -0.19897712395144201       -1.1733000290099151     
  -1.8668668668668671      -0.33162733723411536       -1.1645313567331572     
  -1.8568568568568571      -0.31467702303572914       -1.1366556474941734     
  -1.8468468468468471      -0.32314506999691156       -1.2851369514312465     
  -1.8368368368368371      -0.53648452528209578       -1.4260622867289277     
  -1.8268268268268271      -0.81933366253604378       -1.3574684118581299     
  -1.8168168168168171      -0.96782899822832125       -1.1081288955006166     
  -1.8068068068068071      -0.80912018910287176      -0.92446019772359334     
  -1.7967967967967970      -0.78881348603526202       -1.0583467641523108     
  -1.7867867867867866      -0.87362029875759284      -0.98022233882388266     
  -1.7767767767767766      -0.84065754567020878      -0.96628203983396788     
  -1.7667667667667666      -0.82319492572969211       -1.0969171934038284     
  -1.7567567567567566       -1.0600726959154982       -1.1580991275642707     
  -1.7467467467467466       -1.2311479834252239       -1.0622072159109688     
  -1.7367367367367366       -1.3820500426638247      -0.90110657380924286     
  -1.7267267267267266       -1.3777761090255456      -0.66038079891034307     
  -1.7167167167167166       -1.2175859835067819      -0.67126706463298946     
  -1.7067067067067065       -1.4086277114783332      -0.73758552832748292     
  -1.6966966966966965       -1.5814281818934370      -0.55032886825230709     
  -1.6866866866866865       -1.6315032815122386      -0.29468511472736170     
  -1.6766766766766765       -1.5478866200003789       -2.3495999857381725E-002
  -1.6666666666666665       -1.2842934597367490        6.7551651136606800E-002
  -1.6566566566566565       -1.3509396788755978       -6.5899632793570251E-002
  -1.6466466466466465       -1.5012823081848992       0.18643680285193298     
  -1.6366366366366365       -1.4058292237767587       0.53491499272519405     
  -1.6266266266266265       -1.1016029037900874       0.82609161167898271     
  -1.6166166166166165      -0.63497724901958985       0.88327956486889425     
  -1.6066066066066065      -0.32174988998524168       0.67124586275762432     
  -1.5965965965965965      -0.19648133533504425       0.46846776780043342     
  -1.5865865865865865      -0.13827817923233210       0.31842279665372630     
  -1.5765765765765765      -0.10597026204205895       0.20352649062242578     
  -1.5665665665665665       -8.5879360824457296E-002  0.11122987762371619     
  -1.5565565565565564       -7.2438898152534112E-002   3.4126727910045118E-002
  -1.5465465465465464       -6.3004529651312799E-002  -3.2325136943048248E-002
  -1.5365365365365364       -5.6175623441402547E-002  -9.1076496010069480E-002
  -1.5265265265265264       -5.1153142517801009E-002 -0.14415258263466185     
  -1.5165165165165164       -4.7464645564035457E-002 -0.19301853836615426     
  -1.5065065065065064       -4.4849210135651671E-002 -0.23879512939390432     
  -1.4964964964964964       -4.3266241900789107E-002 -0.28238322030655089     
  -1.4864864864864864       -4.3125142178606524E-002 -0.32424621881314147     
  -1.4764764764764764       -4.3581631279288914E-002 -0.36319290663202469     
  -1.4664664664664664       -4.2499241906946449E-002 -0.40275866347727207     
  -1.4564564564564564       -4.3588102476411220E-002 -0.44415108420105270     
  -1.4464464464464464       -4.9111083403671672E-002 -0.48631956971504675     
  -1.4364364364364364       -6.1807842147462294E-002 -0.52075745602769408     
  -1.4264264264264264       -5.9126434851584218E-002 -0.54698804823921021     
  -1.4164164164164164       -5.3832347043479230E-002 -0.59017101582907916     
  -1.4064064064064064       -5.9344807059683591E-002 -0.63435559329093949     
  -1.3963963963963963       -5.8781299673913837E-002 -0.67405775406582569     
  -1.3863863863863863       -5.7329874689199339E-002 -0.72542995082756900     
  -1.3763763763763763       -6.0855856392418396E-002 -0.78262118818129978     
  -1.3663663663663663       -6.7948009576940305E-002 -0.84541524745648666     
  -1.3563563563563563       -7.9837470737942312E-002 -0.91538511322639171     
  -1.3463463463463463       -9.2087772620485772E-002 -0.98929809175094396     
  -1.3363363363363363      -0.13123429308111448       -1.1008835766639777     
  -1.3263263263263263      -0.16243097590478800       -1.1876449689995030     
  -1.3163163163163163      -0.21922471468218985       -1.3370854538003087     
  -1.3063063063063063      -0.37742130050728412       -1.5080347206704854     
  -1.2962962962962963      -0.63125640425719909       -1.5742130110412047     
  -1.2862862862862863      -0.84819030904930726       -1.5295679006167480     
  -1.2762762762762763      -0.99581615598748863       -1.4675023595840511     
  -1.2662662662662663       -1.1467358162176133       -1.4069000098209736     
  -1.2562562562562563       -1.2793273980864837       -1.3181217500964650     
  -1.2462462462462462       -1.3898815625817507       -1.2188442672119801     
  -1.2362362362362362       -1.4839130339990874       -1.1136841518632323     
  -1.2262262262262262       -1.5646350798159199       -1.0034080250193895     
  -1.2162162162162162       -1.6337211615035838      -0.88763170094201560     
  -1.2062062062062062       -1.6916222657697582      -0.76527877405852807     
  -1.1961961961961962       -1.7372088232812972      -0.63534188416552728     
  -1.1861861861861862       -1.7710088118070955      -0.49630758058432672     
  -1.1761761761761762       -1.7863060993304820      -0.34002362519496004     
  -1.1661661661661662       -1.7627532068630731      -0.16332105566493191     
  -1.1561561561561562       -1.6505234441676422        7.1383805783635176E-004
  -1.1461461461461462       -1.5348261306980084        2.9644350989288176E-002
  -1.1361361361361362       -1.4811641787838368        9.2213464137272425E-002
  -1.1261261261261262       -1.3417043866616538        7.6716675186126293E-002
  -1.1161161161161162       -1.4800701194625909       -2.8433067804984197E-002
  -1.1061061061061062       -1.5982837090431641       0.18139330262198797     
  -1.0960960960960962       -1.5132163019378075       0.37210412206726823     
  -1.0860860860860861       -1.4275816832054022       0.48547938248978340     
  -1.0760760760760761       -1.3677508974295398       0.51231608286162489     
  -1.0660660660660661       -1.3960623123346561       0.71959761345996320     
  -1.0560560560560561       -1.2177187815114343       0.98243100536159977     
  -1.0460460460460461      -0.88177098905666818        1.1482046129335095     
  -1.0360360360360361      -0.48276581280838132        1.0827914800052232     
  -1.0260260260260261      -0.26375285666921749       0.86225776114347796     
  -1.0160160160160161      -0.17351015740488770       0.67866924956317265     
  -1.0060060060060061      -0.12842839518975205       0.53963333573473249     
 -0.99599599599599564      -0.10200721611996656       0.42973945977019917     
 -0.98598598598598564       -8.4885313483921490E-002  0.33909453022604619     
 -0.97597597597597563       -7.3040216625564286E-002  0.26177505078922875     
 -0.96596596596596562       -6.4477462292640203E-002  0.19405738159697233     
 -0.95595595595595562       -5.8101670835258704E-002  0.13346698307291122     
 -0.94594594594594561       -5.3264529928092781E-002   7.8275785111627749E-002
 -0.93593593593593560       -4.9560466017208253E-002   2.7223432950031507E-002
 -0.92592592592592560       -4.6725323263041782E-002  -2.0645946328895996E-002
 -0.91591591591591559       -4.4582407268773168E-002  -6.6084398224395977E-002
 -0.90590590590590558       -4.3012165735755961E-002 -0.10970533247499696     
 -0.89589589589589558       -4.1934539188442664E-002 -0.15202790596714422     
 -0.88588588588588557       -4.1298612067938258E-002 -0.19350898273569331     
 -0.87587587587587556       -4.1076889001522371E-002 -0.23456781810951632     
 -0.86586586586586556       -4.1263023002891246E-002 -0.27560698397656308     
 -0.85585585585585555       -4.1873012762803898E-002 -0.31703242891278238     
 -0.84584584584584555       -4.2951715229771537E-002 -0.35927581443117279     
 -0.83583583583583554       -4.4591680933317120E-002 -0.40282343757370553     
 -0.82582582582582553       -4.6992038836500674E-002 -0.44825498033109529     
 -0.81581581581581553       -5.0682668752962068E-002 -0.49622927985552168     
 -0.80580580580580552       -5.6922298516080438E-002 -0.54635206587677942     
 -0.79579579579579551       -6.1867446208266896E-002 -0.59765280708606838     
 -0.78578578578578551       -6.7817062471545175E-002 -0.65842663411424296     
 -0.77577577577577550       -8.1171530352567439E-002 -0.72788440236636531     
 -0.76576576576576549      -0.11159931152591035      -0.80280541511641068     
 -0.75575575575575549      -0.14910030488204754      -0.84751584802421487     
 -0.74574574574574548      -0.13978795404276975      -0.92242562081617208     
 -0.73573573573573547      -0.16760366036667504       -1.0436831850786334     
 -0.72572572572572547      -0.22729426251291515       -1.1635201538291409     
 -0.71571571571571546      -0.31218404119006044       -1.3355896711667514     
 -0.70570570570570545      -0.54206634989885383       -1.4966521189909150     
 -0.69569569569569545      -0.81615517374232127       -1.5087288246804174     
 -0.68568568568568544       -1.0334646165580055       -1.4419362833114322     
 -0.67567567567567544       -1.2030760080568870       -1.3484995103945099     
 -0.66566566566566543       -1.3393425151801690       -1.2444708040306605     
 -0.65565565565565542       -1.4512124071117436       -1.1354840173884109     
 -0.64564564564564542       -1.5442344650775950       -1.0237789964623663     
 -0.63563563563563541       -1.6219948280766181      -0.91024832825697211     
 -0.62562562562562540       -1.6868772485484356      -0.79515797432488766     
 -0.61561561561561540       -1.7404676621750466      -0.67843763707907623     
 -0.60560560560560539       -1.7837708226312015      -0.55980460829076917     
 -0.59559559559559538       -1.8173122759104461      -0.43881010886915861     
 -0.58558558558558538       -1.8411391206597698      -0.31483908462463195     
 -0.57557557557557537       -1.8546404070429134      -0.18708774034747469     
 -0.56556556556556536       -1.8557798851642291       -5.4826469547489605E-002
 -0.55555555555555536       -1.8405292397638973        7.8230452715798024E-002
 -0.54554554554554535       -1.8211128664496032       0.21037758796168088     
 -0.53553553553553535       -1.7827511057401790       0.36072110949893321     
 -0.52552552552552534       -1.7060203954668607       0.51159595340833908     
 -0.51551551551551533       -1.6131413962261114       0.63838892897609789     
 -0.50550550550550533       -1.4781620091924932       0.79658751602689715     
 -0.49549549549549532       -1.2139866933851096       0.86305861756756308     
 -0.48548548548548531       -1.1029120008895748       0.65076381666305494     
 -0.47547547547547531       -1.2914021961007220       0.74116524555420582     
 -0.46546546546546530       -1.2013263183480622        1.0217874809143348     
 -0.45545545545545529      -0.92211659318633044        1.2111231535138127     
 -0.44544544544544529      -0.54421571920980183        1.2097129131660862     
 -0.43543543543543528      -0.28950662706461999        1.0093544978208298     
 -0.42542542542542527      -0.18505919154522824       0.81826021770971091     
 -0.41541541541541527      -0.13555040252012454       0.67221099344754864     
 -0.40540540540540526      -0.10748066868046210       0.55669723041172547     
 -0.39539539539539525       -8.9665836283267339E-002  0.46117532934668859     
 -0.38538538538538525       -7.7524433059651676E-002  0.37933332859623231     
 -0.37537537537537524       -6.8860026310002403E-002  0.30723860600457081     
 -0.36536536536536524       -6.2495338052274023E-002  0.24229392394314514     
 -0.35535535535535523       -5.7746679907291827E-002  0.18268882812799364     
 -0.34534534534534522       -5.4193477172031719E-002  0.12709894230375238     
 -0.33533533533533522       -5.1566691872003502E-002   7.4511552325340846E-002
 -0.32532532532532521       -4.9690610623500428E-002   2.4118571155278462E-002
 -0.31531531531531520       -4.8450793531522707E-002  -2.4752936740886123E-002
 -0.30530530530530520       -4.7775890183495838E-002  -7.2688640997070994E-002
 -0.29529529529529519       -4.7627418379168937E-002 -0.12022234988793637     
 -0.28528528528528518       -4.7994598569675084E-002 -0.16786455566630654     
 -0.27527527527527518       -4.8892904244882712E-002 -0.21612800734616550     
 -0.26526526526526517       -5.0365967833185428E-002 -0.26555348995906064     
 -0.25525525525525516       -5.2491312762057436E-002 -0.31673903481790711     
 -0.24524524524524516       -5.5391411486059930E-002 -0.37037660203169109     
 -0.23523523523523515       -5.9253272695594619E-002 -0.42730218604516518     
 -0.22522522522522515       -6.4363093397248994E-002 -0.48856911086289684     
 -0.21521521521521514       -7.1169765200901958E-002 -0.55556182334245918     
 -0.20520520520520513       -8.0408370894906184E-002 -0.63018284193235596     
 -0.19519519519519513       -9.3360852568226044E-002 -0.71517794548500058     
 -0.18518518518518512      -0.11246981008230690      -0.81473377454842189     
 -0.17517517517517511      -0.14301149723840856      -0.93560349489752470     
 -0.16516516516516511      -0.19860757359032194       -1.0887928467871928     
 -0.15515515515515510      -0.32185947749920207       -1.2835481011731542     
 -0.14514514514514509      -0.58961555489418682       -1.4400378197056827     
 -0.13513513513513509      -0.88939991121909356       -1.4318049375867381     
 -0.12512512512512508       -1.1211248675583541       -1.3389458766877469     
 -0.11511511511511507       -1.2956314954200983       -1.2135278599858570     
 -0.10510510510510507       -1.4209891310848035       -1.0659051288537063     
  -9.5095095095095061E-002  -1.4661193015157976      -0.90722878345148505     
  -8.5085085085085055E-002  -1.4627798281054363      -0.87871907369526325     
  -7.5075075075075048E-002  -1.5876366995147564      -0.82488561070492727     
  -6.5065065065065042E-002  -1.6587179245409904      -0.71375267342285653     
  -5.5055055055055035E-002  -1.7259046149893598      -0.62825186954649759     
  -4.5045045045045029E-002  -1.7893976142615151      -0.51502096590495261     
  -3.5035035035035023E-002  -1.8304785512325787      -0.39750584986943061     
  -2.5025025025025016E-002  -1.8575634091306665      -0.28190257396533308     
  -1.5015015015015010E-002  -1.8741736168318970      -0.16796103599992163     
  -5.0050050050050032E-003  -1.8813703693527597       -5.5394301635896648E-002
   5.0050050050050032E-003  -1.8813712113383256        5.5351201686140751E-002
   1.5015015015015010E-002  -1.8741778153754156       0.16791728194570643     
   2.5025025025025016E-002  -1.8575710855769936       0.28185867147246357     
   3.5035035035035023E-002  -1.8304902898248940       0.39746171863535895     
   4.5045045045045029E-002  -1.7894152488690522       0.51497691943023383     
   5.5055055055055035E-002  -1.7259315437948495       0.62821301320320777     
   6.5065065065065042E-002  -1.6587396961991840       0.71372076045040500     
   7.5075075075075048E-002  -1.5876774214036569       0.82485451924153663     
   8.5085085085085055E-002  -1.4628069786692965       0.87874683668973164     
   9.5095095095095061E-002  -1.4660897482682060       0.90718768964739627     
  0.10510510510510507       -1.4210061014020925        1.0658534173429139     
  0.11511511511511507       -1.2956619398908580        1.2134878996518375     
  0.12512512512512508       -1.1211612775811548        1.3389147611022547     
  0.13513513513513509      -0.88944135983763872        1.4317834275181776     
  0.14514514514514509      -0.58965840215156762        1.4400331379933244     
  0.15515515515515510      -0.32188402253861148        1.2835564082538560     
  0.16516516516516511      -0.19861870613162674        1.0887950614194428     
  0.17517517517517511      -0.14301791252034640       0.93559928128735381     
  0.18518518518518512      -0.11247427113950806       0.81472482020190862     
  0.19519519519519513       -9.3364374794174504E-002  0.71516527801919605     
  0.20520520520520513       -8.0411415053865620E-002  0.63016702692994264     
  0.21521521521521514       -7.1172578200120226E-002  0.55554315659084941     
  0.22522522522522515       -6.4365827452778759E-002  0.48854772022870757     
  0.23523523523523515       -5.9256034687912927E-002  0.42727808381501253     
  0.24524524524524516       -5.5394286509794423E-002  0.37034971158110724     
  0.25525525525525516       -5.2494377013830050E-002  0.31670920301637440     
  0.26526526526526517       -5.0369296860172448E-002  0.26552049068020384     
  0.27527527527527518       -4.8896579313345394E-002  0.21609153849683890     
  0.28528528528528518       -4.7998712668448566E-002  0.16782423053951137     
  0.29529529529529519       -4.7632082942689842E-002  0.12017768257912112     
  0.30530530530530520       -4.7781243605904508E-002   7.2639024689239523E-002
  0.31531531531531520       -4.8457012854364281E-002   2.4697612579267132E-002
  0.32532532532532521       -4.9697928492167025E-002  -2.4180558407298616E-002
  0.33533533533533522       -5.1575422236147625E-002  -7.4581418063751737E-002
  0.34534534534534522       -5.4204055857927633E-002 -0.12717825555583845     
  0.35535535535535523       -5.7759731468853708E-002 -0.18277965213019021     
  0.36536536536536524       -6.2511791383745810E-002 -0.24239903447131148     
  0.37537537537537524       -6.8881326347362007E-002 -0.30736184378934922     
  0.38538538538538525       -7.7552956348553248E-002 -0.37948019449757053     
  0.39539539539539525       -8.9705780740602439E-002 -0.46135404236540445     
  0.40540540540540526      -0.10754018285424934      -0.55692070803669880     
  0.41541541541541527      -0.13564748034200996      -0.67250063988022779     
  0.42542542542542527      -0.18524135757920221      -0.81865168688344603     
  0.43543543543543528      -0.28992750705004661       -1.0098773767308815     
  0.44544544544544529      -0.54517491455394063       -1.2100281255277379     
  0.45545545545545529      -0.92305744659044797       -1.2107644385416225     
  0.46546546546546530       -1.2018834516174182       -1.0210653991990493     
  0.47547547547547531       -1.2912339986841028      -0.74034449699913729     
  0.48548548548548531       -1.1024607816766305      -0.65127115907961164     
  0.49549549549549532       -1.2148707013260269      -0.86321570939328329     
  0.50550550550550533       -1.4787557693128033      -0.79607701266208808     
  0.51551551551551533       -1.6133763899560800      -0.63785733703953296     
  0.52552552552552534       -1.7062178675530393      -0.51114858871482127     
  0.53553553553553535       -1.7828894960810524      -0.36026659292401469     
  0.54554554554554535       -1.8212123486575398      -0.20993503188800683     
  0.55555555555555536       -1.8406042860341587       -7.7763607278707556E-002
  0.56556556556556536       -1.8557899915083047        5.5303918651817351E-002
  0.57557557557557537       -1.8546020418197158       0.18755630959656222     
  0.58558558558558538       -1.8410610041454456       0.31530043907526950     
  0.59559559559559538       -1.8171966979493570       0.43926673684434869     
  0.60560560560560539       -1.7836173625861138       0.56025835785491895     
  0.61561561561561540       -1.7402741060644078       0.67888979795460092     
  0.62562562562562540       -1.6866396768382250       0.79560930919510153     
  0.63563563563563541       -1.6217073093789414       0.91069894985160971     
  0.64564564564564542       -1.5438883699898229        1.0242280164402100     
  0.65565565565565542       -1.4507951473339729        1.1359287502117148     
  0.66566566566566543       -1.3388352347261081        1.2449049145681721     
  0.67567567567567544       -1.2024492165422482        1.3489082289877610     
  0.68568568568568544       -1.0326701713328112        1.4422818231008410     
  0.69569569569569545      -0.81512142821144384        1.5088962569429931     
  0.70570570570570545      -0.54086499345626837        1.4962823504366654     
  0.71571571571571546      -0.31157020043951072        1.3347428717721546     
  0.72572572572572547      -0.22708288064976817        1.1629872995290642     
  0.73573573573573547      -0.16737821440256315        1.0431531884006031     
  0.74574574574574548      -0.13976543863283430       0.92196377582637956     
  0.75575575575575549      -0.14910306966743980       0.84736660368681582     
  0.76576576576576549      -0.11140791624619510       0.80252742826811896     
  0.77577577577577550       -8.1087156929999266E-002  0.72757819727370787     
  0.78578578578578551       -6.7777540204152165E-002  0.65815847983394382     
  0.79579579579579551       -6.1852164041568986E-002  0.59742625756836054     
  0.80580580580580552       -5.6888260836298242E-002  0.54615270577589292     
  0.81581581581581553       -5.0660129089100794E-002  0.49603248084352131     
  0.82582582582582553       -4.6977376482431853E-002  0.44807210244220097     
  0.83583583583583554       -4.4580844428933793E-002  0.40265227366372014     
  0.84584584584584555       -4.2943321879555796E-002  0.35911389197987598     
  0.85585585585585555       -4.1866440224268719E-002  0.31687780659418541     
  0.86586586586586556       -4.1257930174438316E-002  0.27545809054564074     
  0.87587587587587556       -4.1073072560700259E-002  0.23442331818024489     
  0.88588588588588557       -4.1295952816647274E-002  0.19336768773179530     
  0.89589589589589558       -4.1932979458108879E-002  0.15188870976104171     
  0.90590590590590558       -4.3011700849503183E-002  0.10956715852182870     
  0.91591591591591559       -4.4583085725925661E-002   6.5946149719994795E-002
  0.92592592592592560       -4.6727254716849166E-002   2.0506452484845273E-002
  0.93593593593593560       -4.9563838869048756E-002  -2.7365482061111720E-002
  0.94594594594594561       -5.3269643593068378E-002  -7.8421925555999014E-002
  0.95595595595595562       -5.8108993419029975E-002 -0.13361910254791698     
  0.96596596596596562       -6.4487736403493104E-002 -0.19421791258126386     
  0.97597597597597563       -7.3054664196487124E-002 -0.26194728603189255     
  0.98598598598598564       -8.4906063748195273E-002 -0.33928316915375911     
  0.99599599599599564      -0.10203829584321052      -0.42995161067023102     
   1.0060060060060056      -0.12847835159651572      -0.53988042629624977     
   1.0160160160160157      -0.17360035730812229      -0.67897032065553986     
   1.0260260260260257      -0.26394921130220361      -0.86263703819639204     
   1.0360360360360357      -0.48325042563519716       -1.0831486840695383     
   1.0460460460460457      -0.88234899310316939       -1.1481736999130321     
   1.0560560560560557       -1.2180961128220789      -0.98222359871396114     
   1.0660660660660657       -1.3962842157762279      -0.71936751912419072     
   1.0760760760760757       -1.3678508669264862      -0.51209467201561054     
   1.0860860860860857       -1.4275816329812074      -0.48540558800693712     
   1.0960960960960957       -1.5134051334707950      -0.37209174961605862     
   1.1061061061061057       -1.5983432863862881      -0.18121663762761600     
   1.1161161161161157       -1.4801318655318554        2.8115143539755891E-002
   1.1261261261261257       -1.3421464300149655       -7.4556448769713277E-002
   1.1361361361361357       -1.4814524547231798       -9.6020301575539299E-002
   1.1461461461461457       -1.5324802982329921       -2.5753886343420039E-002
   1.1561561561561557       -1.6512256426795946       -1.6810880751669999E-003
   1.1661661661661658       -1.7630415386215501       0.16364846175375122     
   1.1761761761761758       -1.7862287955119622       0.34035350033759482     
   1.1861861861861858       -1.7706759413219022       0.49634535486250786     
   1.1961961961961958       -1.7373842208857309       0.63523544752355643     
   1.2062062062062058       -1.6916614035131574       0.76542786579544453     
   1.2162162162162158       -1.6336794429352082       0.88775826239036393     
   1.2262262262262258       -1.5645603259372893        1.0035149989075147     
   1.2362362362362358       -1.4837994277512383        1.1137754354445939     
   1.2462462462462458       -1.3896898698618882        1.2188843020638893     
   1.2562562562562558       -1.2790818856223292        1.3178367834092080     
   1.2662662662662658       -1.1477164432087532        1.4065830754212441     
   1.2762762762762758      -0.99504870067730478        1.4700330376463890     
   1.2862862862862858      -0.84695356129290433        1.5273349066741977     
   1.2962962962962958      -0.63259140087825305        1.5733068035735169     
   1.3063063063063058      -0.37859449729239109        1.5090213402504549     
   1.3163163163163158      -0.21872591056378532        1.3388121183398705     
   1.3263263263263259      -0.15883842486956973        1.1885227593675014     
   1.3363363363363359      -0.13222039860502716        1.0878217207863714     
   1.3463463463463459       -9.1832615268179221E-002   1.0013452267856227     
   1.3563563563563559       -7.6242259526211095E-002  0.91454761882706281     
   1.3663663663663659       -6.7162310200722705E-002  0.84370191767435743     
   1.3763763763763759       -6.1350175556668204E-002  0.78095281308374354     
   1.3863863863863859       -5.9876553413079778E-002  0.72452802651332859     
   1.3963963963963959       -6.0476780830690163E-002  0.67857944558665573     
   1.4064064064064059       -5.4137445731811791E-002  0.63416689958744554     
   1.4164164164164168       -5.3663914254848753E-002  0.58618291776858478     
   1.4264264264264268       -6.3651814992054120E-002  0.54660678160341636     
   1.4364364364364368       -6.0440879304291116E-002  0.52387937656623207     
   1.4464464464464468       -4.7849223699426950E-002  0.48581072976546014     
   1.4564564564564568       -4.3381524979367828E-002  0.44341588957204914     
   1.4664664664664668       -4.2955342154919869E-002  0.40221229537031700     
   1.4764764764764768       -4.4001754868673852E-002  0.36364231601976915     
   1.4864864864864868       -4.2932716572815013E-002  0.32433717268142359     
   1.4964964964964969       -4.3205902975127240E-002  0.28232987274550836     
   1.5065065065065069       -4.4832665832069601E-002  0.23874201579570073     
   1.5165165165165169       -4.7460616432556495E-002  0.19296868871968140     
   1.5265265265265269       -5.1154018453485300E-002  0.14410260128400776     
   1.5365365365365369       -5.6179398116536730E-002   9.1023786950265806E-002
   1.5465465465465469       -6.3010955882193770E-002   3.2267430196376908E-002
   1.5565565565565569       -7.2448707249458649E-002  -3.4192033684927479E-002
   1.5665665665665669       -8.5894496265122924E-002 -0.11130643070058568     
   1.5765765765765769      -0.10599520871082413      -0.20362012222140047     
   1.5865865865865869      -0.13832435781619457      -0.31854361604342935     
   1.5965965965965969      -0.19658356396859608      -0.46863247301080047     
   1.6066066066066069      -0.32203673256058529      -0.67144954795323575     
   1.6166166166166169      -0.63571335102002158      -0.88307275971462162     
   1.6266266266266269       -1.1016816427392275      -0.82456264170200666     
   1.6366366366366369       -1.4019271607728061      -0.53353401423008784     
   1.6466466466466469       -1.4989968789021118      -0.19793744328677929     
   1.6566566566566570       -1.3732693179906332        6.7042396960474648E-002
   1.6666666666666670       -1.2719186130270592       -4.3570419799809051E-002
   1.6766766766766770       -1.5316220432993781        1.7378526727865849E-002
   1.6866866866866870       -1.6248649227517047       0.27844929366764370     
   1.6966966966966970       -1.5943333668438808       0.53124714539661444     
   1.7067067067067070       -1.4474735631146267       0.73828615229746364     
   1.7167167167167170       -1.2237350358546317       0.74580367194603892     
   1.7267267267267270       -1.2911414308949762       0.65406453482861504     
   1.7367367367367370       -1.3770406536624271       0.83387233821054563     
   1.7467467467467470       -1.2762245822771434        1.0257829442217239     
   1.7567567567567570       -1.1337840502240943        1.1659918834675362     
   1.7667667667667670      -0.86616905108548348        1.2310994405229716     
   1.7767767767767770      -0.64310889104755098        1.0176093122161809     
   1.7867867867867870      -0.79466841439390679       0.78965065715888250     
   1.7967967967967970       -1.0021092797693396       0.93822567280014169     
   1.8068068068068071      -0.91498853840988748        1.1194343312499648     
   1.8168168168168171      -0.85726257698836117        1.2293087125955251     
   1.8268268268268271      -0.65241668347201298        1.3045627307624581     
   1.8368368368368371      -0.58104820929374856        1.2468268481625442     
   1.8468468468468471      -0.44667960720342037        1.3049949051428815     
   1.8568568568568571      -0.34813337470725403        1.2145396754834394     
   1.8668668668668671      -0.26748884491086705        1.2270476520014255     
   1.8768768768768771      -0.15190906736654347        1.1386658617998326     
   1.8868868868868871      -0.11710421199061746        1.0417373997218322     
   1.8968968968968971      -0.10494257693322051       0.99276553562573533     
   1.9069069069069071       -7.1514757207091620E-002  0.94102433613923442     
   1.9169169169169171       -5.5091380713082783E-002  0.88550952608804312     
   1.9269269269269271       -4.6578758338693481E-002  0.83876520166482926     
   1.9369369369369371       -4.0248656144991325E-002  0.79753658672528893     
   1.9469469469469471       -3.6211599557861962E-002  0.76015853550797297     
   1.9569569569569571       -3.3920016155687190E-002  0.72594671795569021     
   1.9669669669669672       -3.3491029879013541E-002  0.69470283924325071     
   1.9769769769769772       -3.4528759061709768E-002  0.66518955074951824     
   1.9869869869869872       -4.5901827049756740E-002  0.63960362237886426     
   1.9969969969969972       -5.0419366417634628E-002  0.68654048384761224     
   2.0070070070070072        1.3449054576120433E-002  0.52998198934423491     
   2.0170170170170172       -4.6734378267451311E-002  0.56342581383671142     
   2.0270270270270272       -3.0665718539249001E-002  0.55058913116477692     
   2.0370370370370372       -2.6048596078240321E-002  0.52611448524350657     
   2.0470470470470472       -2.5419376049758073E-002  0.50180014160456099     
   2.0570570570570572       -2.6379786723623701E-002  0.47907817874043473     
   2.0670670670670672       -2.6030622774045161E-002  0.45592453851086545     
   2.0770770770770772       -2.7647071682098453E-002  0.43072958911850201     
   2.0870870870870872       -3.3830894844758173E-002  0.40574694228359781     
   2.0970970970970972       -4.0458177653255649E-002  0.39115309751423105     
   2.1071071071071072       -3.3369097222835507E-002  0.37118455170707193     
   2.1171171171171173       -3.0879797874083108E-002  0.34250243096703742     
   2.1271271271271273       -3.1836347834570670E-002  0.31230662957901523     
   2.1371371371371373       -3.4682802678386158E-002  0.28121481458832165     
   2.1471471471471473       -3.6974724935176194E-002  0.24822610084459887     
   2.1571571571571573       -4.0388826806054975E-002  0.21059878757676972     
   2.1671671671671673       -4.5630697725803325E-002  0.16834806619842790     
   2.1771771771771773       -5.2984609639212824E-002  0.12003211087879920     
   2.1871871871871873       -6.3375553103070054E-002   6.3379749539041130E-002
   2.1971971971971973       -7.8614457621669562E-002  -5.0339982033638566E-003
   2.2072072072072073      -0.10234256126768941       -9.0681325451884634E-002
   2.2172172172172173      -0.14278468106049116      -0.20280719152532062     
   2.2272272272272273      -0.22205483998355144      -0.35700875375549090     
   2.2372372372372373      -0.41216001208280922      -0.56490498677222323     
   2.2472472472472473      -0.85463697496925795      -0.66959270071850185     
   2.2572572572572573       -1.2815989294235275      -0.39535675269035792     
   2.2672672672672673       -1.4236967102790199        2.1307855102222086E-002
   2.2772772772772774       -1.2840270809007659       0.34795093679213995     
   2.2872872872872874       -1.1567763566856548       0.30101215570890744     
   2.2972972972972974       -1.3604866255582158       0.43568220508919442     
   2.3073073073073074       -1.3110509369968917       0.74781390055502051     
   2.3173173173173174       -1.0855645422228151       0.87461148700614078     
   2.3273273273273274       -1.0734076374024035       0.83413118330447822     
   2.3373373373373374       -1.0541429732863099       0.97869193996773807     
   2.3473473473473474       -1.0129136480221128        1.1445810109255383     
   2.3573573573573574      -0.81746510722591759        1.2942840388554238     
   2.3673673673673674      -0.62600802875401207        1.3671973820663978     
   2.3773773773773774      -0.35324903003652225        1.3391103309010881     
   2.3873873873873874      -0.19821269018330942        1.1797979796779132     
   2.3973973973973974      -0.14209872408244778        1.0383857913317440     
   2.4074074074074074      -0.12984367430462690       0.91934124446680143     
   2.4174174174174174      -0.16485133136171845       0.80965858116172196     
   2.4274274274274275      -0.29863025544880473       0.77014302815219915     
   2.4374374374374375      -0.30856174514177764       0.93611249902991611     
   2.4474474474474475      -0.16463875531292285       0.92095959888643220     
   2.4574574574574575      -0.13213947616491892       0.83313756455982080     
   2.4674674674674675      -0.16202778393156680       0.79538408929995597     
   2.4774774774774775      -0.18056826776246637       0.78114143340504749     
   2.4874874874874875      -0.17284970048357590       0.84111717508661732     
   2.4974974974974975       -9.6003039623085706E-002  0.81247568930206848     
   2.5075075075075075       -7.8371827271446981E-002  0.75078476621931545     
   2.5175175175175175      -0.10705664292052701       0.69675514585991483     
   2.5275275275275275      -0.16766533859265312       0.71812033670332998     
   2.5375375375375375      -0.15630892122489728       0.75717699766232704     
   2.5475475475475475      -0.10218697417553682       0.79081190955187919     
   2.5575575575575575       -5.3416250643646572E-002  0.75744209483467362     
   2.5675675675675675       -3.6956759717315317E-002  0.72162390585489822     
   2.5775775775775776       -3.3229136062135199E-002  0.69274112287255352     
   2.5875875875875876       -3.3216160424747211E-002  0.67357618391286012     
   2.5975975975975976       -3.2354399895103476E-002  0.65172148066582958     
   2.6076076076076076       -4.6297684099090096E-002  0.63433263433556264     
   2.6176176176176176       -4.7849656206617658E-002  0.64174858090959774     
   2.6276276276276276       -3.9490840716593312E-002  0.62485445512230908     
   2.6376376376376376       -5.7099276005853739E-002  0.61476312074842920     
   2.6476476476476476       -5.5524303535810227E-002  0.63486724698175401     
   2.6576576576576576       -3.0684907007107885E-002  0.63278695720397793     
   2.6676676676676676       -1.8617573745777185E-002  0.61640576189622820     
   2.6776776776776776       -1.3931507387357088E-002  0.60197772069694055     
   2.6876876876876876       -1.1609087918607357E-002  0.58981334183734202     
   2.6976976976976976       -1.0222775213463138E-002  0.57915485898647445     
   2.7077077077077076       -9.2884293841220215E-003  0.56952895180915630     
   2.7177177177177176       -8.6070844517666372E-003  0.56065504627442797     
   2.7277277277277276       -8.0852208230305384E-003  0.55235584545627292     
   2.7377377377377377       -7.6774061907670492E-003  0.54451073727547217     
   2.7477477477477477       -7.3732839650515877E-003  0.53703885652130723     
   2.7577577577577577       -7.1555914949789842E-003  0.52995408774158737     
   2.7677677677677677       -6.8549488904391430E-003  0.52312553405173345     
   2.7777777777777777       -6.6227278328825521E-003  0.51642951801586290     
   2.7877877877877877       -6.4550731691413801E-003  0.50990610417339421     
   2.7977977977977977       -6.3316502144700089E-003  0.50352343415458489     
   2.8078078078078077       -6.2477407299885834E-003  0.49724388757572074     
   2.8178178178178177       -6.2041637883945688E-003  0.49102923748909938     
   2.8278278278278277       -6.2052597021765472E-003  0.48483841312145692     
   2.8378378378378377       -6.2592460099293703E-003  0.47862449827425380     
   2.8478478478478477       -6.3800206430411023E-003  0.47233067937838463     
   2.8578578578578577       -6.5914126314622068E-003  0.46588411210058789     
   2.8678678678678677       -6.9381685829484965E-003  0.45918620176601604     
   2.8778778778778777       -7.5217701362248219E-003  0.45210249697949340     
   2.8878878878878878       -8.6173102839839678E-003  0.44455561330054150     
   2.8978978978978978       -1.0035670573951456E-002  0.43700904333861751     
   2.9079079079079078       -1.1353957254572713E-002  0.42785213866328914     
   2.9179179179179178       -1.4195961689396514E-002  0.41694379936720416     
   2.9279279279279278       -1.9190193034464037E-002  0.40273791252858548     
   2.9379379379379378       -3.1420285183175793E-002  0.38327937404522144     
   2.9479479479479478       -6.6030160686617795E-002  0.36179944494115779     
   2.9579579579579578      -0.12653169950096316       0.38789126167663773     
   2.9679679679679678      -0.12605167416906649       0.46041487072588522     
   2.9779779779779778       -7.5894032513526763E-002  0.46177015136184624     
   2.9879879879879878       -9.0526180639304760E-002  0.44340335473698350     
   2.9979979979979978       -9.6269030913588030E-002  0.48554214753220859     
   3.0080080080080087       -5.3387878512563276E-002  0.50119107075027147     
   3.0180180180180187       -2.7073125220836429E-002  0.48257961114279191     
   3.0280280280280287       -1.7885195490819582E-002  0.46469219285104935     
   3.0380380380380387       -1.4514946284482600E-002  0.45010225207058630     
   3.0480480480480487       -1.3985360866560962E-002  0.43691128264653650     
   3.0580580580580587       -1.6226499937943079E-002  0.42335604548519834     
   3.0680680680680688       -2.4073180674714100E-002  0.40765157123652923     
   3.0780780780780788       -4.9274878086328695E-002  0.39229973380896943     
   3.0880880880880888       -9.3923506805064311E-002  0.42396299862310294     
   3.0980980980980988       -5.8339809544712753E-002  0.47156559306214363     
   3.1081081081081088       -2.6765804796091374E-002  0.45952721218007891     
   3.1181181181181188       -1.7392493362577907E-002  0.44381041411023703     
   3.1281281281281288       -1.7097905296056943E-002  0.43116733389255030     
   3.1381381381381388       -2.2826408571787894E-002  0.42721745559679458     
   3.1481481481481488       -1.8643353865318280E-002  0.42546752359571660     
   3.1581581581581588       -2.2623198972519784E-002  0.41820717131101182     
   3.1681681681681688       -2.4314773421481368E-002  0.42637729646833739     
   3.1781781781781788       -1.4071026449684609E-002  0.42266704125381249     
   3.1881881881881888       -1.2513080512741210E-002  0.41373362991056190     
   3.1981981981981988       -1.8615441347613754E-002  0.40850370648415107     
   3.2082082082082088       -1.9604786652975346E-002  0.41362301355330100     
   3.2182182182182189       -1.6477498380999572E-002  0.41510048309491809     
   3.2282282282282289       -9.3019006800774649E-003  0.41300817878372315     
   3.2382382382382389       -6.0081866632135661E-003  0.40744825230925275     
   3.2482482482482489       -4.7119382525944650E-003  0.40259002894176921     
   3.2582582582582589       -4.0989729056145280E-003  0.39837275067022343     
   3.2682682682682689       -3.8231712799178569E-003  0.39453429634867215     
   3.2782782782782789       -3.8745538975634049E-003  0.39089192822415059     
   3.2882882882882889       -4.6376088793022774E-003  0.38753020798149301     
   3.2982982982982989       -5.6445606190174526E-003  0.38593537931218624     
   3.3083083083083089       -5.0587789637001005E-003  0.38458265894618843     
   3.3183183183183189       -3.6738411971014894E-003  0.38230261265384391     
   3.3283283283283289       -3.0077364547808137E-003  0.37936847502314791     
   3.3383383383383389       -2.7235618652782850E-003  0.37659646767537791     
   3.3483483483483489       -2.5662242328504956E-003  0.37398313364872676     
   3.3583583583583589       -2.4631208678159064E-003  0.37148244205800768     
   3.3683683683683689       -2.3905123290550766E-003  0.36906425006945198     
   3.3783783783783790       -2.3437111941290176E-003  0.36670927056326502     
   3.3883883883883890       -2.3357983028741511E-003  0.36442177151765187     
   3.3983983983983990       -2.2981160989066292E-003  0.36224222732724148     
   3.4084084084084090       -2.2227092776199724E-003  0.36003699161902764     
   3.4184184184184190       -2.1817589807283195E-003  0.35784459762853577     
   3.4284284284284290       -2.1565235067506371E-003  0.35567818610795005     
   3.4384384384384390       -2.1406384950201527E-003  0.35353096119454347     
   3.4484484484484490       -2.1327655887880431E-003  0.35139547564326729     
   3.4584584584584590       -2.1332662141464675E-003  0.34926407591848563     
   3.4684684684684690       -2.1437102502445057E-003  0.34712818544316798     
   3.4784784784784790       -2.1675611173783979E-003  0.34497737114542576     
   3.4884884884884890       -2.2131915071298548E-003  0.34279822322003917     
   3.4984984984984990       -2.3064072588622466E-003  0.34057800083641743     
   3.5085085085085090       -2.4975993483914863E-003  0.33838155082004501     
   3.5185185185185190       -2.5418893797634055E-003  0.33622868565469177     
   3.5285285285285291       -2.6218326648793176E-003  0.33379681183269200     
   3.5385385385385391       -2.8944026367068720E-003  0.33129997918471366     
   3.5485485485485491       -3.0628042122364616E-003  0.32872608167270850     
   3.5585585585585591       -3.3500054791463199E-003  0.32568647181257232     
   3.5685685685685691       -3.9441503373715374E-003  0.32219484190765779     
   3.5785785785785791       -5.0417227649621902E-003  0.31800810739828750     
   3.5885885885885891       -7.2719982781342674E-003  0.31265008579590459     
   3.5985985985985991       -1.2718847336205321E-002  0.30549125397447302     
   3.6086086086086091       -2.8363017987356798E-002  0.29977624126438446     
   3.6186186186186191       -4.7273515860050137E-002  0.31775957323815324     
   3.6286286286286291       -3.2826621280593757E-002  0.34072069810802791     
   3.6386386386386391       -1.7651113025495730E-002  0.33426179610936801     
   3.6486486486486491       -1.8357592283194321E-002  0.32537130559498451     
   3.6586586586586591       -2.3898493810398221E-002  0.33030993839709699     
   3.6686686686686691       -1.5988205123688530E-002  0.33097934047229566     
   3.6786786786786791       -1.6938148962773670E-002  0.32905268398188414     
   3.6886886886886892       -1.1133188009672315E-002  0.33091963516090350     
   3.6986986986986992       -6.8463781938417310E-003  0.32576908687402373     
   3.7087087087087092       -5.7609130344943261E-003  0.32040066409488316     
   3.7187187187187192       -6.2184550377982683E-003  0.31506140529529864     
   3.7287287287287292       -8.6556809504965831E-003  0.30901489376407665     
   3.7387387387387392       -1.6573372498146426E-002  0.30226276397213975     
   3.7487487487487492       -3.6071026913854651E-002  0.30823076194498966     
   3.7587587587587592       -2.8596531726380939E-002  0.33322227367757656     
   3.7687687687687692       -1.2318956042454927E-002  0.33124268295244252     
   3.7787787787787792       -6.7914603072631212E-003  0.32499725580995609     
   3.7887887887887892       -4.8030332176974225E-003  0.32008872667768501     
   3.7987987987987992       -4.1218013521592926E-003  0.31603940858061697     
   3.8088088088088092       -4.3599286573222937E-003  0.31229669332114718     
   3.8188188188188192       -6.3166671812978836E-003  0.30872485428391244     
   3.8288288288288292       -1.0964522008616095E-002  0.30900886557036866     
   3.8388388388388393       -1.0138661686360977E-002  0.31296519241956100     
   3.8488488488488493       -5.6496506990311368E-003  0.31314138796399477     
   3.8588588588588593       -3.3482343569746528E-003  0.31031204249396527     
   3.8688688688688693       -2.4999443152651504E-003  0.30775422551279291     
   3.8788788788788793       -2.1191268567320211E-003  0.30556717551342333     
   3.8888888888888893       -1.9374674258881331E-003  0.30360170585374135     
   3.8988988988988993       -1.8953752090971338E-003  0.30175114759098604     
   3.9089089089089093       -2.0733676103660546E-003  0.29994658284954978     
   3.9189189189189193       -2.8347202944892405E-003  0.29845306910189484     
   3.9289289289289293       -3.0333297753751174E-003  0.29845261641352416     
   3.9389389389389393       -2.0095332243207833E-003  0.29732713214327511     
   3.9489489489489493       -1.6105767563426062E-003  0.29575930883317753     
   3.9589589589589593       -1.4512221737287313E-003  0.29428621499383023     
   3.9689689689689693       -1.3717967209870940E-003  0.29289576641034504     
   3.9789789789789793       -1.3319496858728481E-003  0.29155787167527741     
   3.9889889889889893       -1.3331535433556063E-003  0.29025371622908896     
   3.9989989989989994       -1.4184478034562009E-003  0.28902178978359472     
   4.0090090090090094       -1.4000374589931146E-003  0.28797665620607399     
   4.0190190190190194       -1.2948355265301338E-003  0.28677952393125106     
   4.0290290290290294       -1.3157684487774420E-003  0.28557944181974049     
   4.0390390390390394       -1.3217957258942108E-003  0.28454109910828229     
   4.0490490490490494       -1.2084048323201047E-003  0.28341795444485485     
   4.0590590590590594       -1.1591799980586821E-003  0.28225880530804021     
   4.0690690690690694       -1.1363319711155276E-003  0.28111671799777382     
   4.0790790790790794       -1.1233412696250351E-003  0.27998868470683258     
   4.0890890890890894       -1.1156951414374714E-003  0.27886992575145636     
   4.0990990990990994       -1.1121126529768388E-003  0.27775654895161495     
   4.1091091091091094       -1.1125648589281273E-003  0.27664492397539697     
   4.1191191191191194       -1.1180166781989901E-003  0.27553105882634671     
   4.1291291291291294       -1.1312858970924154E-003  0.27440994984995098     
   4.1391391391391394       -1.1611051102143899E-003  0.27327561014276808     
   4.1491491491491495       -1.2361809939917092E-003  0.27213782791394059     
   4.1591591591591595       -1.3020726230453538E-003  0.27108832050880532     
   4.1691691691691695       -1.2696237278649483E-003  0.26993500908628815     
   4.1791791791791795       -1.3179692700659780E-003  0.26868452847305241     
   4.1891891891891895       -1.4748531890678247E-003  0.26737094341556378     
   4.1991991991991995       -1.8854849671377724E-003  0.26611660384085872     
   4.2092092092092095       -2.0206024657948686E-003  0.26531073357825607     
   4.2192192192192195       -1.8429297715028344E-003  0.26386881538543944     
   4.2292292292292295       -2.0190431650459950E-003  0.26208848962011211     
   4.2392392392392395       -2.5370758130992864E-003  0.26000286928499988     
   4.2492492492492495       -3.7555282159685592E-003  0.25738766810968594     
   4.2592592592592595       -7.1181543821869937E-003  0.25423388399942959     
   4.2692692692692695       -1.4980766300076404E-002  0.25530064689295895     
   4.2792792792792795       -1.7126643492811174E-002  0.26366947720622624     
   4.2892892892892895       -9.7817433657690894E-003  0.26857875736234815     
   4.2992992992992995       -5.1789591058831437E-003  0.26532149609699190     
   4.3093093093093096       -4.1935246042888990E-003  0.26178694360800742     
   4.3193193193193196       -5.4889195854930005E-003  0.25875336672637639     
   4.3293293293293296       -8.6705378455663069E-003  0.25964751232210109     
   4.3393393393393396       -6.0091761646747354E-003  0.26081760405943227     
   4.3493493493493496       -5.8415389751814021E-003  0.25815602813158955     
   4.3593593593593596       -8.1533965051838742E-003  0.25925664731778236     
   4.3693693693693696       -4.8853024927050332E-003  0.26026637052923451     
   4.3793793793793796       -3.2261670720706770E-003  0.25778344605742187     
   4.3893893893893896       -3.1314938443530523E-003  0.25515317475868415     
   4.3993993993993996       -4.3889895698074272E-003  0.25243607704024368     
   4.4094094094094096       -8.5021219496013989E-003  0.25135316288231624     
   4.4194194194194196       -9.1703530331604440E-003  0.25510433280662137     
   4.4294294294294296       -9.5748329607614324E-003  0.25561869664125336     
   4.4394394394394396       -6.6604720636322442E-003  0.25892590852497449     
   4.4494494494494496       -3.3549407791770565E-003  0.25708678799627099     
   4.4594594594594597       -2.2511794828581301E-003  0.25490249546604343     
   4.4694694694694697       -1.9095899525215575E-003  0.25305393027278533     
   4.4794794794794797       -2.0685687595514328E-003  0.25139338391285654     
   4.4894894894894897       -3.0235153471601106E-003  0.25038963060779218     
   4.4994994994994997       -2.8036013588047695E-003  0.25066615905408524     
   4.5095095095095097       -2.4609707621182988E-003  0.24968661951676302     
   4.5195195195195197       -2.1982140126243326E-003  0.24949155620054064     
   4.5295295295295297       -1.4273559492655864E-003  0.24854242258902712     
   4.5395395395395397       -1.1280478707640916E-003  0.24742214124740805     
   4.5495495495495497       -9.9839183052352100E-004  0.24640092519431653     
   4.5595595595595597       -9.2997972617420415E-004  0.24545339215524284     
   4.5695695695695697       -8.9282553096351326E-004  0.24455257111224807     
   4.5795795795795797       -8.8425668399724040E-004  0.24368035081013192     
   4.5895895895895897       -9.3451661400799965E-004  0.24283867275700757     
   4.5995995995995997       -1.0225991074248415E-003  0.24217204245692733     
   4.6096096096096097       -8.8364132996191457E-004  0.24149157154532072     
   4.6196196196196198       -8.0698172670075102E-004  0.24069881443416363     
   4.6296296296296298       -7.7796911057658911E-004  0.23991869019108206     
   4.6396396396396398       -7.7029154345369534E-004  0.23915332810568909     
   4.6496496496496498       -7.9203724866124892E-004  0.23840012387211545     
   4.6596596596596598       -8.5914644826247117E-004  0.23772360264622555     
   4.6696696696696698       -7.9439746897785153E-004  0.23709910687274363     
   4.6796796796796798       -7.3686073110572727E-004  0.23638033743173234     
   4.6896896896896898       -7.1505203247518041E-004  0.23566332487351355     
   4.6996996996996998       -7.0563946603458667E-004  0.23495606479815173     
   4.7097097097097098       -7.0413059306882785E-004  0.23425440966341457     
   4.7197197197197198       -7.1576946096009442E-004  0.23355446936575178     
   4.7297297297297298       -7.6474564833843410E-004  0.23286882953039437     
   4.7397397397397398       -7.9623784720018282E-004  0.23228358247672545     
   4.7497497497497498       -7.3563956497367674E-004  0.23163046784940344     
   4.7597597597597598       -7.4142910463387876E-004  0.23093797690978088     
   4.7697697697697699       -8.0178991004648936E-004  0.23031985512246292     
   4.7797797797797799       -7.3763125615318480E-004  0.22973477320365182     
   4.7897897897897899       -6.8986483934177446E-004  0.22906158167556351     
   4.7997997997997999       -6.7440560505289092E-004  0.22838732489082572     
   4.8098098098098099       -6.6982497276603012E-004  0.22771763543173465     
   4.8198198198198199       -6.7074700600354257E-004  0.22704870702729557     
   4.8298298298298299       -6.7651278746268229E-004  0.22637671774924914     
   4.8398398398398399       -6.8925307203403956E-004  0.22569737387293537     
   4.8498498498498499       -7.1723194117899946E-004  0.22500589579383140     
   4.8598598598598599       -7.8766619646217207E-004  0.22431501112893384     
   4.8698698698698699       -8.3661483779608312E-004  0.22370824752413151     
   4.8798798798798799       -8.0125475987392696E-004  0.22299940501389992     
   4.8898898898898899       -8.2984948114080527E-004  0.22221253583806894     
   4.8998998998998999       -9.1350077137398642E-004  0.22136689190912193     
   4.9099099099099099       -1.0821614301031025E-003  0.22042158732575420     
   4.9199199199199199       -1.4505578766529689E-003  0.21930318486407716     
   4.9299299299299300       -2.4262026441478814E-003  0.21795431046776748     
   4.9399399399399400       -5.1485952341665279E-003  0.21745100765014294     
   4.9499499499499500       -6.3695505812315844E-003  0.22097197819253150     
   4.9599599599599600       -3.2708802357130028E-003  0.22191575881224324     
   4.9699699699699700       -1.8886387433928059E-003  0.22045158912556836     
   4.9799799799799800       -1.5454114258765107E-003  0.21902593516299737     
   4.9899899899899900       -1.7171151447833164E-003  0.21765344028172512     
   5.0000000000000000       -2.7298242166593732E-003  0.21635999601812034     
