  -5.0000000000000000       -1.7174544999489828E-003 -0.22942551793767912     
  -4.9899899899899900       -1.5922643699033496E-003 -0.23048398609871104     
  -4.9799799799799800       -1.6507649274797192E-003 -0.23090936022047118     
  -4.9699699699699700       -1.3145452186880289E-003 -0.23169991954329586     
  -4.9599599599599600       -1.5134656335780068E-003 -0.23269035169423491     
  -4.9499499499499500       -2.1853199282221053E-003 -0.23287878447478322     
  -4.9399399399399400       -1.5026038761090368E-003 -0.23282915213957106     
  -4.9299299299299300       -1.0250286754114530E-003 -0.23368839933248173     
  -4.9199199199199199       -8.6323366155436688E-004 -0.23455274998288020     
  -4.9099099099099099       -7.9696657818136658E-004 -0.23535936676979144     
  -4.8998998998998999       -7.6631330941956323E-004 -0.23613155612694453     
  -4.8898898898898899       -7.5357987320599209E-004 -0.23688600170441027     
  -4.8798798798798799       -7.5525939654292132E-004 -0.23763384358736495     
  -4.8698698698698699       -7.8139461579920322E-004 -0.23838267935884128     
  -4.8598598598598599       -8.7472055888409303E-004 -0.23910420269755184     
  -4.8498498498498499       -9.0957018993045858E-004 -0.23965366531423982     
  -4.8398398398398399       -7.9406643402652279E-004 -0.24033928387476047     
  -4.8298298298298299       -7.5276603270591728E-004 -0.24108451012849758     
  -4.8198198198198199       -7.3979293137628043E-004 -0.24182457309345282     
  -4.8098098098098099       -7.3600856068946514E-004 -0.24256075420729406     
  -4.7997997997997999       -7.3608259258848327E-004 -0.24329638591997313     
  -4.7897897897897899       -7.3820225668595762E-004 -0.24403359286215406     
  -4.7797797797797799       -7.4164903361011040E-004 -0.24477378052241530     
  -4.7697697697697699       -7.4613080025199749E-004 -0.24551800802634674     
  -4.7597597597597598       -7.5157154625752590E-004 -0.24626719950679821     
  -4.7497497497497498       -7.5805600553520251E-004 -0.24702228784598257     
  -4.7397397397397398       -7.6586056768297467E-004 -0.24778435374437813     
  -4.7297297297297298       -7.7559600775364476E-004 -0.24855481834074264     
  -4.7197197197197198       -7.8862238908845774E-004 -0.24933577672130405     
  -4.7097097097097098       -8.0836315383750099E-004 -0.25013059095023604     
  -4.6996996996996998       -8.4530721894925933E-004 -0.25094412661439963     
  -4.6896896896896898       -9.3597596272913385E-004 -0.25176736754654500     
  -4.6796796796796798       -1.0585957729396770E-003 -0.25247433676849967     
  -4.6696696696696698       -1.0730650212540853E-003 -0.25322394283954514     
  -4.6596596596596598       -1.0798813028520845E-003 -0.25391328327827728     
  -4.6496496496496498       -1.0110692201653797E-003 -0.25477299080087368     
  -4.6396396396396398       -1.1223000575647701E-003 -0.25569628414596157     
  -4.6296296296296298       -1.4035159099591488E-003 -0.25634573539410216     
  -4.6196196196196198       -1.1837705696902468E-003 -0.25692383043514860     
  -4.6096096096096097       -1.0543059881792164E-003 -0.25787597100205978     
  -4.5995995995995997       -1.1029732139327887E-003 -0.25886668162486121     
  -4.5895895895895897       -1.3526943775737548E-003 -0.25975941103793188     
  -4.5795795795795797       -1.4424514076892528E-003 -0.26033202096497438     
  -4.5695695695695697       -1.2277470336195661E-003 -0.26108753761951109     
  -4.5595595595595597       -1.1039084261859878E-003 -0.26210897415233825     
  -4.5495495495495497       -1.1049339306033986E-003 -0.26317527808293723     
  -4.5395395395395397       -1.1769593272071624E-003 -0.26428518496354941     
  -4.5295295295295297       -1.3481318165010439E-003 -0.26548431442794768     
  -4.5195195195195197       -1.7697088409597069E-003 -0.26683297630656816     
  -4.5095095095095097       -3.0190063766179220E-003 -0.26815545403853386     
  -4.4994994994994997       -4.7656603151017595E-003 -0.26703920527165381     
  -4.4894894894894897       -2.8631058644844323E-003 -0.26654015043794216     
  -4.4794794794794797       -1.9830433831754027E-003 -0.26809790092519781     
  -4.4694694694694697       -1.8940386202791414E-003 -0.26969373788447448     
  -4.4594594594594597       -2.2541653432426108E-003 -0.27139200193745078     
  -4.4494494494494496       -3.7495249613909236E-003 -0.27308373363782074     
  -4.4394394394394396       -6.4251912524057467E-003 -0.27170186591752732     
  -4.4294294294294296       -3.9840996452432387E-003 -0.27021439518302870     
  -4.4194194194194196       -2.8347488196086754E-003 -0.27191756275735274     
  -4.4094094094094096       -3.0099061345568627E-003 -0.27276732098614997     
  -4.3993993993993996       -2.1060912070832755E-003 -0.27352942228938532     
  -4.3893893893893896       -1.6466130465253961E-003 -0.27502999794925337     
  -4.3793793793793796       -1.5476479416481601E-003 -0.27652285382787223     
  -4.3693693693693696       -1.6384459416176487E-003 -0.27803277140420601     
  -4.3593593593593596       -1.9919957114129389E-003 -0.27966466804658641     
  -4.3493493493493496       -3.0711141046483670E-003 -0.28144043194695539     
  -4.3393393393393396       -5.7509471272616233E-003 -0.28172861545372979     
  -4.3293293293293296       -5.5738120225276213E-003 -0.27928276974145511     
  -4.3193193193193196       -3.6615432938155125E-003 -0.27993670469895149     
  -4.3093093093093096       -3.3370699093213350E-003 -0.28061804481997443     
  -4.2992992992992995       -2.1457598514403697E-003 -0.28156118907728034     
  -4.2892892892892895       -1.6021336471971237E-003 -0.28308409026498155     
  -4.2792792792792795       -1.4012641067550707E-003 -0.28449745716117869     
  -4.2692692692692695       -1.3326608422530716E-003 -0.28581835305910475     
  -4.2592592592592595       -1.3775433875595656E-003 -0.28706985246966021     
  -4.2492492492492495       -1.4605060848834818E-003 -0.28808421211952900     
  -4.2392392392392395       -1.2879893007692897E-003 -0.28915553226940155     
  -4.2292292292292295       -1.2059163473009296E-003 -0.29034638154692843     
  -4.2192192192192195       -1.1764653507064223E-003 -0.29152537539862861     
  -4.2092092092092095       -1.1647541100952676E-003 -0.29269230588086831     
  -4.1991991991991995       -1.1608379123815237E-003 -0.29385389379934568     
  -4.1891891891891895       -1.1612011153199547E-003 -0.29501466530617843     
  -4.1791791791791795       -1.1643077574775107E-003 -0.29617762567249073     
  -4.1691691691691695       -1.1693814392475118E-003 -0.29734491961722892     
  -4.1591591591591595       -1.1759957352186136E-003 -0.29851819674964691     
  -4.1491491491491495       -1.1839142495767452E-003 -0.29969881829727757     
  -4.1391391391391394       -1.1930249510236819E-003 -0.30088798746229217     
  -4.1291291291291294       -1.2033227607907687E-003 -0.30208684699828103     
  -4.1191191191191194       -1.2149400283758308E-003 -0.30329657253260167     
  -4.1091091091091094       -1.2282891150075701E-003 -0.30451848370556645     
  -4.0990990990990994       -1.2446396575094990E-003 -0.30575408934772458     
  -4.0890890890890894       -1.2682433078213583E-003 -0.30700305240368686     
  -4.0790790790790794       -1.2938018215184149E-003 -0.30825163801078515     
  -4.0690690690690694       -1.3025028219999463E-003 -0.30952716794327995     
  -4.0590590590590594       -1.3238692417535803E-003 -0.31083443128074578     
  -4.0490490490490494       -1.3599860080747517E-003 -0.31216958563444197     
  -4.0390390390390394       -1.4244803853740422E-003 -0.31354184489352815     
  -4.0290290290290294       -1.5737278191124023E-003 -0.31495061006957425     
  -4.0190190190190194       -1.8815923924063267E-003 -0.31618813202586527     
  -4.0090090090090094       -1.8209918359638187E-003 -0.31732204234381411     
  -3.9989989989989989       -1.9223385232848957E-003 -0.31869167854489427     
  -3.9889889889889889       -1.8360005157634267E-003 -0.31989071195799140     
  -3.9789789789789789       -1.7605848788501530E-003 -0.32145142920019393     
  -3.9689689689689689       -1.9855365414427773E-003 -0.32303295373746582     
  -3.9589589589589589       -2.1697861979127040E-003 -0.32420047902370380     
  -3.9489489489489489       -1.9587370897738285E-003 -0.32574771603291219     
  -3.9389389389389389       -2.0533839276217500E-003 -0.32758104767920126     
  -3.9289289289289289       -2.5324408389614229E-003 -0.32942357565643648     
  -3.9189189189189189       -2.9712075325879243E-003 -0.33082336860422934     
  -3.9089089089089089       -3.3557511483946036E-003 -0.33299111900950124     
  -3.8988988988988988       -5.5731096254307416E-003 -0.33521129062271554     
  -3.8888888888888888       -8.1758963499757170E-003 -0.33286015305959427     
  -3.8788788788788788       -4.8663945020535650E-003 -0.33256640110816388     
  -3.8688688688688688       -3.8159440967547916E-003 -0.33538833510846555     
  -3.8588588588588588       -4.8472404957235265E-003 -0.33804418421737459     
  -3.8488488488488488       -7.1626851606786304E-003 -0.33744108396219846     
  -3.8388388388388388       -4.4791263346846515E-003 -0.33683857792776822     
  -3.8288288288288288       -2.9340779328105356E-003 -0.33925724465153984     
  -3.8188188188188188       -2.4597523762257332E-003 -0.34168146780586683     
  -3.8088088088088088       -2.3418582572095801E-003 -0.34398041408795732     
  -3.7987987987987988       -2.4239893714453164E-003 -0.34627928556780851     
  -3.7887887887887888       -2.7619192038324612E-003 -0.34870959164029353     
  -3.7787787787787788       -3.7371463336620908E-003 -0.35138982444259059     
  -3.7687687687687688       -6.7198842172738506E-003 -0.35347623593468103     
  -3.7587587587587588       -8.3170772753360794E-003 -0.35018675661815180     
  -3.7487487487487487       -4.7453349448676333E-003 -0.35096126175186748     
  -3.7387387387387387       -3.7820612224035198E-003 -0.35399124584821406     
  -3.7287287287287287       -4.6279346277687608E-003 -0.35656535249735399     
  -3.7187187187187187       -5.1241388660783239E-003 -0.35680126710348947     
  -3.7087087087087087       -4.1712756551279418E-003 -0.35848953745915002     
  -3.6986986986986987       -3.6106175004179180E-003 -0.36009335254038571     
  -3.6886886886886887       -3.0035273137045530E-003 -0.36256579493481234     
  -3.6786786786786787       -3.1258838629397651E-003 -0.36527820385756071     
  -3.6686686686686687       -3.9897020044818050E-003 -0.36790118771102109     
  -3.6586586586586587       -6.0581141430779053E-003 -0.37009293565872248     
  -3.6486486486486487       -7.9758564868017481E-003 -0.36807707323227845     
  -3.6386386386386387       -4.6285185952778529E-003 -0.36826270795941218     
  -3.6286286286286287       -3.1212751909842585E-003 -0.37101437242152169     
  -3.6186186186186187       -2.6075666946556858E-003 -0.37363745628893086     
  -3.6086086086086087       -2.3957847976597449E-003 -0.37606447943641957     
  -3.5985985985985987       -2.2971567226337938E-003 -0.37838177669127077     
  -3.5885885885885886       -2.2498495091003374E-003 -0.38064222247447349     
  -3.5785785785785786       -2.2293651707817859E-003 -0.38287560849875713     
  -3.5685685685685686       -2.2245029087718344E-003 -0.38509962095434191     
  -3.5585585585585586       -2.2295658324480534E-003 -0.38732548853857945     
  -3.5485485485485486       -2.2414148157136296E-003 -0.38956081778837948     
  -3.5385385385385386       -2.2582132319592988E-003 -0.39181108191742686     
  -3.5285285285285286       -2.2788394249686375E-003 -0.39408044694949551     
  -3.5185185185185186       -2.3025904940709636E-003 -0.39637225576408391     
  -3.5085085085085086       -2.3290240849526372E-003 -0.39868932718191880     
  -3.4984984984984986       -2.3578704226673180E-003 -0.40103415122529845     
  -3.4884884884884886       -2.3889826704023434E-003 -0.40340902483932789     
  -3.4784784784784786       -2.4223099865799832E-003 -0.40581615385815845     
  -3.4684684684684686       -2.4578857748168465E-003 -0.40825773765011619     
  -3.4584584584584586       -2.4958283744560628E-003 -0.41073604856815277     
  -3.4484484484484486       -2.5363553460965998E-003 -0.41325351742692412     
  -3.4384384384384385       -2.5798179410963964E-003 -0.41581283864848384     
  -3.4284284284284285       -2.6267742915807983E-003 -0.41841711597750680     
  -3.4184184184184185       -2.6781552492900628E-003 -0.42107008465929557     
  -3.4084084084084085       -2.7357102142755592E-003 -0.42377645550483262     
  -3.3983983983983985       -2.8034983194640452E-003 -0.42654208131955335     
  -3.3883883883883881       -2.8900633191954700E-003 -0.42936863980808693     
  -3.3783783783783781       -2.9888260604092227E-003 -0.43226034607152042     
  -3.3683683683683681       -3.1162335763676437E-003 -0.43523743274717674     
  -3.3583583583583581       -3.3319192497317540E-003 -0.43833912472640929     
  -3.3483483483483480       -3.7969219709333155E-003 -0.44136694110349711     
  -3.3383383383383380       -4.0018602515000242E-003 -0.44414621905391938     
  -3.3283283283283280       -3.8943413783673018E-003 -0.44724820229843937     
  -3.3183183183183180       -3.9967292360846823E-003 -0.45088792402685623     
  -3.3083083083083080       -4.5800330142371573E-003 -0.45465994931406084     
  -3.2982982982982980       -5.1742624558263990E-003 -0.45830486829360639     
  -3.2882882882882880       -6.3007040627339039E-003 -0.46278005203399203     
  -3.2782782782782780       -8.8093630517797408E-003 -0.46715730308953907     
  -3.2682682682682680       -1.5232829656190223E-002 -0.47024851908829546     
  -3.2582582582582580       -1.6430125030628556E-002 -0.46260868275084416     
  -3.2482482482482480       -9.4387071744582857E-003 -0.46536409128391432     
  -3.2382382382382380       -8.1799226247792206E-003 -0.47163337376374465     
  -3.2282282282282280       -1.1233908949644709E-002 -0.47614116498770798     
  -3.2182182182182180       -1.1187499625850448E-002 -0.47414383875772143     
  -3.2082082082082080       -6.9765391136608164E-003 -0.47789405616710645     
  -3.1981981981981980       -5.5656718555657896E-003 -0.48322119450232709     
  -3.1881881881881879       -5.1620005189965653E-003 -0.48832725841553737     
  -3.1781781781781779       -5.1640324050408765E-003 -0.49335777875571674     
  -3.1681681681681679       -5.4826882996920718E-003 -0.49852820454093111     
  -3.1581581581581579       -6.3181438863929174E-003 -0.50408219725065706     
  -3.1481481481481479       -8.5460945342500320E-003 -0.51026331028326555     
  -3.1381381381381379       -1.5282198484420627E-002 -0.51527012813568995     
  -3.1281281281281279       -1.9509108712372148E-002 -0.50782337207113948     
  -3.1181181181181179       -1.1034790008291521E-002 -0.50905901081472105     
  -3.1081081081081079       -8.4309600710603862E-003 -0.51535819404178196     
  -3.0980980980980979       -7.2582008376486156E-003 -0.52025761092463441     
  -3.0880880880880879       -6.0977545097811786E-003 -0.52580815274426684     
  -3.0780780780780779       -5.6752927944760416E-003 -0.53145565467518063     
  -3.0680680680680679       -5.5500359690855462E-003 -0.53699202282493042     
  -3.0580580580580579       -5.5570748369134686E-003 -0.54250847795414370     
  -3.0480480480480479       -5.6504005112423461E-003 -0.54808312433423034     
  -3.0380380380380378       -5.8336701748164157E-003 -0.55378412301726265     
  -3.0280280280280278       -6.1700463506501099E-003 -0.55969071694543371     
  -3.0180180180180178       -6.8989353651832770E-003 -0.56589616699250334     
  -3.0080080080080078       -8.9109849415226448E-003 -0.57207927539197301     
  -2.9979979979979978       -1.1380839449609319E-002 -0.57458334732796934     
  -2.9879879879879878       -8.5451539785139623E-003 -0.57845095692842685     
  -2.9779779779779778       -7.2371770145677377E-003 -0.58521056279913253     
  -2.9679679679679678       -6.9059452384728657E-003 -0.59204755303496714     
  -2.9579579579579578       -6.8722363587224999E-003 -0.59886671597363828     
  -2.9479479479479478       -6.9535404032143623E-003 -0.60575334370377065     
  -2.9379379379379378       -7.0918311212517168E-003 -0.61276479133604411     
  -2.9279279279279278       -7.2650397282639535E-003 -0.61993801565560192     
  -2.9179179179179178       -7.4635913823747971E-003 -0.62729995590516396     
  -2.9079079079079078       -7.6834645563355446E-003 -0.63487260929221445     
  -2.8978978978978978       -7.9229204687714730E-003 -0.64267559829311605     
  -2.8878878878878878       -8.1815137438637532E-003 -0.65072786320801390     
  -2.8778778778778777       -8.4595994345123965E-003 -0.65904846725337185     
  -2.8678678678678677       -8.7580755615483726E-003 -0.66765717486526499     
  -2.8578578578578577       -9.0782646326220302E-003 -0.67657489439950169     
  -2.8478478478478477       -9.4218662412075046E-003 -0.68582405695890991     
  -2.8378378378378377       -9.7909512509395114E-003 -0.69542897684723204     
  -2.8278278278278277       -1.0187984578830736E-002 -0.70541622400843085     
  -2.8178178178178177       -1.0615871653102776E-002 -0.71581503209491137     
  -2.8078078078078077       -1.1078028350417246E-002 -0.72665776410476612     
  -2.7977977977977977       -1.1578477810050926E-002 -0.73798045931879386     
  -2.7877877877877877       -1.2121981260108421E-002 -0.74982349021854433     
  -2.7777777777777777       -1.2714215221501329E-002 -0.76223236659259108     
  -2.7677677677677677       -1.3362016882162410E-002 -0.77525873528048106     
  -2.7577577577577577       -1.4073712350303908E-002 -0.78896162182127449     
  -2.7477477477477477       -1.4859511358352626E-002 -0.80340917811989820     
  -2.7377377377377377       -1.5732499914735930E-002 -0.81868087480896257     
  -2.7277277277277276       -1.6709604385175995E-002 -0.83487039617709968     
  -2.7177177177177176       -1.7813761388437821E-002 -0.85209016459630049     
  -2.7077077077077076       -1.9078320048094909E-002 -0.87047788514373425     
  -2.6976976976976976       -2.0558194700662481E-002 -0.89020652695415781     
  -2.6876876876876876       -2.2366950280065384E-002 -0.91149219288628847     
  -2.6776776776776776       -2.4774592177269242E-002 -0.93447535435592377     
  -2.6676676676676676       -2.7576062005052259E-002 -0.95895835216677561     
  -2.6576576576576576       -3.0464996097442198E-002 -0.98626068916511700     
  -2.6476476476476476       -3.5252428675620028E-002  -1.0168927144813575     
  -2.6376376376376376       -4.0984389963552421E-002  -1.0498088315534384     
  -2.6276276276276276       -4.8697197405594375E-002  -1.0902945182431105     
  -2.6176176176176176       -6.6731661968984640E-002  -1.1397810507938535     
  -2.6076076076076076      -0.11579220830234277       -1.1913557692098209     
  -2.5975975975975976      -0.18401630242163822       -1.1593863403921729     
  -2.5875875875875876      -0.12111519235514957       -1.1501918717003463     
  -2.5775775775775776       -9.3435705790110901E-002  -1.2245017901831947     
  -2.5675675675675675       -9.6990661112811072E-002  -1.3101727818809370     
  -2.5575575575575575      -0.11937659323065879       -1.4091184972035766     
  -2.5475475475475475      -0.17249814675393249       -1.5310678261267203     
  -2.5375375375375375      -0.30117140486143945       -1.6608609794538851     
  -2.5275275275275275      -0.49441954547043682       -1.7066564921155489     
  -2.5175175175175175      -0.66637223093844911       -1.6699052669735011     
  -2.5075075075075075      -0.78831629702145500       -1.5677861574758705     
  -2.4974974974974975      -0.75394048026107707       -1.4701804594841406     
  -2.4874874874874875      -0.77647789387958532       -1.5775481200723940     
  -2.4774774774774775      -0.92015967356184569       -1.5969390539168933     
  -2.4674674674674675       -1.0390941392641715       -1.5591271698597922     
  -2.4574574574574575       -1.1349815720899419       -1.5079095661475406     
  -2.4474474474474475       -1.2189043732550333       -1.4524975719864319     
  -2.4374374374374375       -1.2950395929870002       -1.3929243110004736     
  -2.4274274274274275       -1.3641454637163750       -1.3300830709898128     
  -2.4174174174174174       -1.4276577644293391       -1.2646423275233674     
  -2.4074074074074074       -1.4864437979209211       -1.1966185509390423     
  -2.3973973973973974       -1.5410475915020760       -1.1259134096426937     
  -2.3873873873873874       -1.5917980587046705       -1.0523404448497180     
  -2.3773773773773774       -1.6388648843581015      -0.97566090744589284     
  -2.3673673673673674       -1.6822778348508385      -0.89559399355241054     
  -2.3573573573573574       -1.7219504705715118      -0.81190582671742251     
  -2.3473473473473474       -1.7579155992514324      -0.72420016688704114     
  -2.3373373373373374       -1.7897653335680610      -0.63191865630410138     
  -2.3273273273273274       -1.8170575789607537      -0.53465195781376440     
  -2.3173173173173174       -1.8392321765023356      -0.43185874375606631     
  -2.3073073073073074       -1.8555096303509979      -0.32290764498952285     
  -2.2972972972972974       -1.8648308647332317      -0.20708122270203935     
  -2.2872872872872874       -1.8657611116515023       -8.3574096432619052E-002
  -2.2772772772772774       -1.8563426139315164        4.8498907264097134E-002
  -2.2672672672672673       -1.8338670175328220       0.19006892449509769     
  -2.2572572572572573       -1.7945133637034625       0.34201971053292551     
  -2.2472472472472473       -1.7327495953822489       0.50495295640378368     
  -2.2372372372372373       -1.6402967193959610       0.67859611798515562     
  -2.2272272272272273       -1.5042537422455988       0.86020920242510934     
  -2.2172172172172173       -1.3037218586281403        1.0397393689634475     
  -2.2072072072072073       -1.0065116774949248        1.1823943530180354     
  -2.1971971971971973      -0.61129349389179610        1.1750700684674678     
  -2.1871871871871873      -0.32547292799080502       0.96013067183644552     
  -2.1771771771771773      -0.20561599977147466       0.74853058076180423     
  -2.1671671671671673      -0.14875475449910192       0.58771936914026113     
  -2.1571571571571573      -0.11639651316980047       0.46200511788639959     
  -2.1471471471471473       -9.5741422460699069E-002  0.35942423957643249     
  -2.1371371371371373       -8.1557260471438089E-002  0.27277971791556221     
  -2.1271271271271273       -7.1331148934362112E-002  0.19758915990314932     
  -2.1171171171171173       -6.3710537276408352E-002  0.13090226599847371     
  -2.1071071071071072       -5.7904914399174494E-002   7.0676674663201280E-002
  -2.0970970970970972       -5.3423254686781899E-002   1.5435455797063742E-002
  -2.0870870870870872       -4.9946487010999387E-002  -3.5931248493153108E-002
  -2.0770770770770772       -4.7260526574974107E-002  -8.4287227090526426E-002
  -2.0670670670670672       -4.5218971541588014E-002 -0.13032765498701288     
  -2.0570570570570572       -4.3721552663330075E-002 -0.17463093332128277     
  -2.0470470470470472       -4.2701171668321290E-002 -0.21769423912790622     
  -2.0370370370370372       -4.2112598281540028E-002 -0.25996110074098361     
  -2.0270270270270272       -4.1934493384882289E-002 -0.30185210091915260     
  -2.0170170170170172       -4.2173999025405959E-002 -0.34377111701886737     
  -2.0070070070070072       -4.2879313607625091E-002 -0.38612874247367268     
  -1.9969969969969972       -4.4160505215424868E-002 -0.42934525338804186     
  -1.9869869869869872       -4.6407856845704289E-002 -0.47365310546838624     
  -1.9769769769769772       -4.8790048344827051E-002 -0.51846024987661732     
  -1.9669669669669672       -5.0705723816392212E-002 -0.56665400291749213     
  -1.9569569569569571       -5.4063957230000653E-002 -0.61844094165721619     
  -1.9469469469469471       -5.8848015614643125E-002 -0.67429208967161303     
  -1.9369369369369371       -6.5498102361894267E-002 -0.73554712312727644     
  -1.9269269269269271       -7.5224216079268810E-002 -0.80412999016724218     
  -1.9169169169169171       -9.1436126394313005E-002 -0.88244548050292015     
  -1.9069069069069071      -0.12317193240901737      -0.96632382669794770     
  -1.8968968968968971      -0.14594767757667376       -1.0415948106656308     
  -1.8868868868868871      -0.16799706074272802       -1.1669553490812494     
  -1.8768768768768771      -0.24143887848785683       -1.3341940972257658     
  -1.8668668668668671      -0.42404262862595038       -1.5099142288053486     
  -1.8568568568568571      -0.68793339566104850       -1.5658299067999466     
  -1.8468468468468471      -0.90998105335050683       -1.5258550178165287     
  -1.8368368368368371       -1.0841062822408536       -1.4523841509680053     
  -1.8268268268268271       -1.2246844121298575       -1.3669436081648325     
  -1.8168168168168171       -1.3418720893640781       -1.2754773404944981     
  -1.8068068068068071       -1.4406358178091956       -1.1808313270732624     
  -1.7967967967967970       -1.5247413024264103       -1.0845723651190835     
  -1.7867867867867866       -1.5969224164089466      -0.98736411282807113     
  -1.7767767767767766       -1.6589716770582930      -0.88932029808065649     
  -1.7667667667667666       -1.7121481031154302      -0.79052281980478967     
  -1.7567567567567566       -1.7573922284454495      -0.69090815170073028     
  -1.7467467467467466       -1.7953623956834908      -0.59032985612077715     
  -1.7367367367367366       -1.8264950080806115      -0.48859104413626542     
  -1.7267267267267266       -1.8510406102927122      -0.38545781137076407     
  -1.7167167167167166       -1.8690825080912847      -0.28066605426334257     
  -1.7067067067067065       -1.8805417073180790      -0.17392606676281341     
  -1.6966966966966965       -1.8851771236782109       -6.4928959105277059E-002
  -1.6866866866866865       -1.8825659043126519        4.6672849593073988E-002
  -1.6766766766766765       -1.8720525929753273       0.16123398490895527     
  -1.6666666666666665       -1.8527246711858045       0.27911762772754883     
  -1.6566566566566565       -1.8233223749532079       0.40068468549180347     
  -1.6466466466466465       -1.7821184645961430       0.52625817336264979     
  -1.6366366366366365       -1.7267311193776596       0.65605650607265997     
  -1.6266266266266265       -1.6538221944416032       0.79005503721692327     
  -1.6166166166166165       -1.5585903000852697       0.92768332973498580     
  -1.6066066066066065       -1.4338762664640061        1.0671083057203259     
  -1.5965965965965965       -1.2685245103025611        1.2033201696181013     
  -1.5865865865865865       -1.0446709118335209        1.3220723745420344     
  -1.5765765765765765      -0.74023084480988077        1.3773743096948010     
  -1.5665665665665665      -0.41353790958920078        1.2618678150864961     
  -1.5565565565565564      -0.23990310173190407        1.0470576646032688     
  -1.5465465465465464      -0.16558342102432660       0.87109450627661145     
  -1.5365365365365364      -0.12688619215286417       0.73440833497568581     
  -1.5265265265265264      -0.10350299221148561       0.62364087240499044     
  -1.5165165165165164       -8.8033788105164809E-002  0.53028052581952356     
  -1.5065065065065064       -7.7206533537907518E-002  0.44911648174626356     
  -1.4964964964964964       -6.9360004224622407E-002  0.37678392069265293     
  -1.4864864864864864       -6.3565549962072393E-002  0.31098066808089875     
  -1.4764764764764764       -5.9268099970652063E-002  0.25004602648571561     
  -1.4664664664664664       -5.6121068265897314E-002  0.19272199409408766     
  -1.4564564564564564       -5.3903553876700740E-002  0.13800945287762353     
  -1.4464464464464464       -5.2476265519333848E-002   8.5075942000054694E-002
  -1.4364364364364364       -5.1757414621249657E-002   3.3192247682469186E-002
  -1.4264264264264264       -5.1709958910621884E-002  -1.8315028287835527E-002
  -1.4164164164164164       -5.2336201034384619E-002  -7.0102906478392207E-002
  -1.4064064064064064       -5.3678191330461991E-002 -0.12284924294851822     
  -1.3963963963963963       -5.5824093206804273E-002 -0.17729287840235944     
  -1.3863863863863863       -5.8922549132693861E-002 -0.23428235303917716     
  -1.3763763763763763       -6.3207008156576039E-002 -0.29483971098847245     
  -1.3663663663663663       -6.9039957165681801E-002 -0.36026772734141249     
  -1.3563563563563563       -7.7017828216587564E-002 -0.43229268582640923     
  -1.3463463463463463       -8.8132967562945613E-002 -0.51332165851089284     
  -1.3363363363363363      -0.10417998817363962      -0.60689901909500321     
  -1.3263263263263263      -0.12873136127028006      -0.71854959918991557     
  -1.3163163163163163      -0.16999361005675290      -0.85731429573376361     
  -1.3063063063063063      -0.25066305756822882       -1.0370117381160511     
  -1.2962962962962963      -0.44122395218077792       -1.2526554632312732     
  -1.2862862862862863      -0.78337936668005825       -1.3496729569818571     
  -1.2762762762762763       -1.0896067542439567       -1.2760432568953755     
  -1.2662662662662663       -1.3125121750189905       -1.1421005926185812     
  -1.2562562562562563       -1.4756522346269867      -0.99152741417540813     
  -1.2462462462462462       -1.5969479808889016      -0.83789430886050265     
  -1.2362362362362362       -1.6874527662150274      -0.68599110870011537     
  -1.2262262262262262       -1.7543647238885607      -0.53786743528655134     
  -1.2162162162162162       -1.8028536979643912      -0.39358843271457117     
  -1.2062062062062062       -1.8356825795935667      -0.25305036820941179     
  -1.1961961961961962       -1.8551314960554433      -0.11617063047674732     
  -1.1861861861861862       -1.8628008940722045        1.7380128741655915E-002
  -1.1761761761761762       -1.8597573898054320       0.14797055567895651     
  -1.1661661661661662       -1.8466637722840880       0.27595712986196425     
  -1.1561561561561562       -1.8238618384695076       0.40166248050714970     
  -1.1461461461461462       -1.7913901747950802       0.52538585586366493     
  -1.1361361361361362       -1.7489897712777798       0.64734657247609095     
  -1.1261261261261262       -1.6961049088580915       0.76769046251567330     
  -1.1161161161161162       -1.6318162648302497       0.88645656523942118     
  -1.1061061061061062       -1.5547425361416078        1.0035170838489396     
  -1.0960960960960962       -1.4628662955200737        1.1184673141957195     
  -1.0860860860860861       -1.3532267836380634        1.2303984591284209     
  -1.0760760760760761       -1.2213608454940712        1.3373790585769412     
  -1.0660660660660661       -1.0602563057704466        1.4350976905051231     
  -1.0560560560560561      -0.85861219021894830        1.5125932131354654     
  -1.0460460460460461      -0.60290927537684602        1.5363331677500489     
  -1.0360360360360361      -0.33907720747929826        1.4292506965061786     
  -1.0260260260260261      -0.19848958046489698        1.2492048340300459     
  -1.0160160160160161      -0.13721491367349326        1.1027946622950338     
  -1.0060060060060061      -0.10464835841370398       0.98958889443119535     
 -0.99599599599599564       -8.4538981862121720E-002  0.89860873884511172     
 -0.98598598598598564       -7.0911011485116957E-002  0.82286032876163795     
 -0.97597597597597563       -6.1095004281468884E-002  0.75805405800115000     
 -0.96596596596596562       -5.3719744264751158E-002  0.70142430802462075     
 -0.95595595595595562       -4.8007398490262025E-002  0.65109301540378683     
 -0.94594594594594561       -4.3483399376719932E-002  0.60572690111181648     
 -0.93593593593593560       -3.9841833403121127E-002  0.56434347352040148     
 -0.92592592592592560       -3.6876994559793028E-002  0.52619530308495710     
 -0.91591591591591559       -3.4445998617763755E-002  0.49069762157812252     
 -0.90590590590590558       -3.2447168276111396E-002  0.45738107688264684     
 -0.89589589589589558       -3.0806957551908667E-002  0.42585971159464819     
 -0.88588588588588557       -2.9471758698222300E-002  0.39580847516999051     
 -0.87587587587587556       -2.8402639339007791E-002  0.36694686416582489     
 -0.86586586586586556       -2.7571921689013568E-002  0.33902656501276307     
 -0.85585585585585555       -2.6960978855783135E-002  0.31182171289246735     
 -0.84584584584584555       -2.6558885543612819E-002  0.28512081439203896     
 -0.83583583583583554       -2.6361719184382303E-002  0.25871963404356479     
 -0.82582582582582553       -2.6372413122590508E-002  0.23241448077029150     
 -0.81581581581581553       -2.6601144984608586E-002  0.20599538227991165     
 -0.80580580580580552       -2.7066320651387418E-002  0.17923861561292162     
 -0.79579579579579551       -2.7796305512247241E-002  0.15189796608945547     
 -0.78578578578578551       -2.8832182818319830E-002  0.12369389293657113     
 -0.77577577577577550       -3.0232020325435913E-002   9.4299441178305424E-002
 -0.76576576576576549       -3.2077466514877730E-002   6.3321167595781588E-002
 -0.75575575575575549       -3.4484103691870452E-002   3.0272379219141995E-002
 -0.74574574574574548       -3.7618118832646312E-002  -5.4656962700392556E-003
 -0.73573573573573547       -4.1724083857742671E-002  -4.4702189893232262E-002
 -0.72572572572572547       -4.7173285820868299E-002  -8.8527274874024592E-002
 -0.71571571571571546       -5.4552409034857363E-002 -0.13845901652649520     
 -0.70570570570570545       -6.4837416823550709E-002 -0.19669209491843770     
 -0.69569569569569545       -7.9764302015048277E-002 -0.26654029540886265     
 -0.68568568568568544      -0.10270541137266773      -0.35326192800030043     
 -0.67567567567567544      -0.14106501945363670      -0.46566417123018539     
 -0.66566566566566543      -0.21422252130721545      -0.61857323741549575     
 -0.65565565565565542      -0.38366463822529207      -0.82551006915672887     
 -0.64564564564564542      -0.77562427875197448      -0.96832271433888073     
 -0.63563563563563541       -1.2075953577270118      -0.81349866308950325     
 -0.62562562562562540       -1.4755495525707316      -0.51348831099073022     
 -0.61561561561561540       -1.6092780279541619      -0.18682535797383848     
 -0.60560560560560539       -1.6472859924455070       0.13222320850105970     
 -0.59559559559559538       -1.6114306740928339       0.43306824314749337     
 -0.58558558558558538       -1.5120215829364703       0.71125373419701010     
 -0.57557557557557537       -1.3505735597437944       0.96198632569570719     
 -0.56556556556556536       -1.1199599260814046        1.1737385154515279     
 -0.55555555555555536      -0.80591929472314916        1.3104025199629326     
 -0.54554554554554535      -0.44725789049629977        1.2729342505576131     
 -0.53553553553553535      -0.23444267784994299        1.0905576179940748     
 -0.52552552552552534      -0.14641886532784676       0.93570309566880594     
 -0.51551551551551533      -0.10314219776176638       0.82272003877388722     
 -0.50550550550550533       -7.8088565485486386E-002  0.73729248979830952     
 -0.49549549549549532       -6.1992510499780162E-002  0.66995151131104580     
 -0.48548548548548531       -5.0905530222525655E-002  0.61506759761742313     
 -0.47547547547547531       -4.2879772858148694E-002  0.56915265256634995     
 -0.46546546546546530       -3.6849056739954270E-002  0.52993316483305597     
 -0.45545545545545529       -3.2183370243498051E-002  0.49586031108513667     
 -0.44544544544544529       -2.8488003842245091E-002  0.46583942065621403     
 -0.43543543543543528       -2.5503980923041826E-002  0.43907278286981710     
 -0.42542542542542527       -2.3054906143673778E-002  0.41496397344890723     
 -0.41541541541541527       -2.1016855580350879E-002  0.39305722973338331     
 -0.40540540540540526       -1.9300469015303221E-002  0.37299768030052372     
 -0.39539539539539525       -1.7839857864528130E-002  0.35450446378812250     
 -0.38538538538538525       -1.6585494070826535E-002  0.33735208223245394     
 -0.37537537537537524       -1.5499514371947246E-002  0.32135716970643602     
 -0.36536536536536524       -1.4552538855270629E-002  0.30636891401187044     
 -0.35535535535535523       -1.3721466349826085E-002  0.29226199871547415     
 -0.34534534534534522       -1.2987915964296333E-002  0.27893131919531960     
 -0.33533533533533522       -1.2337105641987261E-002  0.26628796994012754     
 -0.32532532532532521       -1.1757032221125971E-002  0.25425615762712145     
 -0.31531531531531520       -1.1237863259992825E-002  0.24277079828431311     
 -0.30530530530530520       -1.0771480023483602E-002  0.23177562667093166     
 -0.29529529529529519       -1.0351129974705640E-002  0.22122169383289486     
 -0.28528528528528518       -9.9711596762426715E-003  0.21106616207533982     
 -0.27527527527527518       -9.6268074816181822E-003  0.20127133010368428     
 -0.26526526526526517       -9.3140412109578279E-003  0.19180383791277789     
 -0.25525525525525516       -9.0294300537438130E-003  0.18263401319547187     
 -0.24524524524524516       -8.7700428033734099E-003  0.17373532996945071     
 -0.23523523523523515       -8.5333665814041285E-003  0.16508395671743037     
 -0.22522522522522515       -8.3172417066854805E-003  0.15665837624192722     
 -0.21521521521521514       -8.1198094788604239E-003  0.14843906309510529     
 -0.20520520520520513       -7.9394704990536445E-003  0.14040820716227692     
 -0.19519519519519513       -7.7748518341086816E-003  0.13254947396045916     
 -0.18518518518518512       -7.6247819195727632E-003  0.12484779358948989     
 -0.17517517517517511       -7.4882726633039732E-003  0.11728917110303148     
 -0.16516516516516511       -7.3645088421856629E-003  0.10986051133973128     
 -0.15515515515515510       -7.2528457032763954E-003  0.10254945086836073     
 -0.14514514514514509       -7.1528168948278787E-003   9.5344188412881822E-002
 -0.13513513513513509       -7.0641568403613840E-003   8.8233302452660561E-002
 -0.12512512512512508       -6.9868451681917602E-003   8.1205539716955530E-002
 -0.11511511511511507       -6.9211873376074122E-003   7.4249549230048936E-002
 -0.10510510510510507       -6.8679584554832071E-003   6.7353519884393143E-002
  -9.5095095095095061E-002  -6.8286640235922201E-003   6.0504647975073531E-002
  -8.5085085085085055E-002  -6.8060305670319590E-003   5.3688299210908903E-002
  -7.5075075075075048E-002  -6.8049799169392130E-003   4.6886602809223368E-002
  -6.5065065065065042E-002  -6.8347057038977803E-003   4.0075943322526848E-002
  -5.5055055055055035E-002  -6.9135188267098833E-003   3.3222213190343734E-002
  -4.5045045045045029E-002  -7.0815518785945645E-003   2.6271386862635505E-002
  -3.5035035035035023E-002  -7.4394999474839858E-003   1.9131139869309585E-002
  -2.5025025025025016E-002  -8.2911486404611111E-003   1.1651906416872908E-002
  -1.5015015015015010E-002  -1.0728882173717756E-002   3.9124434937086779E-003
  -5.0050050050050032E-003  -1.6027216991001160E-002  -2.6728622457392428E-004
   5.0050050050050032E-003  -1.6031827077174824E-002   2.6232497265249807E-004
   1.5015015015015010E-002  -1.0732807183747925E-002  -3.9101186897732157E-003
   2.5025025025025016E-002  -8.2924771926984366E-003  -1.1649371769927957E-002
   3.5035035035035023E-002  -7.4400674672491073E-003  -1.9129071805858818E-002
   4.5045045045045029E-002  -7.0818632042635487E-003  -2.6269639033721093E-002
   5.5055055055055035E-002  -6.9137292312915506E-003  -3.3220686744954729E-002
   6.5065065065065042E-002  -6.8348737723433585E-003  -4.0074590121470986E-002
   7.5075075075075048E-002  -6.8051316949526586E-003  -4.6885402016321152E-002
   8.5085085085085055E-002  -6.8061792966852596E-003  -5.3687244685559639E-002
   9.5095095095095061E-002  -6.8288172995947588E-003  -6.0503742091715489E-002
  0.10510510510510507       -6.8681211784875178E-003  -6.7352770440821857E-002
  0.11511511511511507       -6.9213630671767614E-003  -7.4248967861033688E-002
  0.12512512512512508       -6.9870368005937123E-003  -8.1205141081182097E-002
  0.13513513513513509       -7.0643669777408985E-003  -8.8233103843145352E-002
  0.14514514514514509       -7.1530480645675392E-003  -9.5344209616759268E-002
  0.15515515515515510       -7.2531005018171869E-003 -0.10254971418658367     
  0.16516516516516511       -7.3647900405587130E-003 -0.10986104172023604     
  0.17517517517517511       -7.4885832944269594E-003 -0.11728999636407828     
  0.18518518518518512       -7.6251253590313133E-003 -0.12484894472323733     
  0.19519519519519513       -7.7752318820303893E-003 -0.13255098551526415     
  0.20520520520520513       -7.9398914687184800E-003 -0.14041011770817513     
  0.21521521521521514       -8.1202762969126187E-003 -0.14844141578181119     
  0.22522522522522515       -8.3177600297676818E-003 -0.15666121946327802     
  0.23523523523523515       -8.5339429345245871E-003 -0.16508734490107185     
  0.24524524524524516       -8.7706847462823943E-003 -0.17373932451615084     
  0.25525525525525516       -9.0301463830614742E-003 -0.18263868359925028     
  0.26526526526526517       -9.3148422078669635E-003 -0.19180926310153568     
  0.27527527527527518       -9.6277052177844817E-003 -0.20127760005088777     
  0.28528528528528518       -9.9721683945294178E-003 -0.21107337974743876     
  0.29529529529529519       -1.0352266566608913E-002 -0.22122997755568108     
  0.30530530530530520       -1.0772764632628639E-002 -0.23178511302270868     
  0.31531531531531520       -1.1239320051384364E-002 -0.24278164565679439     
  0.32532532532532521       -1.1758690370465237E-002 -0.25426855063989551     
  0.33533533533533522       -1.2339000620272208E-002 -0.26630212495613481     
  0.34534534534534522       -1.2990091223228733E-002 -0.27894749127044222     
  0.35535535535535523       -1.3723975558153006E-002 -0.29228049043586385     
  0.36536536536536524       -1.4555448902928928E-002 -0.30639008684476926     
  0.37537537537537524       -1.5502909460567676E-002 -0.32138145873972707     
  0.38538538538538525       -1.6589481367207438E-002 -0.33738001554602093     
  0.39539539539539525       -1.7844575444834483E-002 -0.35453668825242191     
  0.40540540540540526       -1.9306097236725980E-002 -0.37303499644412541     
  0.41541541541541527       -2.1023633701528849E-002 -0.39310063964764369     
  0.42542542542542527       -2.3063157197081362E-002 -0.41501474782915176     
  0.43543543543543528       -2.5514149956215811E-002 -0.43913255681402225     
  0.44544544544544529       -2.8500718580432020E-002 -0.46591033384619102     
  0.45545545545545529       -3.2199540905506190E-002 -0.49594521857892560     
  0.46546546546546530       -3.6870047566444297E-002 -0.53003596417983756     
  0.47547547547547531       -4.2907712727596206E-002 -0.56927881035871020     
  0.48548548548548531       -5.0943912571983309E-002 -0.61522503386556271     
  0.49549549549549532       -6.2047449817986038E-002 -0.67015215841896103     
  0.50550550550550533       -7.8171718960345665E-002 -0.73755518304607259     
  0.51551551551551533      -0.10327856463849995      -0.82307604338777607     
  0.52552552552552534      -0.14667174758577392      -0.93620534792486398     
  0.53553553553553535      -0.23500916349469234       -1.0912677504197412     
  0.54554554554554535      -0.44861883977508171       -1.2735113934927142     
  0.55555555555555536      -0.80749501070538487       -1.3100182482210845     
  0.56556556556556536       -1.1211768147657661       -1.1728381932207359     
  0.57557557557557537       -1.3514654314608694      -0.96082858254179881     
  0.58558558558558538       -1.5126242667336909      -0.70991393597653096     
  0.59559559559559538       -1.6117380571272861      -0.43157210026679005     
  0.60560560560560539       -1.6472506176355599      -0.13058618113163303     
  0.61561561561561540       -1.6088007971166094       0.18857168616999956     
  0.62562562562562540       -1.4744528231631109       0.51524515025106510     
  0.63563563563563541       -1.2056035314012146       0.81492163918204730     
  0.64564564564564542      -0.77289706447738493       0.96831632878997509     
  0.65565565565565542      -0.38217314627504678       0.82422523189377572     
  0.66566566566566543      -0.21362647329174964       0.61753963404584544     
  0.67567567567567544      -0.14077254826723054       0.46491997215988962     
  0.68568568568568544      -0.10253692019772484       0.35270365267768350     
  0.69569569569569545       -7.9656612069455651E-002  0.26610306629203456     
  0.70570570570570545       -6.4763581759886543E-002  0.19633786074713511     
  0.71571571571571546       -5.4499143086812876E-002  0.13816433426248431     
  0.72572572572572547       -4.7133355558053050E-002   8.8276938240567732E-002
  0.73573573573573547       -4.1693238906403217E-002   4.4485883932102024E-002
  0.74574574574574548       -3.7593710116920961E-002   5.2761559405360512E-003
  0.75575575575575549       -3.4464401085504880E-002  -3.0440433757029987E-002
  0.76576576576576549       -3.2061296222343924E-002  -6.3471675878746137E-002
  0.77577577577577550       -3.0218560430131075E-002  -9.4435409251866775E-002
  0.78578578578578551       -2.8820842252623827E-002 -0.12381765914819776     
  0.79579579579579551       -2.7786649424948701E-002 -0.15201138010387488     
  0.80580580580580552       -2.7058022760212640E-002 -0.17934316221502741     
  0.81581581581581553       -2.6593956234871964E-002 -0.20609226900687502     
  0.82582582582582553       -2.6366140530528066E-002 -0.23250470123098649     
  0.83583583583583554       -2.6356211229073695E-002 -0.25880401452180785     
  0.84584584584584555       -2.6554021879707460E-002 -0.28520004872510080     
  0.85585585585585555       -2.6956662944806978E-002 -0.31189638898113142     
  0.86586586586586556       -2.7568075446077835E-002 -0.33909718526862870     
  0.87587587587587556       -2.8399199202305964E-002 -0.36701386151328713     
  0.88588588588588557       -2.9468672727922578E-002 -0.39587222576274056     
  0.89589589589589558       -3.0804183297759979E-002 -0.42592054510055660     
  0.90590590590590558       -3.2444671246885583E-002 -0.45743928498888342     
  0.91591591591591559       -3.4443751259485317E-002 -0.49075346524319408     
  0.92592592592592560       -3.6874975719850170E-002 -0.52624901900407850     
  0.93593593593593560       -3.9840028343677024E-002 -0.56439528027811436     
  0.94594594594594561       -4.3481800537400521E-002 -0.60577700559433434     
  0.95595595595595562       -4.8006007459231601E-002 -0.65114162029339318     
  0.96596596596596562       -5.3718575973955372E-002 -0.70147162173686661     
  0.97597597597597563       -6.1094095764236654E-002 -0.75810030956522056     
  0.98598598598598564       -7.0910441014721909E-002 -0.82290579260631425     
  0.99599599599599564       -8.4538914610972446E-002 -0.89865377983738171     
   1.0060060060060056      -0.10464917021644056      -0.98963405409157079     
   1.0160160160160157      -0.13721758963108532       -1.1028408071823885     
   1.0260260260260257      -0.19849726102567691       -1.2492530171312461     
   1.0360360360360357      -0.33909887439431630       -1.4292956637990908     
   1.0460460460460457      -0.60293370175766503       -1.5363551858725100     
   1.0560560560560557      -0.85862227771266530       -1.5126057126189227     
   1.0660660660660657       -1.0602557796956260       -1.4351105398328012     
   1.0760760760760757       -1.2213537908602838       -1.3373949575897353     
   1.0860860860860857       -1.3532159050164994       -1.2304180336079247     
   1.0960960960960957       -1.4628534068366978       -1.1184905097922693     
   1.1061061061061057       -1.5547289030710769       -1.0035435876801846     
   1.1161161161161157       -1.6318027978218546      -0.88648595827961996     
   1.1261261261261257       -1.6960922750526428      -0.76772228116322616     
   1.1361361361361357       -1.7489784623819968      -0.64738033421749663     
   1.1461461461461457       -1.7913805496452642      -0.52542106875021044     
   1.1561561561561557       -1.8238541488082085      -0.40169864221619400     
   1.1661661661661658       -1.8466581701963347      -0.27599373366190838     
   1.1761761761761758       -1.8597539542890391      -0.14800707825298215     
   1.1861861861861858       -1.8627996082942011       -1.7416020693282241E-002
   1.1961961961961958       -1.8551322439116174       0.11613594586608234     
   1.2062062062062058       -1.8356851250572743       0.25301750563313563     
   1.2162162162162158       -1.8028576505794709       0.39355806810009486     
   1.2262262262262258       -1.7543692996721882       0.53784036808963953     
   1.2362362362362358       -1.6874570717919983       0.68596746742922277     
   1.2462462462462458       -1.5969509444728669       0.83787518851322085     
   1.2562562562562558       -1.4756514148680764       0.99151331829387301     
   1.2662662662662658       -1.3125039198467823        1.1420911275596406     
   1.2762762762762758       -1.0895852460016944        1.2760353050218023     
   1.2862862862862858      -0.78333847941172863        1.3496533446974481     
   1.2962962962962958      -0.44118691958791095        1.2526027073656290     
   1.3063063063063058      -0.25064983466824597        1.0369569537442220     
   1.3163163163163158      -0.16998661918839070       0.85726449679751915     
   1.3263263263263259      -0.12872784424280356       0.71850288344078650     
   1.3363363363363359      -0.10417804800377914       0.60685447730380293     
   1.3463463463463459       -8.8131858166532046E-002  0.51327843832253928     
   1.3563563563563559       -7.7017230315902491E-002  0.43225022713138023     
   1.3663663663663659       -6.9039714530384710E-002  0.36022564468094342     
   1.3763763763763759       -6.3207033906156077E-002  0.29479771638644914     
   1.3863863863863859       -5.8922797173705403E-002  0.23424020487965866     
   1.3963963963963959       -5.5824544287365496E-002  0.17725037276490441     
   1.4064064064064059       -5.3678837059818026E-002  0.12280618740553638     
   1.4164164164164168       -5.2337044915246086E-002   7.0059109021793048E-002
   1.4264264264264268       -5.1711014800132710E-002   1.8270287931741545E-002
   1.4364364364364368       -5.1758707040535680E-002  -3.3238150671983303E-002
   1.4464464464464468       -5.2477831561390034E-002  -8.5123257039442388E-002
   1.4564564564564568       -5.3905446969460098E-002 -0.13805847261863680     
   1.4664664664664668       -5.6123364625433290E-002 -0.19277307258285939     
   1.4764764764764768       -5.9270909459368214E-002 -0.25009960497565142     
   1.4864864864864868       -6.3569034762448004E-002 -0.31103731358381653     
   1.4964964964964969       -6.9364412378128862E-002 -0.37684438629950440     
   1.5065065065065069       -7.7212262925312219E-002 -0.44918180567326593     
   1.5165165165165169       -8.8041518451946021E-002 -0.53035220273816941     
   1.5265265265265269      -0.10351398656759044      -0.62372116632174623     
   1.5365365365365369      -0.12690308380577114      -0.73450087391315144     
   1.5465465465465469      -0.16561266196698435      -0.87120532694326691     
   1.5565565565565569      -0.23996420681431674       -1.0471948979244974     
   1.5665665665665669      -0.41368696675234706       -1.2620064809129630     
   1.5765765765765769      -0.74042252538792075       -1.3773983167430801     
   1.5865865865865869       -1.0448083076941634       -1.3220360329917107     
   1.5965965965965969       -1.2686178045524505       -1.2032715020468134     
   1.6066066066066069       -1.4339404304007994       -1.0670612899805578     
   1.6166166166166169       -1.5586348954256144      -0.92764228949009442     
   1.6266266266266269       -1.6538533240396736      -0.79002125286761549     
   1.6366366366366369       -1.7267528651440829      -0.65603014825162764     
   1.6466466466466469       -1.7821336796783365      -0.52623897958579757     
   1.6566566566566570       -1.8233331293838699      -0.40067222892359916     
   1.6666666666666670       -1.8527325159516790      -0.27911143231050789     
   1.6766766766766770       -1.8720587245981752      -0.16123357609405017     
   1.6866866866866870       -1.8825712721766943       -4.6677775884057700E-002
   1.6966966966966970       -1.8851825021833977        6.4919119266289932E-002
   1.7067067067067070       -1.8805477458776894       0.17391170040348808     
   1.7167167167167170       -1.8690897730763170       0.28064752073834953     
   1.7267267267267270       -1.8510496083124977       0.38543544535591717     
   1.7367367367367370       -1.8265062106465229       0.48856516070545691     
   1.7467467467467470       -1.7953762581172354       0.59030075796169490     
   1.7567567567567570       -1.7574092062264179       0.69087613714128349     
   1.7667667667667670       -1.7121686674713272       0.79048819130324921     
   1.7767767767767770       -1.6589963229655078       0.88928336771698502     
   1.7867867867867870       -1.5969516908330941       0.98732513383940468     
   1.7967967967967970       -1.5247763148184681        1.0845317548152815     
   1.8068068068068071       -1.4406769089991827        1.1807900604489101     
   1.8168168168168171       -1.3419202869965650        1.2754358235140932     
   1.8268268268268271       -1.2247408994239413        1.3669030573062697     
   1.8368368368368371       -1.0841727213868939        1.4523452863510007     
   1.8468468468468471      -0.91006099514687133        1.5258222448580225     
   1.8568568568568571      -0.68802810204023368        1.5658119976414484     
   1.8668668668668671      -0.42413649519040042        1.5099275586943182     
   1.8768768768768771      -0.24150740567349877        1.3342034025297154     
   1.8868868868868871      -0.16809941954575286        1.1669373108026688     
   1.8968968968968971      -0.14615665559422475        1.0416968921498573     
   1.9069069069069071      -0.12310943066095442       0.96648074166078390     
   1.9169169169169171       -9.1407067206116605E-002  0.88247691662654082     
   1.9269269269269271       -7.5219862758637512E-002  0.80415128527111956     
   1.9369369369369371       -6.5499642760535215E-002  0.73556547167994502     
   1.9469469469469471       -5.8851171367111335E-002  0.67430720375698283     
   1.9569569569569571       -5.4067961113197074E-002  0.61845255167869395     
   1.9669669669669672       -5.0711636414477561E-002  0.56666248846808265     
   1.9769769769769772       -4.8797764313536829E-002  0.51847239081983021     
   1.9869869869869872       -4.6405321054324530E-002  0.47365895325993812     
   1.9969969969969972       -4.4161306683637581E-002  0.42934463833648839     
   2.0070070070070072       -4.2881462321899086E-002  0.38612534449829788     
   2.0170170170170172       -4.2176747344223192E-002  0.34376514602021246     
   2.0270270270270272       -4.1937461759859983E-002  0.30184329533858245     
   2.0370370370370372       -4.2115784919023902E-002  0.25994917232047671     
   2.0470470470470472       -4.2704688372960528E-002  0.21767895386561326     
   2.0570570570570572       -4.3725430122728233E-002  0.17461199883908518     
   2.0670670670670672       -4.5223309958470730E-002  0.13030465937259991     
   2.0770770770770772       -4.7265461868856599E-002   8.4259655299898026E-002
   2.0870870870870872       -4.9952201020145970E-002   3.5898435458475576E-002
   2.0970970970970972       -5.3429998377531762E-002  -1.5474379496220214E-002
   2.1071071071071072       -5.7913045457455771E-002  -7.0722862561382410E-002
   2.1171171171171173       -6.3720585037745026E-002 -0.13095727912320712     
   2.1271271271271273       -7.1343933114037944E-002 -0.19765516548076664     
   2.1371371371371373       -8.1574123812368685E-002 -0.27285982422457666     
   2.1471471471471473       -9.5764728292850543E-002 -0.35952308987684251     
   2.1571571571571573      -0.11643083883348265      -0.46212999894899215     
   2.1671671671671673      -0.14881020702565348      -0.58788230867418090     
   2.1771771771771773      -0.20571937890272746      -0.74875138212282222     
   2.1871871871871873      -0.32571083119874422      -0.96042278161559136     
   2.1971971971971973      -0.61180676555985125       -1.1752343870630386     
   2.2072072072072073       -1.0069856391695953       -1.1822526925202990     
   2.2172172172172173       -1.3040492605975644       -1.0394978716945384     
   2.2272272272272273       -1.5044781239885652      -0.85994831668411664     
   2.2372372372372373       -1.6404514171172562      -0.67833942146015525     
   2.2472472472472473       -1.7328552252744795      -0.50470791409198257     
   2.2572572572572573       -1.7945830609543083      -0.34178843351573762     
   2.2672672672672673       -1.8339095341226532      -0.18985152593854854     
   2.2772772772772774       -1.8563640071623919       -4.8294726527220493E-002
   2.2872872872872874       -1.8657657004564769        8.3765999025101096E-002
   2.2972972972972974       -1.8648217985474789       0.20726185416748555     
   2.3073073073073074       -1.8554892423662652       0.32307798858573761     
   2.3173173173173174       -1.8392022100786536       0.43201972178447018     
   2.3273273273273274       -1.8170193358852862       0.53480441811538126     
   2.3373373373373374       -1.7897197775940328       0.63206337000420643     
   2.3473473473473474       -1.7578634208563437       0.72433785064641798     
   2.3573573573573574       -1.7218921080410670       0.81203701175818410     
   2.3673673673673674       -1.6822136620608981       0.89571944184641106     
   2.3773773773773774       -1.6387948273596393       0.97578116196437847     
   2.3873873873873874       -1.5917219090197692        1.0524560266248562     
   2.3973973973973974       -1.5409648522273742        1.1260248556392818     
   2.4074074074074074       -1.4863534711372093        1.1967265045375055     
   2.4174174174174174       -1.4275579955368505        1.2647473288974840     
   2.4274274274274275       -1.3640312704264408        1.3301853709742089     
   2.4374374374374375       -1.2949127155592819        1.3930156588417413     
   2.4474474474474475       -1.2187611858783081        1.4525960160208764     
   2.4574574574574575       -1.1347794843368648        1.5080066213685674     
   2.4674674674674675       -1.0388091113572369        1.5591568337457291     
   2.4774774774774775      -0.91975106460566747        1.5968225853947138     
   2.4874874874874875      -0.77613027003423884        1.5767658719219915     
   2.4974974974974975      -0.75530121779929316        1.4698597418672044     
   2.5075075075075075      -0.78842820708867845        1.5686648626363104     
   2.5175175175175175      -0.66601693414720164        1.6703051102744180     
   2.5275275275275275      -0.49400681809286467        1.7067819681303709     
   2.5375375375375375      -0.30081008196542569        1.6607367499380385     
   2.5475475475475475      -0.17234111159280971        1.5308719578602006     
   2.5575575575575575      -0.11931039046475261        1.4089704871677284     
   2.5675675675675675       -9.6958172659379643E-002   1.3100603822367312     
   2.5775775775775776       -9.3423206971460268E-002   1.2244087625378592     
   2.5875875875875876      -0.12114234767182863        1.1501211751078702     
   2.5975975975975976      -0.18401336376936236        1.1594246847658822     
   2.6076076076076076      -0.11572824657903993        1.1913133451309101     
   2.6176176176176176       -6.6700897315272165E-002   1.1397314524975442     
   2.6276276276276276       -4.8662737108221513E-002   1.0902504446713437     
   2.6376376376376376       -4.0968486415505212E-002   1.0497034839539445     
   2.6476476476476476       -3.5312089024092039E-002   1.0169037346173064     
   2.6576576576576576       -3.0392740403394947E-002  0.98627994064855584     
   2.6676676676676676       -2.7609325945694155E-002  0.95883652952785303     
   2.6776776776776776       -2.4770322930078713E-002  0.93448325294013801     
   2.6876876876876876       -2.2357646204142313E-002  0.91146954862758522     
   2.6976976976976976       -2.0554365835231410E-002  0.89018411028960653     
   2.7077077077077076       -1.9076154851685123E-002  0.87045756508860350     
   2.7177177177177176       -1.7812491599059781E-002  0.85207171855939257     
   2.7277277277277276       -1.6708625213084260E-002  0.83485392347391840     
   2.7377377377377377       -1.5731446549957225E-002  0.81866571571419022     
   2.7477477477477477       -1.4858494976320377E-002  0.80339507393836163     
   2.7577577577577577       -1.4072752332655118E-002  0.78894841432728258     
   2.7677677677677677       -1.3361178264189196E-002  0.77524634736634046     
   2.7777777777777777       -1.2713470646456176E-002  0.76222075297542269     
   2.7877877877877877       -1.2121309886449626E-002  0.74981257887831776     
   2.7977977977977977       -1.1577868351604046E-002  0.73797018515676427     
   2.8078078078078077       -1.1077472901971865E-002  0.72664807008487842     
   2.8178178178178177       -1.0615364031338377E-002  0.71580586782381461     
   2.8278278278278277       -1.0187519752034399E-002  0.70540754454886634     
   2.8378378378378377       -9.7905250916518333E-003  0.69542074178217206     
   2.8478478478478477       -9.4214754643974982E-003  0.68581622962402999     
   2.8578578578578577       -9.0779070873130922E-003  0.67656744139750269     
   2.8678678678678677       -8.7577500665826091E-003  0.66765006768743507     
   2.8778778778778777       -8.4592998059564422E-003  0.65904167828770388     
   2.8878878878878878       -8.1812388431159889E-003  0.65072136252880075     
   2.8978978978978978       -7.9226698154969029E-003  0.64266936009374953     
   2.9079079079079078       -7.6832354592479678E-003  0.63486660832872266     
   2.9179179179179178       -7.4633722598037881E-003  0.62729415940298661     
   2.9279279279279278       -7.2648493982647193E-003  0.61993232037445345     
   2.9379379379379378       -7.0918340069819202E-003  0.61275929832338527     
   2.9479479479479478       -6.9535282136370460E-003  0.60574805404281973     
   2.9579579579579578       -6.8722701413160212E-003  0.59886147154596370     
   2.9679679679679678       -6.9061331889234212E-003  0.59204226090910872     
   2.9779779779779778       -7.2377602026933536E-003  0.58520505755460483     
   2.9879879879879878       -8.5471872906933716E-003  0.57844479080637290     
   2.9979979979979978       -1.1390675552803212E-002  0.57458465636317080     
   3.0080080080080087       -8.8979829374974135E-003  0.57207713347733957     
   3.0180180180180187       -6.8999971895193895E-003  0.56588707304038832     
   3.0280280280280287       -6.1712367357471395E-003  0.55968627746192245     
   3.0380380380380387       -5.8340623807992230E-003  0.55377992789894703     
   3.0480480480480487       -5.6506258590130407E-003  0.54807876946141321     
   3.0580580580580587       -5.5572395908122397E-003  0.54250391640111162     
   3.0680680680680688       -5.5499552198217351E-003  0.53698720196076044     
   3.0780780780780788       -5.6738833168860072E-003  0.53145028824240526     
   3.0880880880880888       -6.0899488732824424E-003  0.52579778149326750     
   3.0980980980980988       -7.2657237858391264E-003  0.52020063828170904     
   3.1081081081081088       -8.5104802263983922E-003  0.51538530936498206     
   3.1181181181181188       -1.1036819164619203E-002  0.50912399408766318     
   3.1281281281281288       -1.9456040555700074E-002  0.50783552558281164     
   3.1381381381381388       -1.5277592793123469E-002  0.51525540961556515     
   3.1481481481481488       -8.5475066330831725E-003  0.51026108590373664     
   3.1581581581581588       -6.3179194108492383E-003  0.50408389946011500     
   3.1681681681681688       -5.4813625031520921E-003  0.49853122772567066     
   3.1781781781781788       -5.1614899942697403E-003  0.49336243827983584     
   3.1881881881881888       -5.1567384931105274E-003  0.48833460428372105     
   3.1981981981981988       -5.5524130378950673E-003  0.48323283308017817     
   3.2082082082082088       -6.9343178479697384E-003  0.47790457137079573     
   3.2182182182182189       -1.1106269596711781E-002  0.47403741567016955     
   3.2282282282282289       -1.1408580721406927E-002  0.47610988152112332     
   3.2382382382382389       -8.2266519823547130E-003  0.47173924510813053     
   3.2482482482482489       -9.3778435252889342E-003  0.46546898306664769     
   3.2582582582582589       -1.6245828319954195E-002  0.46254810092210241     
   3.2682682682682689       -1.5316488384394257E-002  0.47015244971115966     
   3.2782782782782789       -8.8556609799230988E-003  0.46711540839376470     
   3.2882882882882889       -6.4074286301165550E-003  0.46289631127824910     
   3.2982982982982989       -4.9993503830678687E-003  0.45839698826624609     
   3.3083083083083089       -4.6290253214132252E-003  0.45445385107288971     
   3.3183183183183189       -4.0887679332377962E-003  0.45095180115409866     
   3.3283283283283289       -3.8611005824601284E-003  0.44732357261280908     
   3.3383383383383389       -3.9331320255283362E-003  0.44414068130220585     
   3.3483483483483489       -3.8146540716674686E-003  0.44125544906833658     
   3.3583583583583589       -3.3862331759486330E-003  0.43836470791261278     
   3.3683683683683689       -3.1100861061225038E-003  0.43526959687207428     
   3.3783783783783790       -2.9707830159149515E-003  0.43226331865150641     
   3.3883883883883890       -2.8828424928411512E-003  0.42935615953763107     
   3.3983983983983990       -2.8073195635628309E-003  0.42653800741507408     
   3.4084084084084090       -2.7368793509080750E-003  0.42377548276474414     
   3.4184184184184190       -2.6784588374993952E-003  0.42106917077942335     
   3.4284284284284290       -2.6268549498014520E-003  0.41841615391453818     
   3.4384384384384390       -2.5798308601804988E-003  0.41581186523229641     
   3.4484484484484490       -2.5363450178694296E-003  0.41325255355565665     
   3.4584584584584590       -2.4958097603559942E-003  0.41073510303689748     
   3.4684684684684690       -2.4578645551249657E-003  0.40825681358517274     
   3.4784784784784790       -2.4222885269303777E-003  0.40581525181494005     
   3.4884884884884890       -2.3889620349340306E-003  0.40340814417302512     
   3.4984984984984990       -2.3578511307621812E-003  0.40103329070092020     
   3.5085085085085090       -2.3290064217473079E-003  0.39868848524779149     
   3.5185185185185190       -2.3025746471614737E-003  0.39637143067066666     
   3.5285285285285291       -2.2788255467485800E-003  0.39407963679424690     
   3.5385385385385391       -2.2582014640142286E-003  0.39181028465460638     
   3.5485485485485491       -2.2414052823865899E-003  0.38956003122779564     
   3.5585585585585591       -2.2295585847162489E-003  0.38732471035929600     
   3.5685685685685691       -2.2244977486630076E-003  0.38509884878241107     
   3.5785785785785791       -2.2293611422560624E-003  0.38287484016519147     
   3.5885885885885891       -2.2498433669791277E-003  0.38064145674211247     
   3.5985985985985991       -2.2971379347916884E-003  0.37838101512476063     
   3.6086086086086091       -2.3957171888807482E-003  0.37606373032470419     
   3.6186186186186191       -2.6073099721018876E-003  0.37363673265053843     
   3.6286286286286291       -3.1201960287456872E-003  0.37101351663674631     
   3.6386386386386391       -4.6242844647730093E-003  0.36825823467550983     
   3.6486486486486491       -7.9952291203572515E-003  0.36805580048644693     
   3.6586586586586591       -6.0643822383748582E-003  0.37013791364278908     
   3.6686686686686691       -3.9674485742171722E-003  0.36787859209642182     
   3.6786786786786791       -3.1327849607396250E-003  0.36529204922360969     
   3.6886886886886892       -2.9723377932759378E-003  0.36258744370282209     
   3.6986986986986992       -3.5180683636703222E-003  0.36002758876337110     
   3.7087087087087092       -4.3217757801841230E-003  0.35840058992956275     
   3.7187187187187192       -5.1964604073162111E-003  0.35687318841741866     
   3.7287287287287292       -4.6355563837575855E-003  0.35663577688852349     
   3.7387387387387392       -3.7554334144502457E-003  0.35406195823362424     
   3.7487487487487492       -4.6400377306979280E-003  0.35102715942974877     
   3.7587587587587592       -8.1338096643329642E-003  0.35000135112542341     
   3.7687687687687692       -6.9029435069579538E-003  0.35340237912333039     
   3.7787787787787792       -3.8035039721803364E-003  0.35144007977976077     
   3.7887887887887892       -2.7818439582219653E-003  0.34875400056988431     
   3.7987987987987992       -2.4276868065444168E-003  0.34631834396182642     
   3.8088088088088092       -2.3344535053037938E-003  0.34402099010763459     
   3.8188188188188192       -2.4343354800787308E-003  0.34173121469246920     
   3.8288288288288292       -2.8569849885203983E-003  0.33932211077427499     
   3.8388388388388393       -4.2223570647264693E-003  0.33682998067596648     
   3.8488488488488493       -7.2315804290581523E-003  0.33679335176876235     
   3.8588588588588593       -5.3044830547933830E-003  0.33822438458721826     
   3.8688688688688693       -3.8884439874784810E-003  0.33571843779365385     
   3.8788788788788793       -4.6233587972079205E-003  0.33285978896633905     
   3.8888888888888893       -7.7820631469768175E-003  0.33252697847347545     
   3.8988988988988993       -5.7630790361043521E-003  0.33510181065461048     
   3.9089089089089093       -3.4054789588700857E-003  0.33302030273238842     
   3.9189189189189193       -2.9671223721034058E-003  0.33081048781779104     
   3.9289289289289293       -2.5850881525992676E-003  0.32943107259709964     
   3.9389389389389393       -2.0679979704898172E-003  0.32761662549060583     
   3.9489489489489493       -1.9455143094344437E-003  0.32578047751468714     
   3.9589589589589593       -2.1326376839456802E-003  0.32419193297101839     
   3.9689689689689693       -1.9991118002620481E-003  0.32302982417290715     
   3.9789789789789793       -1.7535675843331395E-003  0.32146739945836078     
   3.9889889889889893       -1.7970006173747739E-003  0.31988815378146135     
   3.9989989989989994       -1.9442091090569622E-003  0.31864283379813590     
   4.0090090090090094       -1.8415741671620042E-003  0.31732883400018147     
   4.0190190190190194       -1.8868208886256607E-003  0.31619462095414047     
   4.0290290290290294       -1.5758116688012590E-003  0.31495542940030408     
   4.0390390390390394       -1.4250894956624159E-003  0.31354588452147147     
   4.0490490490490494       -1.3596064767930059E-003  0.31217352075246901     
   4.0590590590590594       -1.3220322587063390E-003  0.31083890920173307     
   4.0690690690690694       -1.2966538574105573E-003  0.30953225943347529     
   4.0790790790790794       -1.2798108680642222E-003  0.30824763161939323     
   4.0890890890890894       -1.2722652871054016E-003  0.30698885926563313     
   4.0990990990990994       -1.2509388452144065E-003  0.30575403968343601     
   4.1091091091091094       -1.2302522331597875E-003  0.30451972238327529     
   4.1191191191191194       -1.2156518203651281E-003  0.30329733575687085     
   4.1291291291291294       -1.2036316186718819E-003  0.30208729581289068     
   4.1391391391391394       -1.1931733454603689E-003  0.30088826720513862     
   4.1491491491491495       -1.1839856747016388E-003  0.29969900979090808     
   4.1591591591591595       -1.1760222549551291E-003  0.29851834749936745     
   4.1691691691691695       -1.1693741437426648E-003  0.29734506265045918     
   4.1791791791791795       -1.1642654154770022E-003  0.29617779053088017     
   4.1891891891891895       -1.1611093715430138E-003  0.29501488711612744     
   4.1991991991991995       -1.1606581224614617E-003  0.29385422538544154     
   4.2092092092092095       -1.1643859873466491E-003  0.29269283956937603     
   4.2192192192192195       -1.1756149714619993E-003  0.29152627970256101     
   4.2292292292292295       -1.2035422658738353E-003  0.29034784378001616     
   4.2392392392392395       -1.2800654846620483E-003  0.28915541717273818     
   4.2492492492492495       -1.4572539588263932E-003  0.28806202464727593     
   4.2592592592592595       -1.3952773985780860E-003  0.28707118442437352     
   4.2692692692692695       -1.3382809330095735E-003  0.28582585823161244     
   4.2792792792792795       -1.4025321437944160E-003  0.28450408082437678     
   4.2892892892892895       -1.6007742693270755E-003  0.28309051267074198     
   4.2992992992992995       -2.1396025759484166E-003  0.28156619412958789     
   4.3093093093093096       -3.3414251268021277E-003  0.28061100427003999     
   4.3193193193193196       -3.6482760878731586E-003  0.27997482630055698     
   4.3293293293293296       -5.5043366200052792E-003  0.27924429801548656     
   4.3393393393393396       -5.8007586959276033E-003  0.28165812435200044     
   4.3493493493493496       -3.1121764278091582E-003  0.28145769882358024     
   4.3593593593593596       -2.0046264208156794E-003  0.27968477257477520     
   4.3693693693693696       -1.6419550639788171E-003  0.27804954960123801     
   4.3793793793793796       -1.5461306475802637E-003  0.27653893713674049     
   4.3893893893893896       -1.6376602522069870E-003  0.27504774336241350     
   4.3993993993993996       -2.0760538776373005E-003  0.27354221616989427     
   4.4094094094094096       -2.9988341644540985E-003  0.27272347778559908     
   4.4194194194194196       -2.8445830132005361E-003  0.27193669840604912     
   4.4294294294294296       -3.9214439884756964E-003  0.27021769694026615     
   4.4394394394394396       -6.4686922990063820E-003  0.27154186629074156     
   4.4494494494494496       -3.8580166523580952E-003  0.27313822914707098     
   4.4594594594594597       -2.2695866364505638E-003  0.27147107330341086     
   4.4694694694694697       -1.8568996295378927E-003  0.26974289265809565     
   4.4794794794794797       -1.9646554215979940E-003  0.26813755116183852     
   4.4894894894894897       -2.7425377425500485E-003  0.26659406837209459     
   4.4994994994994997       -4.6766518960921202E-003  0.26679675685378262     
   4.5095095095095097       -3.1571546659159172E-003  0.26813811777847124     
   4.5195195195195197       -1.8134390089056367E-003  0.26687004994825619     
   4.5295295295295297       -1.3620754852557877E-003  0.26551408334157817     
   4.5395395395395397       -1.1801878673800320E-003  0.26431035966984390     
   4.5495495495495497       -1.1005682911574169E-003  0.26320048811559471     
   4.5595595595595597       -1.0858693102888254E-003  0.26213787840857805     
   4.5695695695695697       -1.1707904345573611E-003  0.26110547365228964     
   4.5795795795795797       -1.3937384024741708E-003  0.26027163632334605     
   4.5895895895895897       -1.4212054834280836E-003  0.25967216953948147     
   4.5995995995995997       -1.1562727423770436E-003  0.25890051863076469     
   4.6096096096096097       -1.0592520168330433E-003  0.25791650540303945     
   4.6196196196196198       -1.1477875557787355E-003  0.25695022701401549     
   4.6296296296296298       -1.3946509835128986E-003  0.25629050455588520     
   4.6396396396396398       -1.1499508544085043E-003  0.25570786435172432     
   4.6496496496496498       -1.0083610256170002E-003  0.25479483177376955     
   4.6596596596596598       -1.0532676128721975E-003  0.25391267930306954     
   4.6696696696696698       -1.0809358374034082E-003  0.25321490298163019     
   4.6796796796796798       -1.0557413642212886E-003  0.25246979249488116     
   4.6896896896896898       -9.4048936676870208E-004  0.25176623157305633     
   4.6996996996996998       -8.4683785099171375E-004  0.25094500827189120     
   4.7097097097097098       -8.0889878715945389E-004  0.25013120317635962     
   4.7197197197197198       -7.8885010397380256E-004  0.24933616644977524     
   4.7297297297297298       -7.7570539089737481E-004  0.24855508555374678     
   4.7397397397397398       -7.6591512460869027E-004  0.24778455543151720     
   4.7497497497497498       -7.5808025552370772E-004  0.24702245663963515     
   4.7597597597597598       -7.5157514619938624E-004  0.24626735667546146     
   4.7697697697697699       -7.4611604324804838E-004  0.24551817056108396     
   4.7797797797797799       -7.4161255127043620E-004  0.24477396590358963     
   4.7897897897897899       -7.3813308489009807E-004  0.24403382395999776     
   4.7997997997997999       -7.3595457541608396E-004  0.24329669856942590     
   4.8098098098098099       -7.3575735083241701E-004  0.24256121166066802     
   4.8198198198198199       -7.3923889747923462E-004  0.24182529290782492     
   4.8298298298298299       -7.5130544838641824E-004  0.24108566583305269     
   4.8398398398398399       -7.8931810856064106E-004  0.24034019622184219     
   4.8498498498498499       -9.0140080961038970E-004  0.23964155416172661     
   4.8598598598598599       -8.8981480953751119E-004  0.23909999287050715     
   4.8698698698698699       -7.8712554704665934E-004  0.23838794067884558     
   4.8798798798798799       -7.5703974490995700E-004  0.23763843972978058     
   4.8898898898898899       -7.5393949067776612E-004  0.23689008136134040     
   4.8998998998998999       -7.6573625109745700E-004  0.23613576193669258     
   4.9099099099099099       -7.9508542525864954E-004  0.23536442008975703     
   4.9199199199199199       -8.5829716237683761E-004  0.23455967472841410     
   4.9299299299299300       -1.0102050490873344E-003  0.23369767299502950     
   4.9399399399399400       -1.4537797435419926E-003  0.23281865714866043     
   4.9499499499499500       -2.2333176306017031E-003  0.23275950751231769     
   4.9599599599599600       -1.5920730687626827E-003  0.23275335579762044     
   4.9699699699699700       -1.2828708091343934E-003  0.23177894979105221     
   4.9799799799799800       -1.5365396374144532E-003  0.23083371384183204     
   4.9899899899899900       -1.7625880397613718E-003  0.23047497607709061     
   5.0000000000000000       -1.7097074655510467E-003  0.22957707420302101     
