  -5.0000000000000000       -2.3490131872186894E-003 -0.21272199520571053     
  -4.9899899899899900       -2.4083694741723165E-003 -0.21443594917774428     
  -4.9799799799799800       -4.0659327860224585E-003 -0.21596880572975724     
  -4.9699699699699700       -6.4956535938639915E-003 -0.21438290423468997     
  -4.9599599599599600       -6.3771598844965215E-003 -0.21271436506919028     
  -4.9499499499499500       -4.1734971188636958E-003 -0.21093792587578500     
  -4.9399399399399400       -2.3953824183550404E-003 -0.21219746393495642     
  -4.9299299299299300       -2.0241549986927355E-003 -0.21307652690538803     
  -4.9199199199199199       -1.3413055538542187E-003 -0.21381632603054954     
  -4.9099099099099099       -9.9159911163062067E-004 -0.21478463358997982     
  -4.8998998998998999       -8.3908321191844592E-004 -0.21564922368201234     
  -4.8898898898898899       -7.5838467863125879E-004 -0.21642877338313690     
  -4.8798798798798799       -7.1017015678753129E-004 -0.21715397307885176     
  -4.8698698698698699       -6.7936356361390641E-004 -0.21784384783038693     
  -4.8598598598598599       -6.5908563842885732E-004 -0.21851018130618027     
  -4.8498498498498499       -6.4591929766975246E-004 -0.21916076195941525     
  -4.8398398398398399       -6.3838767002294427E-004 -0.21980121031592045     
  -4.8298298298298299       -6.3707086602919432E-004 -0.22043604585727886     
  -4.8198198198198199       -6.4791522634101743E-004 -0.22106771969562145     
  -4.8098098098098099       -6.8229975583876531E-004 -0.22167269284644106     
  -4.7997997997997999       -6.6326389806783818E-004 -0.22224665603407404     
  -4.7897897897897899       -6.4093611676316060E-004 -0.22287211957834488     
  -4.7797797797797799       -6.4100116686398268E-004 -0.22350560829176311     
  -4.7697697697697699       -6.5952720101345895E-004 -0.22414322514712010     
  -4.7597597597597598       -7.2006793373086500E-004 -0.22476709081783863     
  -4.7497497497497498       -7.4395587673023553E-004 -0.22529407695264833     
  -4.7397397397397398       -6.8877906314035919E-004 -0.22591068908027945     
  -4.7297297297297298       -6.9722781862522113E-004 -0.22656446539048553     
  -4.7197197197197198       -7.5173466279492972E-004 -0.22716102928344803     
  -4.7097097097097098       -7.0378651118084817E-004 -0.22773760980374780     
  -4.6996996996996998       -6.7051224043286292E-004 -0.22839188981178973     
  -4.6896896896896898       -6.6363725236945835E-004 -0.22905267224524228     
  -4.6796796796796798       -6.6555895249885389E-004 -0.22971545502681848     
  -4.6696696696696698       -6.7183195891888669E-004 -0.23038322362220950     
  -4.6596596596596598       -6.8194320973488046E-004 -0.23105890466965717     
  -4.6496496496496498       -6.9794152010205245E-004 -0.23174580480273815     
  -4.6396396396396398       -7.2797108896053035E-004 -0.23244772343872741     
  -4.6296296296296298       -8.0126185199462161E-004 -0.23315331796920180     
  -4.6196196196196198       -8.7369850177743732E-004 -0.23375467266778471     
  -4.6096096096096097       -8.1790398473080518E-004 -0.23443844157551005     
  -4.5995995995995997       -8.5155477206136094E-004 -0.23520179880177161     
  -4.5895895895895897       -9.6595035855425620E-004 -0.23587007486454092     
  -4.5795795795795797       -8.9062322696178346E-004 -0.23651889824205061     
  -4.5695695695695697       -8.4954061103544205E-004 -0.23732606408654247     
  -4.5595595595595597       -8.6619386064164141E-004 -0.23816646656075563     
  -4.5495495495495497       -9.1836066343122045E-004 -0.23904275943030701     
  -4.5395395395395397       -1.0240425313190386E-003 -0.23997953865765254     
  -4.5295295295295297       -1.2673104172866336E-003 -0.24100878731623188     
  -4.5195195195195197       -1.9613012502284833E-003 -0.24202084199184815     
  -4.5095095095095097       -2.8406175516829967E-003 -0.24175432068457273     
  -4.4994994994994997       -1.8645475592374368E-003 -0.24187808240902561     
  -4.4894894894894897       -1.3914347979319998E-003 -0.24307048272987350     
  -4.4794794794794797       -1.2981415471917147E-003 -0.24431610403524726     
  -4.4694694694694697       -1.3477460171416875E-003 -0.24559368748266508     
  -4.4594594594594597       -1.4988078185339232E-003 -0.24697213075524355     
  -4.4494494494494496       -1.7848355575009643E-003 -0.24853966554010090     
  -4.4394394394394396       -2.3283924698549881E-003 -0.25043272975790104     
  -4.4294294294294296       -3.4947838772219552E-003 -0.25288293315072102     
  -4.4194194194194196       -6.5628544304708004E-003 -0.25610210639739378     
  -4.4094094094094096       -1.5621892666788888E-002 -0.25686539175635625     
  -4.3993993993993996       -1.8113995240163695E-002 -0.24251483371294680     
  -4.3893893893893896       -7.9381230820692612E-003 -0.24113689535423680     
  -4.3793793793793796       -4.3812071160066312E-003 -0.24478651417204275     
  -4.3693693693693696       -3.3625991298766728E-003 -0.24799909281953431     
  -4.3593593593593596       -3.3805305154051193E-003 -0.25098667741771319     
  -4.3493493493493496       -4.4383136627494137E-003 -0.25422919425659724     
  -4.3393393393393396       -8.0596026031040154E-003 -0.25788191969127072     
  -4.3293293293293296       -1.7845874484031087E-002 -0.25600924731420882     
  -4.3193193193193196       -1.4084110464468023E-002 -0.24376049110190837     
  -4.3093093093093096       -6.6022496936419530E-003 -0.24578396073446571     
  -4.2992992992992995       -4.5735930101915888E-003 -0.24971845791654843     
  -4.2892892892892895       -4.8565415599647593E-003 -0.25346761453312522     
  -4.2792792792792795       -8.0650304972598279E-003 -0.25716221333923461     
  -4.2692692692692695       -1.6774437526229140E-002 -0.25456366542921033     
  -4.2592592592592595       -1.1841560681225207E-002 -0.24416658524390555     
  -4.2492492492492495       -5.2352320697161099E-003 -0.24611382611384447     
  -4.2392392392392395       -3.0265653984587262E-003 -0.24904188324554707     
  -4.2292292292292295       -2.1482642373372852E-003 -0.25130388880759769     
  -4.2192192192192195       -1.7213582460501545E-003 -0.25311942870759618     
  -4.2092092092092095       -1.4839174387282893E-003 -0.25466863068062190     
  -4.1991991991991995       -1.3402230016504580E-003 -0.25605301911582912     
  -4.1891891891891895       -1.2497926442599009E-003 -0.25733152657773678     
  -4.1791791791791795       -1.1952370765416652E-003 -0.25854142784649387     
  -4.1691691691691695       -1.1749043260403794E-003 -0.25970890250449846     
  -4.1591591591591595       -1.2166944194518903E-003 -0.26084326882174730     
  -4.1491491491491495       -1.3357861717284130E-003 -0.26181468626074267     
  -4.1391391391391394       -1.2171852066322722E-003 -0.26273686437259991     
  -4.1291291291291294       -1.1729568603810277E-003 -0.26380062584606312     
  -4.1191191191191194       -1.1499493516534337E-003 -0.26477423797686778     
  -4.1091091091091094       -1.0786197119935894E-003 -0.26580712191664096     
  -4.0990990990990994       -1.0522910659186693E-003 -0.26685772572437894     
  -4.0890890890890894       -1.0440116483579724E-003 -0.26790200989282209     
  -4.0790790790790794       -1.0435257543560718E-003 -0.26894433428368253     
  -4.0690690690690694       -1.0479314057581211E-003 -0.26998927279448737     
  -4.0590590590590594       -1.0565870861924439E-003 -0.27104073596590345     
  -4.0490490490490494       -1.0701872287686390E-003 -0.27210269269239984     
  -4.0390390390390394       -1.0914830112624611E-003 -0.27318002797335961     
  -4.0290290290290294       -1.1291207999376308E-003 -0.27427939430016879     
  -4.0190190190190194       -1.2138199617301147E-003 -0.27540229661085491     
  -4.0090090090090094       -1.3856207168070711E-003 -0.27644755993271597     
  -3.9989989989989989       -1.4376393361650293E-003 -0.27743938844636351     
  -3.9889889889889889       -1.4774158907098886E-003 -0.27836079166077671     
  -3.9789789789789789       -1.3076942936188654E-003 -0.27945782181540579     
  -3.9689689689689689       -1.2593941779224386E-003 -0.28068718589872771     
  -3.9589589589589589       -1.2686942341959342E-003 -0.28193636306705960     
  -3.9489489489489489       -1.3054178018058970E-003 -0.28321420395860614     
  -3.9389389389389389       -1.3690834601169475E-003 -0.28453848489422162     
  -3.9289289289289289       -1.4804079338056775E-003 -0.28593228431398771     
  -3.9189189189189189       -1.7171831428808514E-003 -0.28741776347402276     
  -3.9089089089089089       -2.3085321286665842E-003 -0.28880618745515535     
  -3.8988988988988988       -2.4919077713737980E-003 -0.28956056682410025     
  -3.8888888888888888       -2.3668682519599926E-003 -0.29119736667658125     
  -3.8788788788788788       -3.1847318768170362E-003 -0.29294690238422100     
  -3.8688688688688688       -3.8479700504301310E-003 -0.29311518896198580     
  -3.8588588588588588       -2.9476262008593587E-003 -0.29454042734938696     
  -3.8488488488488488       -3.1869088767613142E-003 -0.29682633827960780     
  -3.8388388388388388       -4.4444500735186122E-003 -0.29811992590932229     
  -3.8288288288288288       -3.6930014588480325E-003 -0.29890296546456946     
  -3.8188188188188188       -3.2132642106658484E-003 -0.30154568590088554     
  -3.8088088088088088       -3.5003176542731007E-003 -0.30463546752377862     
  -3.7987987987987988       -4.3923526317369826E-003 -0.30825683904994317     
  -3.7887887887887888       -6.4322907287873874E-003 -0.31281739614295861     
  -3.7787787787787788       -1.1850618311149426E-002 -0.31834308596020061     
  -3.7687687687687688       -2.3436270899288625E-002 -0.31726962182485702     
  -3.7587587587587588       -2.5201519520090351E-002 -0.31274096836469240     
  -3.7487487487487487       -3.4001353272422152E-002 -0.30403827450416576     
  -3.7387387387387387       -2.1521824788551847E-002 -0.29660989231656870     
  -3.7287287287287287       -2.0280335708851838E-002 -0.30398907251034646     
  -3.7187187187187187       -2.5418864522706430E-002 -0.29698648481074846     
  -3.7087087087087087       -1.4014035744724405E-002 -0.29552507341242218     
  -3.6986986986986987       -9.9532354295386715E-003 -0.30304826760586923     
  -3.6886886886886887       -1.1785071669387076E-002 -0.31062073142745766     
  -3.6786786786786787       -2.0403976884907263E-002 -0.31276742179839945     
  -3.6686686686686687       -1.7705854942446943E-002 -0.30660814022644822     
  -3.6586586586586587       -1.4280416459172463E-002 -0.31415269966195070     
  -3.6486486486486487       -2.1328074089961298E-002 -0.32469089504325960     
  -3.6386386386386387       -4.4829677704485690E-002 -0.32410316657409521     
  -3.6286286286286287       -5.0277115180767398E-002 -0.29918908980454206     
  -3.6186186186186187       -3.7755561985035116E-002 -0.27800503823459788     
  -3.6086086086086087       -1.6806755476437275E-002 -0.28104904858703567     
  -3.5985985985985987       -9.4279810092556607E-003 -0.28961965899807246     
  -3.5885885885885886       -7.2640512860585715E-003 -0.29622747269263006     
  -3.5785785785785786       -8.0454528640261074E-003 -0.30003211105240574     
  -3.5685685685685686       -6.2846058838042160E-003 -0.30062181822820694     
  -3.5585585585585586       -4.0517911559371633E-003 -0.30386939192088713     
  -3.5485485485485486       -3.1551020006030050E-003 -0.30709400610746906     
  -3.5385385385385386       -2.7145183942716782E-003 -0.30991122902741425     
  -3.5285285285285286       -2.4571287706496368E-003 -0.31244576493979598     
  -3.5185185185185186       -2.2938750905672862E-003 -0.31479291800682613     
  -3.5085085085085086       -2.1915220881760958E-003 -0.31701411157015441     
  -3.4984984984984986       -2.1483186843895457E-003 -0.31914739580466867     
  -3.4884884884884886       -2.1824206396833276E-003 -0.32115440173346937     
  -3.4784784784784786       -2.0965664519631689E-003 -0.32304612227946211     
  -3.4684684684684686       -2.0199585035421226E-003 -0.32503341960338267     
  -3.4584584584584586       -2.0211716859342473E-003 -0.32701244445630606     
  -3.4484484484484486       -2.0923636106833323E-003 -0.32890731406283918     
  -3.4384384384384385       -2.0319317518477245E-003 -0.33073940095650350     
  -3.4284284284284285       -1.9800894457840125E-003 -0.33268908119526852     
  -3.4184184184184185       -1.9750262986584890E-003 -0.33465509037473407     
  -3.4084084084084085       -1.9895636104674303E-003 -0.33663292083632107     
  -3.3983983983983985       -2.0176698382971107E-003 -0.33863272548085616     
  -3.3883883883883881       -2.0616932431856659E-003 -0.34066557390456220     
  -3.3783783783783781       -2.1358640209152395E-003 -0.34274235898247496     
  -3.3683683683683681       -2.2832510360376967E-003 -0.34483621917394852     
  -3.3583583583583581       -2.3641062019355880E-003 -0.34685238907778754     
  -3.3483483483483480       -2.3794091889230372E-003 -0.34908867287920892     
  -3.3383383383383380       -2.5196304736037748E-003 -0.35147920617045469     
  -3.3283283283283280       -2.8338297690131296E-003 -0.35403843002831487     
  -3.3183183183183180       -3.6221364727029143E-003 -0.35680227942922871     
  -3.3083083083083080       -5.6905003758804173E-003 -0.35884956466103307     
  -3.2982982982982980       -6.0701195886493746E-003 -0.35820104776101874     
  -3.2882882882882880       -4.0773210486652967E-003 -0.36009891145626521     
  -3.2782782782782780       -3.3876983741742733E-003 -0.36325119068388712     
  -3.2682682682682680       -3.2761860952144521E-003 -0.36643371838204852     
  -3.2582582582582580       -3.3979792985863086E-003 -0.36969451848117085     
  -3.2482482482482480       -3.7016416132263632E-003 -0.37316070617795244     
  -3.2382382382382380       -4.2734358393170108E-003 -0.37698894438880765     
  -3.2282282282282280       -5.4422751657696635E-003 -0.38140855607836027     
  -3.2182182182182180       -8.4035332783965466E-003 -0.38656027917133856     
  -3.2082082082082080       -1.6317760120153006E-002 -0.38889089767865481     
  -3.1981981981981980       -1.7007132311152140E-002 -0.38072417909312195     
  -3.1881881881881879       -9.6829310375573432E-003 -0.38344613155238960     
  -3.1781781781781779       -7.5156213892736872E-003 -0.39010192782659425     
  -3.1681681681681679       -7.4862161290293727E-003 -0.39698845535821831     
  -3.1581581581581579       -8.6199667388649273E-003 -0.40454898229788705     
  -3.1481481481481479       -1.1201757806204271E-002 -0.41361161071991226     
  -3.1381381381381379       -1.6883600715457529E-002 -0.42540343755625148     
  -3.1281281281281279       -3.1718751751568776E-002 -0.44096349780026156     
  -3.1181181181181179       -7.3759798821530942E-002 -0.44471136795217331     
  -3.1081081081081079       -8.8357033204975371E-002 -0.38428562061104943     
  -3.0980980980980979       -4.5578251421365561E-002 -0.37789060163687183     
  -3.0880880880880879       -3.8935425206191122E-002 -0.39888176730471103     
  -3.0780780780780779       -5.4238921982967835E-002 -0.39885457999858320     
  -3.0680680680680679       -4.3667992476582283E-002 -0.39432378422675790     
  -3.0580580580580579       -4.9713719923348325E-002 -0.39640442335945864     
  -3.0480480480480479       -3.4064421941503518E-002 -0.39139221129232954     
  -3.0380380380380378       -2.4678327358599022E-002 -0.40921546655673030     
  -3.0280280280280278       -2.6944716227697528E-002 -0.43059130915105526     
  -3.0180180180180178       -4.0783006978506578E-002 -0.45625911783696865     
  -3.0080080080080078       -8.3344647995319140E-002 -0.48094583715056816     
  -2.9979979979979978      -0.14189792735547974      -0.45389660414677457     
  -2.9879879879879878      -0.18096486436627962      -0.39205308874222372     
  -2.9779779779779778      -0.14581800817955656      -0.33589868683200930     
  -2.9679679679679678      -0.10139736968391978      -0.29279704878083451     
  -2.9579579579579578       -4.7360880135610607E-002 -0.31006910130983267     
  -2.9479479479479478       -3.0468790535679999E-002 -0.33619309918406926     
  -2.9379379379379378       -3.1765021185666389E-002 -0.35215999172012141     
  -2.9279279279279278       -2.7331231019143361E-002 -0.34932006240941982     
  -2.9179179179179178       -1.5354277574898045E-002 -0.35830955961104038     
  -2.9079079079079078       -1.0565371633476775E-002 -0.36895878430814816     
  -2.8978978978978978       -8.3599779045901521E-003 -0.37776359509577295     
  -2.8878878878878878       -7.1243285683536403E-003 -0.38523776822198363     
  -2.8778778778778777       -6.3498248407592543E-003 -0.39183903088265165     
  -2.8678678678678677       -5.8347806570071071E-003 -0.39785208330436628     
  -2.8578578578578577       -5.4850708541681111E-003 -0.40345991905946654     
  -2.8478478478478477       -5.2557583305756833E-003 -0.40878860102131298     
  -2.8378378378378377       -5.1414122136189608E-003 -0.41392800097373456     
  -2.8278278278278277       -5.1960037731241431E-003 -0.41887157757789778     
  -2.8178178178178177       -5.1367497173677775E-003 -0.42349078112966176     
  -2.8078078078078077       -4.9816044294251930E-003 -0.42831826343572493     
  -2.7977977977977977       -5.0418379060308506E-003 -0.43316383691094423     
  -2.7877877877877877       -5.1021210705752273E-003 -0.43781283537989629     
  -2.7777777777777777       -5.0167294613569398E-003 -0.44265858697816718     
  -2.7677677677677677       -5.0534994427671566E-003 -0.44764935268506023     
  -2.7577577577577577       -5.1591879333008914E-003 -0.45273712813758854     
  -2.7477477477477477       -5.3155882377032724E-003 -0.45795845430846088     
  -2.7377377377377377       -5.5266340220526677E-003 -0.46335923211971042     
  -2.7277277277277276       -5.8102912032001507E-003 -0.46899594946401180     
  -2.7177177177177176       -6.2089580669135898E-003 -0.47494478464254747     
  -2.7077077077077076       -6.8366788193382436E-003 -0.48130641120857848     
  -2.6976976976976976       -8.0243552155549840E-003 -0.48803434170125470     
  -2.6876876876876876       -9.2391348723699675E-003 -0.49445783217723588     
  -2.6776776776776776       -1.0255842166816555E-002 -0.50271037528623186     
  -2.6676676676676676       -1.3610833866830761E-002 -0.51294087197989890     
  -2.6576576576576576       -2.3211642956535074E-002 -0.52418141447441513     
  -2.6476476476476476       -4.1297237891037723E-002 -0.52225772416638494     
  -2.6376376376376376       -4.2842770956110415E-002 -0.50665957187237554     
  -2.6276276276276276       -2.4738023504116011E-002 -0.50678346006248809     
  -2.6176176176176176       -1.7608169577394639E-002 -0.52114292591650946     
  -2.6076076076076076       -1.7898719447833344E-002 -0.53604572540060114     
  -2.5975975975975976       -2.5429542139116364E-002 -0.54986930932543032     
  -2.5875875875875876       -3.4461528847605748E-002 -0.54897223061833389     
  -2.5775775775775776       -2.5768211635566682E-002 -0.55679092518216811     
  -2.5675675675675675       -2.7189601137407652E-002 -0.57652415697951354     
  -2.5575575575575575       -4.3328172919336043E-002 -0.59723146664192839     
  -2.5475475475475475       -7.1778382745629976E-002 -0.59236890525251451     
  -2.5375375375375375       -7.8019542001873124E-002 -0.57826668458790664     
  -2.5275275275275275       -5.4638909068574819E-002 -0.56431247958285347     
  -2.5175175175175175       -3.6545437394593192E-002 -0.58807638821205321     
  -2.5075075075075075       -3.7393419269404177E-002 -0.61240523901362209     
  -2.4974974974974975       -3.6229883820064986E-002 -0.63077412671040400     
  -2.4874874874874875       -3.6032648922902338E-002 -0.66029051707963315     
  -2.4774774774774775       -4.3532078449883924E-002 -0.69661434151429613     
  -2.4674674674674675       -6.0969338831248707E-002 -0.74264540190025063     
  -2.4574574574574575      -0.10220034262493793      -0.80492153557519375     
  -2.4474474474474475      -0.21966753389828061      -0.87374051585562562     
  -2.4374374374374375      -0.44038995018315330      -0.75159163272550800     
  -2.4274274274274275      -0.31048811942355947      -0.51292079055630868     
  -2.4174174174174174      -0.16289590107013524      -0.57563711054963473     
  -2.4074074074074074      -0.14709044720601713      -0.67506624545211702     
  -2.3973973973973974      -0.19565829969634677      -0.71911883714945191     
  -2.3873873873873874      -0.18542213987697681      -0.76758898267094589     
  -2.3773773773773774      -0.26470315264901711      -0.89262843396002001     
  -2.3673673673673674      -0.50456112491349525      -0.90120937493287079     
  -2.3573573573573574      -0.58794364364675333      -0.74732565980735899     
  -2.3473473473473474      -0.68897934077772827      -0.57114188691377876     
  -2.3373373373373374      -0.46562557031424384      -0.42276488188080397     
  -2.3273273273273274      -0.38706093067076719      -0.60738080666555749     
  -2.3173173173173174      -0.61590417175688217      -0.71704137186436667     
  -2.3073073073073074      -0.83754680088849554      -0.51348924235643145     
  -2.2972972972972974      -0.84591286189591941      -0.12461895854745487     
  -2.2872872872872874      -0.47029257119897416        2.2082658442479267E-002
  -2.2772772772772774      -0.31046894394513974      -0.14881956494461540     
  -2.2672672672672673      -0.41512521337274078      -0.23606939857921988     
  -2.2572572572572573      -0.40018916206125160       -1.4833962917500531E-002
  -2.2472472472472473      -0.18335063182246961       -2.4659015840712697E-002
  -2.2372372372372373       -9.8200811877226762E-002 -0.11433139444930199     
  -2.2272272272272273       -6.4622026016242048E-002 -0.18283621085222010     
  -2.2172172172172173       -4.9094347091421783E-002 -0.23422098388975507     
  -2.2072072072072073       -4.3548015695470926E-002 -0.27303257980002016     
  -2.1971971971971973       -3.7396021446899678E-002 -0.29859745561890949     
  -2.1871871871871873       -2.9578059508737837E-002 -0.32472637726177539     
  -2.1771771771771773       -2.4501583255961225E-002 -0.34912154197136330     
  -2.1671671671671673       -2.1579748813943967E-002 -0.37137427023458902     
  -2.1571571571571573       -1.9966859530162074E-002 -0.39166092389467472     
  -2.1471471471471473       -1.9677174474219673E-002 -0.41062567263688637     
  -2.1371371371371373       -2.2145890066907942E-002 -0.42764044725490186     
  -2.1271271271271273       -2.3169688659328058E-002 -0.43766582446864433     
  -2.1171171171171173       -1.9440949116978079E-002 -0.45180600170757035     
  -2.1071071071071072       -1.9787944820402460E-002 -0.46552640204748097     
  -2.0970970970970972       -1.7090699148369210E-002 -0.47754791011543035     
  -2.0870870870870872       -1.5211955127720575E-002 -0.49216560275134674     
  -2.0770770770770772       -1.4754618907925026E-002 -0.50658322229921604     
  -2.0670670670670672       -1.4771326467030600E-002 -0.52025423087288392     
  -2.0570570570570572       -1.4522029957131234E-002 -0.53411947212771005     
  -2.0470470470470472       -1.4941244256276843E-002 -0.54830487896905600     
  -2.0370370370370372       -1.5825153950590535E-002 -0.56181884000276616     
  -2.0270270270270272       -1.5662053609259895E-002 -0.57587372095758405     
  -2.0170170170170172       -1.6337939016378450E-002 -0.59121517850041727     
  -2.0070070070070072       -1.8772498717445490E-002 -0.60690424229400086     
  -1.9969969969969972       -2.1156781131932600E-002 -0.61883774210981324     
  -1.9869869869869872       -1.9119111442925697E-002 -0.63430241114817376     
  -1.9769769769769772       -1.9172844762636285E-002 -0.65255481682828520     
  -1.9669669669669672       -2.0341894004603508E-002 -0.67195383191644187     
  -1.9569569569569571       -2.2360793785796647E-002 -0.69290662639256451     
  -1.9469469469469471       -2.5706539718500079E-002 -0.71609062494438969     
  -1.9369369369369371       -3.2214131718853505E-002 -0.74204781530891206     
  -1.9269269269269271       -4.5390245473773169E-002 -0.76790862345126676     
  -1.9169169169169171       -5.8994285084107458E-002 -0.78170508675263339     
  -1.9069069069069071       -5.9189668112836206E-002 -0.80978140786885877     
  -1.8968968968968971       -8.5023345453673044E-002 -0.83933655074736413     
  -1.8868868868868871       -9.3578364705191264E-002 -0.84473619137054157     
  -1.8768768768768771       -8.3162885365482525E-002 -0.86521258454336558     
  -1.8668668668668671       -7.2769019137890287E-002 -0.91919217517485940     
  -1.8568568568568571       -8.1668000456909695E-002 -0.98892768046619772     
  -1.8468468468468471      -0.10666715490858758       -1.0743419732789361     
  -1.8368368368368371      -0.15883733521260557       -1.1849162733470686     
  -1.8268268268268271      -0.28248532676996152       -1.3293033086299864     
  -1.8168168168168171      -0.55642194468758410       -1.4085894605194140     
  -1.8068068068068071      -0.83642731804469961       -1.2756095754431158     
  -1.7967967967967970      -0.96015827464894632       -1.0716861805447071     
  -1.7867867867867866       -1.0439940855956296      -0.82033814121462478     
  -1.7767767767767766      -0.91901005696721827      -0.60668343443590145     
  -1.7667667667667666      -0.70178405191640092      -0.54055325248751696     
  -1.7567567567567566      -0.68915442867112864      -0.68562593198325861     
  -1.7467467467467466      -0.67588236186746276      -0.64216892692374417     
  -1.7367367367367366      -0.75808874967750484      -0.79950398199155293     
  -1.7267267267267266       -1.0201043706043298      -0.62535295017677439     
  -1.7167167167167166      -0.90724235367675587      -0.30008347993545820     
  -1.7067067067067065      -0.58724671502889469      -0.34241305638930308     
  -1.6966966966966965      -0.60904670443739106      -0.63795875082124942     
  -1.6866866866866865      -0.98343510073514961      -0.68298212208909348     
  -1.6766766766766765       -1.2234397396404468      -0.30436479800519162     
  -1.6666666666666665       -1.0558050459469261       0.16717940463017192     
  -1.6566566566566565      -0.58008500688629572       0.27879976260278549     
  -1.6466466466466465      -0.34525957638414206        6.0030018484714127E-002
  -1.6366366366366365      -0.37844925681820335      -0.12226842319350935     
  -1.6266266266266265      -0.47834632743207495        1.2536571858785294E-003
  -1.6166166166166165      -0.25377441877676671        6.5890907370831225E-002
  -1.6066066066066065      -0.13340481109609031       -4.1158691476744627E-002
  -1.5965965965965965       -8.7561946771376076E-002 -0.13280053207664694     
  -1.5865865865865865       -6.5544271625603778E-002 -0.20318365543964015     
  -1.5765765765765765       -5.2993368483701189E-002 -0.25978472482810427     
  -1.5665665665665665       -4.5060853038826662E-002 -0.30742445099590893     
  -1.5565565565565564       -3.9763910262088711E-002 -0.34899643266642699     
  -1.5465465465465464       -3.6242642574706226E-002 -0.38633863540340990     
  -1.5365365365365364       -3.4351873257517714E-002 -0.42047263145673786     
  -1.5265265265265264       -3.3198638863250633E-002 -0.45111425158972246     
  -1.5165165165165164       -3.1380799228955564E-002 -0.48037956008464072     
  -1.5065065065065064       -3.0125459485189732E-002 -0.50973789531621549     
  -1.4964964964964964       -3.0470401074016659E-002 -0.53909297959019109     
  -1.4864864864864864       -3.3783215971323187E-002 -0.56842969742993488     
  -1.4764764764764764       -4.3233883381286996E-002 -0.59316929513158612     
  -1.4664664664664664       -4.3991811409808311E-002 -0.60391094704011217     
  -1.4564564564564564       -3.3866510100934374E-002 -0.62885740478456831     
  -1.4464464464464464       -3.0826506010055595E-002 -0.65867383900631626     
  -1.4364364364364364       -3.0657263161762854E-002 -0.68856544716712920     
  -1.4264264264264264       -3.2311941793360416E-002 -0.71885551523750435     
  -1.4164164164164164       -3.6075488232169411E-002 -0.74782883055187988     
  -1.4064064064064064       -3.5866353298920330E-002 -0.77633330237440024     
  -1.3963963963963963       -3.6051102925418341E-002 -0.81024270198083315     
  -1.3863863863863863       -3.8141528946949083E-002 -0.84672020446676766     
  -1.3763763763763763       -4.1517953726421294E-002 -0.88601407892763939     
  -1.3663663663663663       -4.6555692312966808E-002 -0.92909474855962249     
  -1.3563563563563563       -5.5083581580919062E-002 -0.97682111122954540     
  -1.3463463463463463       -7.0164512158081171E-002  -1.0246202381924641     
  -1.3363363363363363       -7.4530367716685517E-002  -1.0685925981033302     
  -1.3263263263263263       -7.8120090165471792E-002  -1.1438481594216721     
  -1.3163163163163163       -9.9068484806276211E-002  -1.2300127945962513     
  -1.3063063063063063      -0.13604340957137404       -1.3356918693712987     
  -1.2962962962962963      -0.21654049247255988       -1.4624508105753420     
  -1.2862862862862863      -0.34786791200432821       -1.5634709611767379     
  -1.2762762762762763      -0.52957382763379612       -1.6454090395959651     
  -1.2662662662662663      -0.72810529688737913       -1.6400577349157985     
  -1.2562562562562563      -0.89343179363893666       -1.5920440834726755     
  -1.2462462462462462       -1.0338022912385558       -1.5251018072483808     
  -1.2362362362362362       -1.1558788230963639       -1.4468266684076720     
  -1.2262262262262262       -1.2642285248758738       -1.3597761427704127     
  -1.2162162162162162       -1.3615108543457510       -1.2644091920852354     
  -1.2062062062062062       -1.4488483490863913       -1.1603031692106398     
  -1.1961961961961962       -1.5271785735955885       -1.0476853380056224     
  -1.1861861861861862       -1.5978368584489806      -0.92310017416533208     
  -1.1761761761761762       -1.6579201186307337      -0.78349666860560929     
  -1.1661661661661662       -1.7040549720912559      -0.62520095516862773     
  -1.1561561561561562       -1.7281689153406330      -0.44216433455602522     
  -1.1461461461461462       -1.7080398175349418      -0.22878043547668742     
  -1.1361361361361362       -1.5938679887926845       -2.1953212070810833E-002
  -1.1261261261261262       -1.4866039953414478        9.0259162895761150E-002
  -1.1161161161161162       -1.3378847864652488       0.30766831252897886     
  -1.1061061061061062      -0.96161082949015186       0.36294557333848548     
  -1.0960960960960962      -0.79923417796628771        4.8489942472957556E-002
  -1.0860860860860861       -1.0494051529186719        1.8909157147268300E-003
  -1.0760760760760761      -0.97713764802262371       0.22042904480937434     
  -1.0660660660660661      -0.97035967133485423       0.24368060954537518     
  -1.0560560560560561      -0.80405765025377562       0.53362791157099121     
  -1.0460460460460461      -0.41932430711361796       0.48021306727912610     
  -1.0360360360360361      -0.27582006891946209       0.27036942332785813     
  -1.0260260260260261      -0.27997646020709771       0.16320644140754390     
  -1.0160160160160161      -0.19120446707137823       0.13649608727836351     
  -1.0060060060060061      -0.11988877055700907        3.2653228314339172E-002
 -0.99599599599599564       -8.9884501115890081E-002  -6.1110229047259636E-002
 -0.98598598598598564       -7.4145181224596124E-002 -0.13934587360109990     
 -0.97597597597597563       -6.4482721196444756E-002 -0.20690966425985732     
 -0.96596596596596562       -5.8037466510917207E-002 -0.26719253801010612     
 -0.95595595595595562       -5.3565255521386156E-002 -0.32237764285483345     
 -0.94594594594594561       -5.0436111415948101E-002 -0.37395314050358125     
 -0.93593593593593560       -4.8300482099158347E-002 -0.42300423057842251     
 -0.92592592592592560       -4.6958175438514327E-002 -0.47037668662239057     
 -0.91591591591591559       -4.6304046460583281E-002 -0.51677664684645375     
 -0.90590590590590558       -4.6316681071503267E-002 -0.56284037433348866     
 -0.89589589589589558       -4.7111277754553281E-002 -0.60918378538482720     
 -0.88588588588588557       -4.9203755045545035E-002 -0.65625912661777797     
 -0.87587587587587556       -5.2658312535514798E-002 -0.70264705418886830     
 -0.86586586586586556       -5.3658761335480448E-002 -0.75121898212723037     
 -0.85585585585585555       -5.6741556742184819E-002 -0.80488312225561565     
 -0.84584584584584555       -6.3018624898956266E-002 -0.86299797575758641     
 -0.83583583583583554       -7.5594591806663988E-002 -0.92676370887555370     
 -0.82582582582582553      -0.10125840896675818      -0.98984105843245318     
 -0.81581581581581553      -0.13433331384326047       -1.0361634857451765     
 -0.80580580580580552      -0.12334529947873672       -1.0778729597516852     
 -0.79579579579579551      -0.11954944171389101       -1.1745714786499968     
 -0.78578578578578551      -0.14427722990174743       -1.2930799769529702     
 -0.77577577577577550      -0.20889550631128526       -1.4333736312753176     
 -0.76576576576576549      -0.33537985721508073       -1.5595449900755243     
 -0.75575575575575549      -0.51055817202550691       -1.6546388369600615     
 -0.74574574574574548      -0.70292795093688387       -1.6657214349569260     
 -0.73573573573573547      -0.85911068010915037       -1.6329407053176668     
 -0.72572572572572547      -0.98667871077659386       -1.5849195750617564     
 -0.71571571571571546       -1.0943044159717756       -1.5304139482695154     
 -0.70570570570570545       -1.1873547213453575       -1.4726413647203436     
 -0.69569569569569545       -1.2692271623235223       -1.4129869530684354     
 -0.68568568568568544       -1.3421964532105291       -1.3520914853012491     
 -0.67567567567567544       -1.4078592755645394       -1.2902437201031765     
 -0.66566566566566543       -1.4673769756491395       -1.2275451056566422     
 -0.65565565565565542       -1.5216157342030145       -1.1639865212512603     
 -0.64564564564564542       -1.5712316051301309       -1.0994863546422082     
 -0.63563563563563541       -1.6167239700159286       -1.0339096885379244     
 -0.62562562562562540       -1.6584697276398666      -0.96707727053469872     
 -0.61561561561561540       -1.6967448725881034      -0.89876829443038142     
 -0.60560560560560539       -1.7317370602226836      -0.82871882279572295     
 -0.59559559559559538       -1.7635508438155518      -0.75661645964328816     
 -0.58558558558558538       -1.7922056760080152      -0.68209095141135823     
 -0.57557557557557537       -1.8176244044182630      -0.60469926061439694     
 -0.56556556556556536       -1.8396033545006096      -0.52390198100603791     
 -0.55555555555555536       -1.8577262824972365      -0.43903143369561709     
 -0.54554554554554535       -1.8710494101589268      -0.34939023261617280     
 -0.53553553553553535       -1.8784444797888438      -0.25600255163839758     
 -0.52552552552552534       -1.8832678267542453      -0.15668989850398204     
 -0.51551551551551533       -1.8802316138647504       -4.7021579415955271E-002
 -0.50550550550550533       -1.8662312325350019        7.2652578773351670E-002
 -0.49549549549549532       -1.8371913627560230       0.20430284718560524     
 -0.48548548548548531       -1.7842989557061675       0.34964445019952411     
 -0.47547547547547531       -1.6906622968663485       0.49989456899110013     
 -0.46546546546546530       -1.5774267784286304       0.63527235525036452     
 -0.45545545545545529       -1.3966765932689347       0.81398615753806236     
 -0.44544544544544529       -1.0480213612356637       0.90915640214651872     
 -0.43543543543543528      -0.69687877925364528       0.67908248341377198     
 -0.42542542542542527      -0.75169384280854268       0.33247446198061203     
 -0.41541541541541527       -1.0331922794953399       0.44161297082431283     
 -0.40540540540540526      -0.84456214023041432       0.77459310846384444     
 -0.39539539539539525      -0.44349599439825604       0.73627889174404382     
 -0.38538538538538525      -0.25154456454778318       0.51778665390229162     
 -0.37537537537537524      -0.17611897924355005       0.33388296051802435     
 -0.36536536536536524      -0.13981349937422669       0.18621049435915610     
 -0.35535535535535523      -0.11974458666070240        6.1076311508034074E-002
 -0.34534534534534522      -0.10797401264651531       -5.0247745549547973E-002
 -0.33533533533533522      -0.10121756032005740      -0.15322489645530171     
 -0.32532532532532521       -9.7983613672839323E-002 -0.25162178959011083     
 -0.31531531531531520       -9.7628306227834541E-002 -0.34837474223607767     
 -0.30530530530530520      -0.10002498037548549      -0.44610949557671131     
 -0.29529529529529519      -0.10549939073587065      -0.54753693311472917     
 -0.28528528528528518      -0.11497028904226989      -0.65587368862625761     
 -0.27527527527527518      -0.13042806907711824      -0.77544892085933526     
 -0.26526526526526517      -0.15631130427732570      -0.91274727212730888     
 -0.25525525525525516      -0.20401220995390409       -1.0780268750038842     
 -0.24524524524524516      -0.30889028056061835       -1.2819242774046387     
 -0.23523523523523515      -0.54639534478189122       -1.4650799352707384     
 -0.22522522522522515      -0.83099295814717389       -1.4942283406123149     
 -0.21521521521521514       -1.0508042680749909       -1.4383745040926279     
 -0.20520520520520513       -1.2158890185693638       -1.3575596911517036     
 -0.19519519519519513       -1.3439189896629333       -1.2699257150735774     
 -0.18518518518518512       -1.4460427289411879       -1.1812218765467317     
 -0.17517517517517511       -1.5291126347072741       -1.0930531325071291     
 -0.16516516516516511       -1.5971875555774642       -1.0050132836914834     
 -0.15515515515515510       -1.6514042852373323      -0.91482493688844879     
 -0.14514514514514509       -1.6849173185086688      -0.81824646470899920     
 -0.13513513513513509       -1.6646601063800133      -0.73643383034336052     
 -0.12512512512512508       -1.6776489866676441      -0.75379106277152430     
 -0.11511511511511507       -1.7549230026500615      -0.70804512720272195     
 -0.10510510510510507       -1.8012620455684425      -0.63537632695434310     
  -9.5095095095095061E-002  -1.8260545250697404      -0.56485944988892067     
  -8.5085085085085055E-002  -1.8474261820840567      -0.51098363483804765     
  -7.5075075075075048E-002  -1.8748381066104711      -0.45001012665659640     
  -6.5065065065065042E-002  -1.8942644336595791      -0.38655786200629694     
  -5.5055055055055035E-002  -1.9087832918560059      -0.32456362542923739     
  -4.5045045045045029E-002  -1.9199933018171276      -0.26392923521215744     
  -3.5035035035035023E-002  -1.9285388850856140      -0.20430858823908069     
  -2.5025025025025016E-002  -1.9347328938438084      -0.14540802990324578     
  -1.5015015015015010E-002  -1.9387229228313954       -8.6985633669550130E-002
  -5.0050050050050032E-003  -1.9405131195338259       -2.8929280619793454E-002
   5.0050050050050032E-003  -1.9405157745142634        2.8699647432319494E-002
   1.5015015015015010E-002  -1.9387333262926600        8.6755076807293593E-002
   2.5025025025025016E-002  -1.9347509258255617       0.14517739387599055     
   3.5035035035035023E-002  -1.9285645880701709       0.20407780415000124     
   4.5045045045045029E-002  -1.9200270484689714       0.26369812238956503     
   5.5055055055055035E-002  -1.9088258615386522       0.32433190617692592     
   6.5065065065065042E-002  -1.8943175397226280       0.38632520101662721     
   7.5075075075075048E-002  -1.8749061868989709       0.44977743520547564     
   8.5085085085085055E-002  -1.8475125358424700       0.51076569183860188     
   9.5095095095095061E-002  -1.8261292195455952       0.56463707675776387     
  0.10510510510510507       -1.8013734772797467       0.63514141974957783     
  0.11511511511511507       -1.7551038427922281       0.70783067110321574     
  0.12512512512512508       -1.6778925318280242       0.75379135717316337     
  0.13513513513513509       -1.6644705372613253       0.73635335057736095     
  0.14514514514514509       -1.6849263564587014       0.81796066043342675     
  0.15515515515515510       -1.6514951557116915       0.91457803893146328     
  0.16516516516516511       -1.5973017640796583        1.0047967119226500     
  0.17517517517517511       -1.5292372170381032        1.0928576788623721     
  0.18518518518518512       -1.4461730054279103        1.1810445220482511     
  0.19519519519519513       -1.3440512405147336        1.2697664302113405     
  0.20520520520520513       -1.2160181661741509        1.3574197260041403     
  0.21521521521521514       -1.0509220345803874        1.4382548016840342     
  0.22522522522522515      -0.83108559492204415        1.4941255103462783     
  0.23523523523523515      -0.54644808106587128        1.4649734218683019     
  0.24524524524524516      -0.30892063908138961        1.2817877223100411     
  0.25525525525525516      -0.20403671927078629        1.0778647481985180     
  0.26526526526526517      -0.15633389450132354       0.91256263859325382     
  0.27527527527527518      -0.13045071534364011       0.77524231319101944     
  0.28528528528528518      -0.11499437274596654       0.65564422615786477     
  0.29529529529529519      -0.10552616874323620       0.54728255864638120     
  0.30530530530530520      -0.10005586897459358       0.44582692463531109     
  0.31531531531531520       -9.7665158172207805E-002  0.34805918842118078     
  0.32532532532532521       -9.8029117963462295E-002  0.25126641359355628     
  0.33533533533533522      -0.10127596132338181       0.15281981574721518     
  0.34534534534534522      -0.10805258983025358        4.9778245728133108E-002
  0.35535535535535523      -0.11985708611056595       -6.1633133223448426E-002
  0.36536536536536524      -0.13998926633032432      -0.18689224748776459     
  0.37537537537537524      -0.17643185002743716      -0.33475368870043182     
  0.38538538538538525      -0.25222408906501453      -0.51893546885009567     
  0.39539539539539525      -0.44529294848272710      -0.73742160332883255     
  0.40540540540540526      -0.84694549736444913      -0.77353324956151770     
  0.41541541541541527       -1.0328260984468280      -0.43953200603906428     
  0.42542542542542527      -0.75027125086093671      -0.33360774434550239     
  0.43543543543543528      -0.69805817212405508      -0.68113773986545523     
  0.44544544544544529       -1.0505878487235516      -0.90921914472994303     
  0.45545545545545529       -1.3982600305626807      -0.81284008906470251     
  0.46546546546546530       -1.5781096816626103      -0.63416044392580895     
  0.47547547547547531       -1.6912637215435831      -0.49900895823176439     
  0.48548548548548531       -1.7846825155248414      -0.34874467707434997     
  0.49549549549549532       -1.8374171251160110      -0.20348678894266123     
  0.50550550550550533       -1.8663593676696275       -7.1919772349973862E-002
  0.51551551551551533       -1.8802961828179146        4.7681391532696842E-002
  0.52552552552552534       -1.8832957587556824       0.15728957500257140     
  0.53553553553553535       -1.8784423296787194       0.25657581569766941     
  0.54554554554554535       -1.8709999767480385       0.34992294442827199     
  0.55555555555555536       -1.8576486176442031       0.43952160180626071     
  0.56556556556556536       -1.8395051747913904       0.52435597258510813     
  0.57557557557557537       -1.8175097478889350       0.60512211687061335     
  0.58558558558558538       -1.7920770663586654       0.68248665520450802     
  0.59559559559559538       -1.7634099391372839       0.75698825597313968     
  0.60560560560560539       -1.7315849238046359       0.82906941612808249     
  0.61561561561561540       -1.6965821093363116       0.89909997212918402     
  0.62562562562562540       -1.6582965565653160       0.96739198411719451     
  0.63563563563563541       -1.6165402575231749        1.0342091082969254     
  0.64564564564564542       -1.5710368680185323        1.0997719048336796     
  0.65565565565565542       -1.5214091134941765        1.1642593983543394     
  0.66566566566566543       -1.4671571754117751        1.2278062775033258     
  0.67567567567567544       -1.4076244594829637        1.2904938991467665     
  0.68568568568568544       -1.3419440647999596        1.3523310650303011     
  0.69569569569569545       -1.2689536323701236        1.4132158617225061     
  0.70570570570570545       -1.1870549664731291        1.4728587613000819     
  0.71571571571571546       -1.0939709380681923        1.5306175321545794     
  0.72572572572572547      -0.98629989342606206        1.5851038307765506     
  0.73573573573573547      -0.85866756069341899        1.6330916027680917     
  0.74574574574574548      -0.70239118322604721        1.6657965205138778     
  0.75575575575575549      -0.50994659948617371        1.6544980568696777     
  0.76576576576576549      -0.33496792157035593        1.5592554036562760     
  0.77577577577577550      -0.20859363259391370        1.4329803818024618     
  0.78578578578578551      -0.14414420012673704        1.2927376163038202     
  0.79579579579579551      -0.11947812831578532        1.1742978516199498     
  0.80580580580580552      -0.12330247443099460        1.0776301294886761     
  0.81581581581581553      -0.13439850520001939        1.0359984296489038     
  0.82582582582582553      -0.10117415735648520       0.98975780892782605     
  0.83583583583583554       -7.5533333134101988E-002  0.92659975925824145     
  0.84584584584584555       -6.2992201650166557E-002  0.86284552921519397     
  0.85585585585585555       -5.6728199228670673E-002  0.80474564773690904     
  0.86586586586586556       -5.3655081559519639E-002  0.75109411388397240     
  0.87587587587587556       -5.2651642340463253E-002  0.70254292291941467     
  0.88588588588588557       -4.9192609336791697E-002  0.65614777870849006     
  0.89589589589589558       -4.7106213014519865E-002  0.60907456866713106     
  0.90590590590590558       -4.6314353689141045E-002  0.56273387626436444     
  0.91591591591591559       -4.6303457637297603E-002  0.51667137280663278     
  0.92592592592592560       -4.6959037614559843E-002  0.47027121327205640     
  0.93593593593593560       -4.8302740628469121E-002  0.42289719914822610     
  0.94594594594594561       -5.0439826932531510E-002  0.37384316136106910     
  0.95595595595595562       -5.3570564021572162E-002  0.32226321347305348     
  0.96596596596596562       -5.8044536253827252E-002  0.26707197175175007     
  0.97597597597597563       -6.4491611529202256E-002  0.20678103804828513     
  0.98598598598598564       -7.4155272945094580E-002  0.13920701434251340     
  0.99599599599599564       -8.9891973417688079E-002   6.0958485226827001E-002
   1.0060060060060056      -0.11987428053740105       -3.2826883145398049E-002
   1.0160160160160157      -0.19110912643237313      -0.13680484920217056     
   1.0260260260260257      -0.28034006452916305      -0.16377539111014203     
   1.0360360360360357      -0.27621482830721628      -0.27053886114150927     
   1.0460460460460457      -0.41979869287787674      -0.48039500311743799     
   1.0560560560560557      -0.80463536950503500      -0.53329402438805207     
   1.0660660660660657      -0.97008707893830892      -0.24336671127959575     
   1.0760760760760757      -0.97713621497265535      -0.22084968606117081     
   1.0860860860860857       -1.0498963290901453       -2.2313173317678073E-003
   1.0960960960960957      -0.79977231283948602       -4.8425796505012449E-002
   1.1061061061061057      -0.96208590619154000      -0.36281330092956315     
   1.1161161161161157       -1.3382350127984610      -0.30748379626396433     
   1.1261261261261257       -1.4873326762166441       -8.9985844349656244E-002
   1.1361361361361357       -1.5940531684910921        2.2675223816138044E-002
   1.1461461461461457       -1.7080484694003304       0.22927996568822415     
   1.1561561561561557       -1.7281243464523013       0.44258576042677333     
   1.1661661661661658       -1.7039695917258382       0.62556692478096232     
   1.1761761761761758       -1.6578068837397919       0.78381740117091725     
   1.1861861861861858       -1.5977053912543924       0.92338492952742846     
   1.1961961961961958       -1.5270316892527198        1.0479489526297237     
   1.2062062062062058       -1.4486737333084332        1.1605385062860607     
   1.2162162162162158       -1.3613225872920696        1.2646187206199984     
   1.2262262262262258       -1.2640234093070952        1.3599652600393273     
   1.2362362362362358       -1.1556530132374607        1.4469969078257798     
   1.2462462462462458       -1.0335491857207602        1.5252561057225704     
   1.2562562562562558      -0.89311294077458248        1.5922001074577143     
   1.2662662662662658      -0.72761008264118987        1.6399473544381051     
   1.2762762762762758      -0.52947103827478081        1.6453086450722467     
   1.2862862862862858      -0.34745338617302285        1.5634067502316029     
   1.2962962962962958      -0.21641771844549210        1.4621729494942803     
   1.3063063063063058      -0.13599289549407301        1.3355093803016282     
   1.3163163163163158       -9.9037624345569647E-002   1.2298661982903152     
   1.3263263263263259       -7.8096075372285065E-002   1.1437066949290655     
   1.3363363363363359       -7.4601926644458527E-002   1.0684290403482064     
   1.3463463463463459       -7.0240172897415298E-002   1.0246147260186014     
   1.3563563563563559       -5.5092450208040190E-002  0.97680673948454488     
   1.3663663663663659       -4.6557436573936094E-002  0.92907410725809902     
   1.3763763763763759       -4.1516818655301838E-002  0.88599365414630693     
   1.3863863863863859       -3.8138105834928472E-002  0.84670171877947020     
   1.3963963963963959       -3.6042884985388310E-002  0.81022649479953812     
   1.4064064064064059       -3.5846327625584803E-002  0.77630678929040997     
   1.4164164164164168       -3.6093617334170748E-002  0.74778834547919226     
   1.4264264264264268       -3.2324226010017061E-002  0.71884978101163632     
   1.4364364364364368       -3.0657523937260806E-002  0.68856320535704829     
   1.4464464464464468       -3.0818481594963636E-002  0.65867406277871177     
   1.4564564564564568       -3.3838697684299326E-002  0.62885744345994754     
   1.4664664664664668       -4.3942832813134360E-002  0.60384238205403762     
   1.4764764764764768       -4.3300813477375376E-002  0.59314527254344407     
   1.4864864864864868       -3.3801185547798651E-002  0.56844550340193256     
   1.4964964964964969       -3.0468112765171945E-002  0.53910872251173070     
   1.5065065065065069       -3.0100197855827258E-002  0.50975270731854083     
   1.5165165165165169       -3.1321756516664266E-002  0.48033962853076612     
   1.5265265265265269       -3.3241147057181356E-002  0.45107229518693148     
   1.5365365365365369       -3.4369633628014207E-002  0.42047355773802014     
   1.5465465465465469       -3.6247800452131829E-002  0.38633935340806719     
   1.5565565565565569       -3.9765165079261561E-002  0.34899592044213906     
   1.5665665665665669       -4.5060180483018082E-002  0.30742398044815750     
   1.5765765765765769       -5.2990832776056755E-002  0.25978548630351661     
   1.5865865865865869       -6.5538492482473648E-002  0.20318740338300867     
   1.5965965965965969       -8.7547625903238113E-002  0.13280981289916668     
   1.6066066066066069      -0.13336171334667929        4.1173943757732853E-002
   1.6166166166166169      -0.25363024003127038       -6.5941001813157402E-002
   1.6266266266266269      -0.47851940781171048       -1.7036567693145882E-003
   1.6366366366366369      -0.37892325588445647       0.12267338846102341     
   1.6466466466466469      -0.34503704384447520       -5.9359491117710585E-002
   1.6566566566566570      -0.57887031469090711      -0.27853786321691199     
   1.6666666666666670       -1.0548896345939720      -0.16892697148757824     
   1.6766766766766770       -1.2250505973722801       0.30211885097241914     
   1.6866866866866870      -0.98821958699950363       0.68390892124839309     
   1.6966966966966970      -0.60919087739110211       0.64638426965536833     
   1.7067067067067070      -0.57232486415542738       0.34683853269226728     
   1.7167167167167170      -0.90480021284695400       0.27239619319635938     
   1.7267267267267270       -1.0458946261033326       0.61996339645460941     
   1.7367367367367370      -0.77721293472490671       0.83659263384276195     
   1.7467467467467470      -0.61356799561023267       0.65910634386605482     
   1.7567567567567570      -0.71009959130238154       0.62827736105018606     
   1.7667667667667670      -0.72801552241837941       0.55395455661865045     
   1.7767767767767770      -0.91750671421402619       0.62930447094720243     
   1.7867867867867870       -1.0294105161941092       0.81625075292162763     
   1.7967967967967970      -0.95967634622572462        1.0667040965446715     
   1.8068068068068071      -0.83786690909048978        1.2729347484396003     
   1.8168168168168171      -0.55875310314444104        1.4081699598374864     
   1.8268268268268271      -0.28350668203237200        1.3306713717842846     
   1.8368368368368371      -0.15836815195654855        1.1856355969480199     
   1.8468468468468471      -0.10699448076869311        1.0747969708570551     
   1.8568568568568571       -8.1327936807757253E-002  0.99007845216045853     
   1.8668668668668671       -7.0934278974094711E-002  0.92045050291244579     
   1.8768768768768771       -7.8149156395695099E-002  0.86240210337390288     
   1.8868868868868871      -0.10044391104459338       0.83951576608580469     
   1.8968968968968971       -8.9246488542764110E-002  0.84347686584390991     
   1.9069069069069071       -5.7396830836143484E-002  0.81509527506872070     
   1.9169169169169171       -5.2251984822567404E-002  0.77979897724676905     
   1.9269269269269271       -4.7524671184798681E-002  0.76508639730202710     
   1.9369369369369371       -3.3504362081303841E-002  0.74217658718967849     
   1.9469469469469471       -2.6115732090066068E-002  0.71648543037341494     
   1.9569569569569571       -2.2488780334433460E-002  0.69321574559519261     
   1.9669669669669672       -2.0355167676996740E-002  0.67222316949686500     
   1.9769769769769772       -1.9075875645136374E-002  0.65283624087243175     
   1.9869869869869872       -1.8750822517143738E-002  0.63459125004247663     
   1.9969969969969972       -2.0330280265957373E-002  0.61833200415977041     
   2.0070070070070072       -1.9470245134222852E-002  0.60645209471074435     
   2.0170170170170172       -1.6599604607412888E-002  0.59142685077348600     
   2.0270270270270272       -1.5641543933825833E-002  0.57606409807448811     
   2.0370370370370372       -1.5726082204382798E-002  0.56175252488583882     
   2.0470470470470472       -1.5012078992012626E-002  0.54832095602915676     
   2.0570570570570572       -1.4542131387973035E-002  0.53417365290749019     
   2.0670670670670672       -1.4770843273834882E-002  0.52031645149553285     
   2.0770770770770772       -1.4720515374455278E-002  0.50666828277328135     
   2.0870870870870872       -1.5091706536346892E-002  0.49227486937478626     
   2.0970970970970972       -1.6698583804496105E-002  0.47753421751615871     
   2.1071071071071072       -1.9911758446460228E-002  0.46474459382645955     
   2.1171171171171173       -1.9863332592088945E-002  0.45191189319433439     
   2.1271271271271273       -2.3271530440250279E-002  0.43780765200585303     
   2.1371371371371373       -2.2231282664144612E-002  0.42778153129465130     
   2.1471471471471473       -1.9691578852322911E-002  0.41078575759975772     
   2.1571571571571573       -1.9931300612672828E-002  0.39183528247820770     
   2.1671671671671673       -2.1469739916915979E-002  0.37159492938092648     
   2.1771771771771773       -2.4196531432306653E-002  0.34942854902441500     
   2.1871871871871873       -2.8686881577742365E-002  0.32502166189769266     
   2.1971971971971973       -3.4799242603181936E-002  0.29729366877426916     
   2.2072072072072073       -4.7022312411306645E-002  0.26698460587339706     
   2.2172172172172173       -5.4754627649113319E-002  0.23776017189115584     
   2.2272272272272273       -6.5320167655910727E-002  0.18824197797813999     
   2.2372372372372373       -9.5200584049189629E-002  0.12032300547519176     
   2.2472472472472473      -0.17152104517894723        2.9888979259606110E-002
   2.2572572572572573      -0.37823805035168995       -1.0841621577329633E-002
   2.2672672672672673      -0.45870132540717662       0.22078973550775549     
   2.2772772772772774      -0.32548908830207846       0.17750754139112135     
   2.2872872872872874      -0.45407153131771910        3.3697299663574000E-003
   2.2972972972972974      -0.81884561102954445       0.11908105686402402     
   2.3073073073073074      -0.82251527342097142       0.48795334423962505     
   2.3173173173173174      -0.64773935261458948       0.69571931039667634     
   2.3273273273273274      -0.40431714961050319       0.62491266792032840     
   2.3373373373373374      -0.46199486864132105       0.43965500858893303     
   2.3473473473473474      -0.67966878177624035       0.57677298038842240     
   2.3573573573573574      -0.56992484877547012       0.74640289037078489     
   2.3673673673673674      -0.51110370157110929       0.88105772173632746     
   2.3773773773773774      -0.27376596542496134       0.89611276883833457     
   2.3873873873873874      -0.18384804714177067       0.77168764545644364     
   2.3973973973973974      -0.19783591190349317       0.71228222628147397     
   2.4074074074074074      -0.15299656478997378       0.68100354369269034     
   2.4174174174174174      -0.16072261937763799       0.58370671032071753     
   2.4274274274274275      -0.29829699301003332       0.51509956087070119     
   2.4374374374374375      -0.44072056174120156       0.73841744386302410     
   2.4474474474474475      -0.22564916432128218       0.87360968374493175     
   2.4574574574574575      -0.10403647663622183       0.80666511400078178     
   2.4674674674674675       -6.1503119511694009E-002  0.74407069211998156     
   2.4774774774774775       -4.3497901937601863E-002  0.69789583453379100     
   2.4874874874874875       -3.5289538526288626E-002  0.66160997887005646     
   2.4974974974974975       -3.3727473921191575E-002  0.63108103344978073     
   2.5075075075075075       -3.8453637616656530E-002  0.60941062542421276     
   2.5175175175175175       -3.7372639280073915E-002  0.58985762956716803     
   2.5275275275275275       -5.1360788063525654E-002  0.56478405018114919     
   2.5375375375375375       -8.0391107224390621E-002  0.57345478595329791     
   2.5475475475475475       -7.3886732644920641E-002  0.59278111885408480     
   2.5575575575575575       -4.4808611062135975E-002  0.59920856055114247     
   2.5675675675675675       -2.6897927222954938E-002  0.57890780730861391     
   2.5775775775775776       -2.3122725477658215E-002  0.55899468050282197     
   2.5875875875875876       -2.9528976322479888E-002  0.54490244172271529     
   2.5975975975975976       -2.9551322518549226E-002  0.54768297682597811     
   2.6076076076076076       -1.9446134904004233E-002  0.53715385216307654     
   2.6176176176176176       -1.7969818217769527E-002  0.52219236243702083     
   2.6276276276276276       -2.4483746777609571E-002  0.50771782919696007     
   2.6376376376376376       -4.1906827870339072E-002  0.50710905157427766     
   2.6476476476476476       -4.0520795524621185E-002  0.52108557272830369     
   2.6576576576576576       -2.3780456887774581E-002  0.52399755818575044     
   2.6676676676676676       -1.3773038717768624E-002  0.51306710442434067     
   2.6776776776776776       -1.0262917549281138E-002  0.50282011337470622     
   2.6876876876876876       -9.1540209460887062E-003  0.49445397620243992     
   2.6976976976976976       -8.0727806471343304E-003  0.48801030869353501     
   2.7077077077077076       -6.8575911042361871E-003  0.48132650433841290     
   2.7177177177177176       -6.2159994966675325E-003  0.47496291742101604     
   2.7277277277277276       -5.8128505539705505E-003  0.46901145138897621     
   2.7377377377377377       -5.5269867404022441E-003  0.46337372635824015     
   2.7477477477477477       -5.3139761526654027E-003  0.45797340327356106     
   2.7577577577577577       -5.1544273410171803E-003  0.45275423887363492     
   2.7677677677677677       -5.0410902654604382E-003  0.44767102484424853     
   2.7777777777777777       -4.9794185437972887E-003  0.44268402233697568     
   2.7877877877877877       -5.0075418793864568E-003  0.43777105286344731     
   2.7977977977977977       -5.1200163646513809E-003  0.43306365096717880     
   2.8078078078078077       -5.0339435073609214E-003  0.42834318329611298     
   2.8178178178178177       -5.1451103255483544E-003  0.42350919773337764     
   2.8278278278278277       -5.2128694618045375E-003  0.41888268209818968     
   2.8378378378378377       -5.1488945532047426E-003  0.41394572757397691     
   2.8478478478478477       -5.2580451730726736E-003  0.40880472114384775     
   2.8578578578578577       -5.4848098551218078E-003  0.40347556019583836     
   2.8678678678678677       -5.8321871954431139E-003  0.39786894899890163     
   2.8778778778778777       -6.3436586046083264E-003  0.39185933083991153     
   2.8878878878878878       -7.1107739196486072E-003  0.38526515781331255     
   2.8978978978978978       -8.3276573183609544E-003  0.37780483666705456     
   2.9079079079079078       -1.0474577943502287E-002  0.36902361815111667     
   2.9179179179179178       -1.5041857874906944E-002  0.35835187797494550     
   2.9279279279279278       -2.6653180135652443E-002  0.34838320900743397     
   2.9379379379379378       -3.3682799159720327E-002  0.35170511538414673     
   2.9479479479479478       -3.1160253152771766E-002  0.33734165758228651     
   2.9579579579579578       -4.7150582958727622E-002  0.31125623042386763     
   2.9679679679679678      -0.10030750890625130       0.29353624866433126     
   2.9779779779779778      -0.14382116222844141       0.33685927156330153     
   2.9879879879879878      -0.18022783882063587       0.38687578994501159     
   2.9979979979979978      -0.14350141705193736       0.45311369804058388     
   3.0080080080080087       -8.6043540761944176E-002  0.48182360203478003     
   3.0180180180180187       -4.1560604842675465E-002  0.45818149362074190     
   3.0280280280280287       -2.6711671392411131E-002  0.43253873954349575     
   3.0380380380380387       -2.3145369037944709E-002  0.41141111312551754     
   3.0480480480480487       -2.8783650606928658E-002  0.39232650646206546     
   3.0580580580580587       -4.8874469255192107E-002  0.38629285127217583     
   3.0680680680680688       -4.8598164222819901E-002  0.39528292249168479     
   3.0780780780780788       -5.7120651908525423E-002  0.39797454406654958     
   3.0880880880880888       -4.1423904166300658E-002  0.40360485438447602     
   3.0980980980980988       -4.2514911580773834E-002  0.38310680265536051     
   3.1081081081081088       -8.0361062886120743E-002  0.38110055609366655     
   3.1181181181181188       -7.7215161117967168E-002  0.44055232810235956     
   3.1281281281281288       -3.3444143720473440E-002  0.44143200262648652     
   3.1381381381381388       -1.7405904576898706E-002  0.42594278656154866     
   3.1481481481481488       -1.1385942704950395E-002  0.41400196275067902     
   3.1581581581581588       -8.6777913242848722E-003  0.40486430306837012     
   3.1681681681681688       -7.4638773590334365E-003  0.39728813672984753     
   3.1781781781781788       -7.3772603627683944E-003  0.39043520129611797     
   3.1881881881881888       -9.2177857291720830E-003  0.38379737798954161     
   3.1981981981981988       -1.6032084894893734E-002  0.38015162436637662     
   3.2082082082082088       -1.6966445068079813E-002  0.38824182212600461     
   3.2182182182182189       -8.7284631716201874E-003  0.38667602242978394     
   3.2282282282282289       -5.5445364895619076E-003  0.38152566176236041     
   3.2382382382382389       -4.3113568268376744E-003  0.37707371379852328     
   3.2482482482482489       -3.7153817511373409E-003  0.37322868535563936     
   3.2582582582582589       -3.3978573632585667E-003  0.36975732462175231     
   3.2682682682682689       -3.2607797198868408E-003  0.36650092861629052     
   3.2782782782782789       -3.3395000086666169E-003  0.36333275031683787     
   3.2882882882882889       -3.9243619203975276E-003  0.36017902642260030     
   3.2982982982982989       -5.8188399880134307E-003  0.35796030114343347     
   3.3083083083083089       -5.9325563459528387E-003  0.35865933236161546     
   3.3183183183183189       -3.7454897073090137E-003  0.35687051799074493     
   3.3283283283283289       -2.8696879584401229E-003  0.35410648431417269     
   3.3383383383383389       -2.5234897781247711E-003  0.35153845362022013     
   3.3483483483483489       -2.3525410323091446E-003  0.34914741073509287     
   3.3583583583583589       -2.2697402906935817E-003  0.34687406402123144     
   3.3683683683683689       -2.2721381177286449E-003  0.34472850291341894     
   3.3783783783783790       -2.1881086872171463E-003  0.34274023378548146     
   3.3883883883883890       -2.0776635029984580E-003  0.34068292953666324     
   3.3983983983983990       -2.0219861617280115E-003  0.33864789614208318     
   3.4084084084084090       -1.9889878881559683E-003  0.33664741646028384     
   3.4184184184184190       -1.9694872313475906E-003  0.33467145468554310     
   3.4284284284284290       -1.9630317288461519E-003  0.33270976630882088     
   3.4384384384384390       -1.9772332243163282E-003  0.33075227513066496     
   3.4484484484484490       -2.0427141999425757E-003  0.32880402613044024     
   3.4584584584584590       -2.1211004154981818E-003  0.32697674965505819     
   3.4684684684684690       -2.0565816604296260E-003  0.32507412726916268     
   3.4784784784784790       -2.0859974640426377E-003  0.32307392188834205     
   3.4884884884884890       -2.1957350032882610E-003  0.32113428554902745     
   3.4984984984984990       -2.1708144638084245E-003  0.31917156306585703     
   3.5085085085085090       -2.1964460477611985E-003  0.31704251984297027     
   3.5185185185185190       -2.2908895853542013E-003  0.31482253543050776     
   3.5285285285285291       -2.4462059443262803E-003  0.31248093405096211     
   3.5385385385385391       -2.6881838790794518E-003  0.30995893701623156     
   3.5485485485485491       -3.0869331296329372E-003  0.30716560042420615     
   3.5585585585585591       -3.8385171228829370E-003  0.30396182828082979     
   3.5685685685685691       -5.6076011783165128E-003  0.30032697825653382     
   3.5785785785785791       -9.0037118522366955E-003  0.29857010328097572     
   3.5885885885885891       -8.3283819468275375E-003  0.29693062918245960     
   3.5985985985985991       -9.6304198948487275E-003  0.29051230653527427     
   3.6086086086086091       -1.6512400153045257E-002  0.28196688790334945     
   3.6186186186186191       -3.6648489253767701E-002  0.27879723876435070     
   3.6286286286286291       -4.7556097050611999E-002  0.29869485768967874     
   3.6386386386386391       -4.6940756289149566E-002  0.32033877198582456     
   3.6486486486486491       -2.3185908040958752E-002  0.32555194775935725     
   3.6586586586586591       -1.4639847558563471E-002  0.31520835691774318     
   3.6686686686686691       -1.7213431684275568E-002  0.30716975405495278     
   3.6786786786786791       -2.0835007168114018E-002  0.31263877838004861     
   3.6886886886886892       -1.1910595497250586E-002  0.31148405067150420     
   3.6986986986986992       -9.3207093320508329E-003  0.30414028515012459     
   3.7087087087087092       -1.1597566615436089E-002  0.29642305574425010     
   3.7187187187187192       -2.1825057618181067E-002  0.29150008214043938     
   3.7287287287287292       -2.6842796299486438E-002  0.30279320218537437     
   3.7387387387387392       -2.3356382922157238E-002  0.29978153798773505     
   3.7487487487487492       -3.3650083328227429E-002  0.30643092152408052     
   3.7587587587587592       -2.2303568036435132E-002  0.31507512282619449     
   3.7687687687687692       -2.0900718190546869E-002  0.31297070929236243     
   3.7787787787787792       -1.3783934808553526E-002  0.31768280380435854     
   3.7887887887887892       -7.0281211630392913E-003  0.31315662133196198     
   3.7987987987987992       -4.5743147551206686E-003  0.30853131059720951     
   3.8088088088088092       -3.5438032532689083E-003  0.30485295220567177     
   3.8188188188188192       -3.1529012692411524E-003  0.30174747957989512     
   3.8288288288288292       -3.4123766232520641E-003  0.29901110726406016     
   3.8388388388388393       -4.4654204873267340E-003  0.29767003067041764     
   3.8488488488488493       -3.4281289397935419E-003  0.29698457826028452     
   3.8588588588588593       -2.8628146986392380E-003  0.29477559401059744     
   3.8688688688688693       -3.5257203322431518E-003  0.29297521318252889     
   3.8788788788788793       -3.4076952208552031E-003  0.29286474758557079     
   3.8888888888888893       -2.3775911549889063E-003  0.29133833194917408     
   3.8988988988988993       -2.2776432364938651E-003  0.28956104674250488     
   3.9089089089089093       -2.4273618373751877E-003  0.28860726900546269     
   3.9189189189189193       -1.8071332801631727E-003  0.28744908600094493     
   3.9289289289289293       -1.5083840659022953E-003  0.28596924068680551     
   3.9389389389389393       -1.3788377361488434E-003  0.28456731031022803     
   3.9489489489489493       -1.3077897784498293E-003  0.28323923753831826     
   3.9589589589589593       -1.2655647755715608E-003  0.28196148616980321     
   3.9689689689689693       -1.2472199145506459E-003  0.28071605557163681     
   3.9789789789789793       -1.2694346651816427E-003  0.27948948899254072     
   3.9889889889889893       -1.3986216619027542E-003  0.27832355882775489     
   3.9989989989989994       -1.4563780102996296E-003  0.27740858821146203     
   4.0090090090090094       -1.3950918850974151E-003  0.27639305032302008     
   4.0190190190190194       -1.2539257463487752E-003  0.27540761665902214     
   4.0290290290290294       -1.1424602251920864E-003  0.27429327622018917     
   4.0390390390390394       -1.0965003806874911E-003  0.27319034664193942     
   4.0490490490490494       -1.0723627527062635E-003  0.27211068995281285     
   4.0590590590590594       -1.0574918077422299E-003  0.27104757003903679     
   4.0690690690690694       -1.0480541700422005E-003  0.26999569290381448     
   4.0790790790790794       -1.0429118351102152E-003  0.26895094106724615     
   4.0890890890890894       -1.0422946823345218E-003  0.26790947485421507     
   4.0990990990990994       -1.0481477498076562E-003  0.26686698097998901     
   4.1091091091091094       -1.0672324526876189E-003  0.26581848947858738     
   4.1191191191191194       -1.1223728619317315E-003  0.26477059029021383     
   4.1291291291291294       -1.1782322594754958E-003  0.26379279097375941     
   4.1391391391391394       -1.1820957429212028E-003  0.26274381372166689     
   4.1491491491491495       -1.3188777279817985E-003  0.26171093710456389     
   4.1591591591591595       -1.2996450526099655E-003  0.26084415615700024     
   4.1691691691691695       -1.2031263473499367E-003  0.25973997880566735     
   4.1791791791791795       -1.2048929141010795E-003  0.25856680084277589     
   4.1891891891891895       -1.2528755238910762E-003  0.25735323954699091     
   4.1991991991991995       -1.3396964195691110E-003  0.25607400140412423     
   4.2092092092092095       -1.4798968902373932E-003  0.25469151307953208     
   4.2192192192192195       -1.7117668964481366E-003  0.25314750398971708     
   4.2292292292292295       -2.1264237057752652E-003  0.25134252937239121     
   4.2392392392392395       -2.9704651789764867E-003  0.24909984545622524     
   4.2492492492492495       -5.0588316034802976E-003  0.24618417617709568     
   4.2592592592592595       -1.1325909625405728E-002  0.24386618563361559     
   4.2692692692692695       -1.7618602795792550E-002  0.25378531349948080     
   4.2792792792792795       -8.6119255659442406E-003  0.25759401380667407     
   4.2892892892892895       -4.9718606878017928E-003  0.25393965452312800     
   4.2992992992992995       -4.4649358102626805E-003  0.25020018540545269     
   4.3093093093093096       -6.1063610012459151E-003  0.24631787969950039     
   4.3193193193193196       -1.2572900123800378E-002  0.24354256149383496     
   4.3293293293293296       -1.8742305715410610E-002  0.25421770173485209     
   4.3393393393393396       -8.8681263631066719E-003  0.25812816851357856     
   4.3493493493493496       -4.6833934116664762E-003  0.25455107797413312     
   4.3593593593593596       -3.4556181511700909E-003  0.25124530315685811     
   4.3693693693693696       -3.3580482303230343E-003  0.24823646694264406     
   4.3793793793793796       -4.2851858906735110E-003  0.24504398066942917     
   4.3893893893893896       -7.6022964589492490E-003  0.24141135000861780     
   4.3993993993993996       -1.7347088277822945E-002  0.24212741298271903     
   4.4094094094094096       -1.6131074400981996E-002  0.25638504973261128     
   4.4194194194194196       -6.7939394964392271E-003  0.25618564447806658     
   4.4294294294294296       -3.5675992437397895E-003  0.25296347536338132     
   4.4394394394394396       -2.3560187893472552E-003  0.25048960776515145     
   4.4494494494494496       -1.7959781009058470E-003  0.24858375913817971     
   4.4594594594594597       -1.5015868142644728E-003  0.24701100319472724     
   4.4694694694694697       -1.3435338590493851E-003  0.24563283789080920     
   4.4794794794794797       -1.2830607257514135E-003  0.24436118327083459     
   4.4894894894894897       -1.3485899579202989E-003  0.24312771428819496     
   4.4994994994994997       -1.7293915482280097E-003  0.24192192648489669     
   4.5095095095095097       -2.7093923786304045E-003  0.24150387629192005     
   4.5195195195195197       -2.1387197704895162E-003  0.24196923910920709     
   4.5295295295295297       -1.3285399355352063E-003  0.24105152215418529     
   4.5395395395395397       -1.0442886476067523E-003  0.24001373150467561     
   4.5495495495495497       -9.2528072289949049E-004  0.23906954800161095     
   4.5595595595595597       -8.6608614579612405E-004  0.23819066076443968     
   4.5695695695695697       -8.4057009538239134E-004  0.23735118961264728     
   4.5795795795795797       -8.5837124094796538E-004  0.23653892973591689     
   4.5895895895895897       -9.4638431813247792E-004  0.23582900606807106     
   4.5995995995995997       -8.6838324492122287E-004  0.23521143070456893     
   4.6096096096096097       -7.9972334843176522E-004  0.23445930603179960     
   4.6196196196196198       -8.2284969411210314E-004  0.23372162887188738     
   4.6296296296296298       -8.4583280360592543E-004  0.23311870553863820     
   4.6396396396396398       -7.4893484522217592E-004  0.23245820760818658     
   4.6496496496496498       -7.0477025463654207E-004  0.23175541883587647     
   4.6596596596596598       -6.8456151604737538E-004  0.23106614672769707     
   4.6696696696696698       -6.7278484863395472E-004  0.23038925184423789     
   4.6796796796796798       -6.6548272199190865E-004  0.22972112345364798     
   4.6896896896896898       -6.6231277084807501E-004  0.22905870202695480     
   4.6996996996996998       -6.6625668330802903E-004  0.22839890168167695     
   4.7097097097097098       -6.9024444369288106E-004  0.22774182615213204     
   4.7197197197197198       -7.4981616975101310E-004  0.22713888240212490     
   4.7297297297297298       -7.0850114687919105E-004  0.22657145406116352     
   4.7397397397397398       -6.8227604104500019E-004  0.22592256656349474     
   4.7497497497497498       -7.1876983709579434E-004  0.22528279622820288     
   4.7597597597597598       -7.4442034955827434E-004  0.22474878351039765     
   4.7697697697697699       -6.7126179668873412E-004  0.22415193497611569     
   4.7797797797797799       -6.4359858354277291E-004  0.22351445951903356     
   4.7897897897897899       -6.3845388211909151E-004  0.22288044427362641     
   4.7997997997997999       -6.5140462506791470E-004  0.22225046550136945     
   4.8098098098098099       -6.8380844530074284E-004  0.22165575942660218     
   4.8198198198198199       -6.5657450624345660E-004  0.22107021976053295     
   4.8298298298298299       -6.3969638576551679E-004  0.22044045854009353     
   4.8398398398398399       -6.3917153151996661E-004  0.21980508244717428     
   4.8498498498498499       -6.4595663280089712E-004  0.21916445411227811     
   4.8598598598598599       -6.5858040060877497E-004  0.21851411197773460     
   4.8698698698698699       -6.7815836498219182E-004  0.21784849228155542     
   4.8798798798798799       -7.0767998890641900E-004  0.21716005640707522     
   4.8898898898898899       -7.5299753968476469E-004  0.21643761782099361     
   4.8998998998998999       -8.2591650224086565E-004  0.21566334758675054     
   4.9099099099099099       -9.5299623622635619E-004  0.21480705568666678     
   4.9199199199199199       -1.2048434284600634E-003  0.21381699933089446     
   4.9299299299299300       -1.8117677859336638E-003  0.21264234218916708     
   4.9399399399399400       -3.3201287044461797E-003  0.21180201825323783     
   4.9499499499499500       -4.6881999799460736E-003  0.21195938263734740     
   4.9599599599599600       -5.6682375859366096E-003  0.21385650704537820     
   4.9699699699699700       -4.3058424425081367E-003  0.21367300677098869     
   4.9799799799799800       -5.3683069726238840E-003  0.21408264345285419     
   4.9899899899899900       -3.4082624850452397E-003  0.21490257784496541     
   5.0000000000000000       -2.5820877635116578E-003  0.21330496373653995     
