  -5.0000000000000000       -9.3903514005930569E-004 -0.22520643093757925     
  -4.9899899899899900       -1.1086709986926463E-003 -0.22606117450774230     
  -4.9799799799799800       -1.4072606802457671E-003 -0.22663370974178118     
  -4.9699699699699700       -1.4572113273313638E-003 -0.22737741408694462     
  -4.9599599599599600       -2.2665730004635528E-003 -0.22818866285292058     
  -4.9499499499499500       -2.8932695092845047E-003 -0.22723184843191732     
  -4.9399399399399400       -1.6239539633701556E-003 -0.22735548530883343     
  -4.9299299299299300       -1.1325093083663304E-003 -0.22834094291155305     
  -4.9199199199199199       -1.0519129658839231E-003 -0.22929172182895063     
  -4.9099099099099099       -1.2915110610561983E-003 -0.23012220393641844     
  -4.8998998998998999       -1.5077133684999763E-003 -0.23030267881435790     
  -4.8898898898898899       -1.0746875459824085E-003 -0.23083603292634297     
  -4.8798798798798799       -9.7306509156010028E-004 -0.23165668602136510     
  -4.8698698698698699       -1.0899184438096570E-003 -0.23227215686047598     
  -4.8598598598598599       -9.0799723718442858E-004 -0.23278496094509463     
  -4.8498498498498499       -7.7555624685405895E-004 -0.23351815410244534     
  -4.8398398398398399       -7.2951638461860827E-004 -0.23424882115667062     
  -4.8298298298298299       -7.1132858924217307E-004 -0.23496254232071659     
  -4.8198198198198199       -7.0487012704158311E-004 -0.23566762351623932     
  -4.8098098098098099       -7.0596769974342168E-004 -0.23637057876179612     
  -4.7997997997997999       -7.1590436325915134E-004 -0.23707695527533537     
  -4.7897897897897899       -7.4523214680782845E-004 -0.23779196790418120     
  -4.7797797797797799       -8.3533329959822910E-004 -0.23849865523233840     
  -4.7697697697697699       -9.2686333831573187E-004 -0.23903037437891700     
  -4.7597597597597598       -7.9754988954787388E-004 -0.23964988356484063     
  -4.7497497497497498       -7.4341218629083859E-004 -0.24037721089517738     
  -4.7397397397397398       -7.2880220286499809E-004 -0.24110419637509592     
  -4.7297297297297298       -7.2706272938289436E-004 -0.24182925230284963     
  -4.7197197197197198       -7.3162579852723204E-004 -0.24255701610513256     
  -4.7097097097097098       -7.4182470237944332E-004 -0.24329160375330774     
  -4.6996996996996998       -7.6142308298039556E-004 -0.24403760475069250     
  -4.6896896896896898       -8.0595291430371615E-004 -0.24479921353595732     
  -4.6796796796796798       -9.2617857565603136E-004 -0.24553918912134892     
  -4.6696696696696698       -9.6892623154400039E-004 -0.24610315373386329     
  -4.6596596596596598       -8.6438320040655933E-004 -0.24684260143675515     
  -4.6496496496496498       -8.5724251222692172E-004 -0.24766211359682794     
  -4.6396396396396398       -9.2892228297744106E-004 -0.24850016772943570     
  -4.6296296296296298       -1.1400991753141203E-003 -0.24926089887256553     
  -4.6196196196196198       -1.1489127057737708E-003 -0.24982639033652521     
  -4.6096096096096097       -1.1650770560699770E-003 -0.25069197281757183     
  -4.5995995995995997       -1.5220059938198408E-003 -0.25133593132229365     
  -4.5895895895895897       -1.2947390891477795E-003 -0.25165614326546554     
  -4.5795795795795797       -1.0266125978554759E-003 -0.25253293362780421     
  -4.5695695695695697       -9.6284652938300288E-004 -0.25346941624936176     
  -4.5595595595595597       -9.8301404374788025E-004 -0.25441008907281576     
  -4.5495495495495497       -1.0967406125395129E-003 -0.25537116045656894     
  -4.5395395395395397       -1.3667439774666780E-003 -0.25622174193884423     
  -4.5295295295295297       -1.4708020700059505E-003 -0.25701761437648429     
  -4.5195195195195197       -1.9891284254047853E-003 -0.25782238112884087     
  -4.5095095095095097       -1.9099310210180078E-003 -0.25782604740828469     
  -4.4994994994994997       -1.3940298033813332E-003 -0.25878343625663841     
  -4.4894894894894897       -1.3187504112651179E-003 -0.25998443461600279     
  -4.4794794794794797       -1.5122744333868736E-003 -0.26125848438946170     
  -4.4694694694694697       -2.2100676247780041E-003 -0.26262908540945218     
  -4.4594594594594597       -4.1413814248106228E-003 -0.26300523664439079     
  -4.4494494494494496       -3.5327470490707186E-003 -0.26117353202729404     
  -4.4394394394394396       -1.9929702451294091E-003 -0.26219312572207532     
  -4.4294294294294296       -1.5465063503402837E-003 -0.26363407102098002     
  -4.4194194194194196       -1.5070817043283877E-003 -0.26500055239010628     
  -4.4094094094094096       -1.6749483381040084E-003 -0.26632446285735911     
  -4.3993993993993996       -2.2408996144729029E-003 -0.26780847722907963     
  -4.3893893893893896       -4.0732641852826929E-003 -0.26863998046536774     
  -4.3793793793793796       -4.1149809875697550E-003 -0.26678623279599628     
  -4.3693693693693696       -2.5376512434110380E-003 -0.26773102521679981     
  -4.3593593593593596       -2.6099084010895901E-003 -0.26913291672934331     
  -4.3493493493493496       -2.5640781558194433E-003 -0.26928019850509727     
  -4.3393393393393396       -1.7425699157160713E-003 -0.27035052250090480     
  -4.3293293293293296       -1.4976241476771920E-003 -0.27175699878219522     
  -4.3193193193193196       -1.5345542526906521E-003 -0.27316483054428786     
  -4.3093093093093096       -1.8803179239631662E-003 -0.27463128375359530     
  -4.2992992992992995       -2.9619729515453228E-003 -0.27582615856576148     
  -4.2892892892892895       -3.5409945951198982E-003 -0.27573467300196147     
  -4.2792792792792795       -3.8738973755254391E-003 -0.27606063202247194     
  -4.2692692692692695       -3.4085431164825961E-003 -0.27636493158083481     
  -4.2592592592592595       -3.6204318042992330E-003 -0.27644251127278102     
  -4.2492492492492495       -2.2437848094800724E-003 -0.27686063016276452     
  -4.2392392392392395       -1.5699403068064890E-003 -0.27828087768192517     
  -4.2292292292292295       -1.3337451891747543E-003 -0.27962285295434258     
  -4.2192192192192195       -1.2458133053716183E-003 -0.28086948566750131     
  -4.2092092092092095       -1.2479123966650369E-003 -0.28206588530834559     
  -4.1991991991991995       -1.3841972106332368E-003 -0.28316255846042832     
  -4.1891891891891895       -1.3582384553723001E-003 -0.28399500466393707     
  -4.1791791791791795       -1.1863401777443675E-003 -0.28506689259937257     
  -4.1691691691691695       -1.1265313464948732E-003 -0.28618836142270393     
  -4.1591591591591595       -1.1053002083184808E-003 -0.28729564671587654     
  -4.1491491491491495       -1.0978254395958757E-003 -0.28839445118667412     
  -4.1391391391391394       -1.0967671192700576E-003 -0.28949084455837870     
  -4.1291291291291294       -1.0994273666321442E-003 -0.29058877586206822     
  -4.1191191191191194       -1.1046507203756790E-003 -0.29169097750637246     
  -4.1091091091091094       -1.1119291467548273E-003 -0.29279956684758079     
  -4.0990990990990994       -1.1211095044493906E-003 -0.29391639895829214     
  -4.0890890890890894       -1.1323190842201791E-003 -0.29504331862564620     
  -4.0790790790790794       -1.1460246180108630E-003 -0.29618241098749670     
  -4.0690690690690694       -1.1632719707735293E-003 -0.29733634908189344     
  -4.0590590590590594       -1.1863483593654914E-003 -0.29850899616117826     
  -4.0490490490490494       -1.2207319374709039E-003 -0.29970655313882044     
  -4.0390390390390394       -1.2818386468003886E-003 -0.30093936008173700     
  -4.0290290290290294       -1.4228506424091548E-003 -0.30221641449153119     
  -4.0190190190190194       -1.7995587720108148E-003 -0.30340397865311208     
  -4.0090090090090094       -1.9695939505208135E-003 -0.30403020725213570     
  -3.9989989989989989       -1.5617186898363342E-003 -0.30509868233674459     
  -3.9889889889889889       -1.4153647480948594E-003 -0.30646113774272971     
  -3.9789789789789789       -1.3935018814143828E-003 -0.30783340889536992     
  -3.9689689689689689       -1.4256014423333055E-003 -0.30922367096316850     
  -3.9589589589589589       -1.5134299885898532E-003 -0.31066076276601751     
  -3.9489489489489489       -1.7271335011347915E-003 -0.31217143457413632     
  -3.9389389389389389       -2.2989140226258959E-003 -0.31359883292567170     
  -3.9289289289289289       -2.7341079921789002E-003 -0.31429240830114097     
  -3.9189189189189189       -2.3037890203844928E-003 -0.31531089364672532     
  -3.9089089089089089       -2.2039523667577387E-003 -0.31708378317543617     
  -3.8988988988988988       -2.7735525812570445E-003 -0.31875756944685174     
  -3.8888888888888888       -2.9511483219771036E-003 -0.31982431786713056     
  -3.8788788788788788       -3.1015405186970079E-003 -0.32196082346306593     
  -3.8688688688688688       -4.8077092756187963E-003 -0.32450655322983918     
  -3.8588588588588588       -9.4791896879123701E-003 -0.32411358165298598     
  -3.8488488488488488       -7.2152440010615554E-003 -0.31932269009646791     
  -3.8388388388388388       -3.7942776934471465E-003 -0.32121419978772831     
  -3.8288288288288288       -2.8165397533792269E-003 -0.32374425752325170     
  -3.8188188188188188       -2.5640439105242036E-003 -0.32595134086055627     
  -3.8088088088088088       -2.8246968156142829E-003 -0.32817975097049806     
  -3.7987987987987988       -4.1987901926732992E-003 -0.32975821827629154     
  -3.7887887887887888       -4.0759126151887837E-003 -0.32914516258185994     
  -3.7787787787787788       -2.6523996277934719E-003 -0.33074724894300389     
  -3.7687687687687688       -2.2134246953004247E-003 -0.33286081251312155     
  -3.7587587587587588       -2.1415296806438868E-003 -0.33493231618558811     
  -3.7487487487487487       -2.2825722666443104E-003 -0.33704492395694086     
  -3.7387387387387387       -2.7554337586411632E-003 -0.33932114708713684     
  -3.7287287287287287       -4.2004988934858543E-003 -0.34172669496554525     
  -3.7187187187187187       -7.4655929630792978E-003 -0.34163994241004003     
  -3.7087087087087087       -5.4758657308673101E-003 -0.33967158764418937     
  -3.6986986986986987       -3.8677354876864582E-003 -0.34203302458073259     
  -3.6886886886886887       -4.5227590591466619E-003 -0.34398204122298282     
  -3.6786786786786787       -3.9104152751173798E-003 -0.34416116340529490     
  -3.6686686686686687       -2.7283977133776695E-003 -0.34619452989224603     
  -3.6586586586586587       -2.3873025857439000E-003 -0.34849445338999407     
  -3.6486486486486487       -2.3995702008057034E-003 -0.35075452067707802     
  -3.6386386386386387       -2.7825711705470320E-003 -0.35303215417845113     
  -3.6286286286286287       -3.7659765008014132E-003 -0.35482948088179184     
  -3.6186186186186187       -4.3037047056315465E-003 -0.35588503736559568     
  -3.6086086086086087       -4.1325251060457370E-003 -0.35745036641083067     
  -3.5985985985985987       -5.6735449586006875E-003 -0.35915911987635007     
  -3.5885885885885886       -5.5455700539807154E-003 -0.35782675681355874     
  -3.5785785785785786       -3.3359339448582070E-003 -0.35938253231513967     
  -3.5685685685685686       -2.5311983024429610E-003 -0.36180563202971633     
  -3.5585585585585586       -2.2396951780362423E-003 -0.36406758684072299     
  -3.5485485485485486       -2.1141316529863161E-003 -0.36620294142240117     
  -3.5385385385385386       -2.0554090377598510E-003 -0.36827064814349209     
  -3.5285285285285286       -2.0288219117841925E-003 -0.37030497443747445     
  -3.5185185185185186       -2.0198674114073516E-003 -0.37232566052621202     
  -3.5085085085085086       -2.0216461504208717E-003 -0.37434482471757236     
  -3.4984984984984986       -2.0305531152415412E-003 -0.37637045612622472     
  -3.4884884884884886       -2.0445773514744803E-003 -0.37840820242678541     
  -3.4784784784784786       -2.0625537781750690E-003 -0.38046233673079105     
  -3.4684684684684686       -2.0838066342115597E-003 -0.38253631600147281     
  -3.4584584584584586       -2.1079716502124131E-003 -0.38463312916729497     
  -3.4484484484484486       -2.1349093341869172E-003 -0.38675553671941854     
  -3.4384384384384385       -2.1646730890091666E-003 -0.38890626006391293     
  -3.4284284284284285       -2.1975217395079050E-003 -0.39108816131366159     
  -3.4184184184184185       -2.2339867975272078E-003 -0.39330445298196309     
  -3.4084084084084085       -2.2750375045606907E-003 -0.39555899279910028     
  -3.3983983983983985       -2.3224681693156286E-003 -0.39785676308314899     
  -3.3883883883883881       -2.3798892798862765E-003 -0.40020473261789480     
  -3.3783783783783781       -2.4556802981982651E-003 -0.40261342976221287     
  -3.3683683683683681       -2.5737059018399195E-003 -0.40509844354177771     
  -3.3583583583583581       -2.8151469491249884E-003 -0.40765611109335986     
  -3.3483483483483480       -3.2247869597401674E-003 -0.41003760275334622     
  -3.3383383383383380       -3.3820978785941555E-003 -0.41228633322159991     
  -3.3283283283283280       -3.4647920397658503E-003 -0.41477963040729898     
  -3.3183183183183180       -3.3788383750696302E-003 -0.41721775888973300     
  -3.3083083083083080       -3.2894555038597566E-003 -0.42022376457180605     
  -3.2982982982982980       -3.5280860276642218E-003 -0.42348771151162751     
  -3.2882882882882880       -4.1800462219039819E-003 -0.42701539521469617     
  -3.2782782782782780       -5.6113406196346442E-003 -0.43049407749044000     
  -3.2682682682682680       -7.5539461373583623E-003 -0.43421216227055526     
  -3.2582582582582580       -1.3726689980465577E-002 -0.43615066863193563     
  -3.2482482482482480       -1.3186619849540403E-002 -0.42944889008194598     
  -3.2382382382382380       -7.6992635109822023E-003 -0.43246208029118011     
  -3.2282282282282280       -7.0395232854262588E-003 -0.43769718277686359     
  -3.2182182182182180       -9.9719485943845845E-003 -0.44078429706025973     
  -3.2082082082082080       -8.7787618965524047E-003 -0.43936453532871422     
  -3.1981981981981980       -6.0111301586056494E-003 -0.44318334038431462     
  -3.1881881881881879       -6.0589223534042724E-003 -0.44758763517251809     
  -3.1781781781781779       -6.7916250145231239E-003 -0.44958898450349433     
  -3.1681681681681679       -5.0701933233013854E-003 -0.45248763993272784     
  -3.1581581581581579       -4.3860383111213050E-003 -0.45664059918377514     
  -3.1481481481481479       -4.2871806189684145E-003 -0.46081247353165772     
  -3.1381381381381379       -4.4925302140860924E-003 -0.46507580232382778     
  -3.1281281281281279       -5.0850656150751477E-003 -0.46962343568455778     
  -3.1181181181181179       -6.6188397686680004E-003 -0.47469011912127240     
  -3.1081081081081079       -1.1251903781243858E-002 -0.47963852685346814     
  -3.0980980980980979       -1.7949592763296437E-002 -0.47537174016219491     
  -3.0880880880880879       -1.0712343917154395E-002 -0.47299331379345200     
  -3.0780780780780779       -7.3549200888314925E-003 -0.47823306805817967     
  -3.0680680680680679       -6.4484456042714078E-003 -0.48243314036625312     
  -3.0580580580580579       -5.2296009761536102E-003 -0.48684467802058917     
  -3.0480480480480479       -4.7541128807775061E-003 -0.49152763664235460     
  -3.0380380380380378       -4.6596186236220862E-003 -0.49604569164055973     
  -3.0280280280280278       -4.6070172666475215E-003 -0.50038116471655425     
  -3.0180180180180178       -4.5508596439548339E-003 -0.50484387559778332     
  -3.0080080080080078       -4.5993998674881765E-003 -0.50938499335432885     
  -2.9979979979979978       -4.7230300267683467E-003 -0.51401671040443353     
  -2.9879879879879878       -4.9486025400001625E-003 -0.51879506240699458     
  -2.9779779779779778       -5.4045790174881416E-003 -0.52379887496526678     
  -2.9679679679679678       -6.5827306081715454E-003 -0.52901944757989827     
  -2.9579579579579578       -9.3666864373213952E-003 -0.53261411016258131     
  -2.9479479479479478       -8.2635039289298585E-003 -0.53383028907158747     
  -2.9379379379379378       -6.3481545056762231E-003 -0.53882405720042648     
  -2.9279279279279278       -5.7259828821910400E-003 -0.54438065200988883     
  -2.9179179179179178       -5.5616540099740191E-003 -0.54990778166078680     
  -2.9079079079079078       -5.5584780909097055E-003 -0.55542982559987664     
  -2.8978978978978978       -5.6242019362958921E-003 -0.56100560400655164     
  -2.8878878878878878       -5.7260996178542098E-003 -0.56667147252326211     
  -2.8778778778778777       -5.8491657031036516E-003 -0.57245460267833270     
  -2.8678678678678677       -5.9900899101494060E-003 -0.57837329693920725     
  -2.8578578578578577       -6.1457664351371767E-003 -0.58444152312584197     
  -2.8478478478478477       -6.3147280754729104E-003 -0.59067260169017111     
  -2.8378378378378377       -6.4965283677973122E-003 -0.59707929209419885     
  -2.8278278278278277       -6.6912871069166966E-003 -0.60367431628045654     
  -2.8178178178178177       -6.8995016553058770E-003 -0.61047075786748450     
  -2.8078078078078077       -7.1219642911404110E-003 -0.61748236799355960     
  -2.7977977977977977       -7.3597321389056881E-003 -0.62472382860447440     
  -2.7877877877877877       -7.6141297647663838E-003 -0.63221100704695710     
  -2.7777777777777777       -7.8867780012564746E-003 -0.63996122726896609     
  -2.7677677677677677       -8.1796508166553459E-003 -0.64799358132036700     
  -2.7577577577577577       -8.4951717813742840E-003 -0.65632930827341285     
  -2.7477477477477477       -8.8363826515117459E-003 -0.66499226405119449     
  -2.7377377377377377       -9.2071150276433547E-003 -0.67400942250899654     
  -2.7277277277277276       -9.6120975091100909E-003 -0.68341232267413055     
  -2.7177177177177176       -1.0058868810325902E-002 -0.69323813597118678     
  -2.7077077077077076       -1.0558587054269800E-002 -0.70353157235492525     
  -2.6976976976976976       -1.1131355394328175E-002 -0.71434927919679803     
  -2.6876876876876876       -1.1823004039650300E-002 -0.72576503196028352     
  -2.6776776776776776       -1.2772580409689611E-002 -0.73785070501314054     
  -2.6676676676676676       -1.4263316945241564E-002 -0.75026974317611483     
  -2.6576576576576576       -1.4982333813193449E-002 -0.76285538473641867     
  -2.6476476476476476       -1.5839513767883336E-002 -0.77745659825762792     
  -2.6376376376376376       -1.7965129298328771E-002 -0.79320120432701091     
  -2.6276276276276276       -2.0546937133216300E-002 -0.80874148945394875     
  -2.6176176176176176       -2.2522464152441513E-002 -0.82741020293428524     
  -2.6076076076076076       -2.8446008134817010E-002 -0.84996647861942864     
  -2.5975975975975976       -4.5239486841101177E-002 -0.87484156843805005     
  -2.5875875875875876       -8.1553667652416534E-002 -0.87248460495643776     
  -2.5775775775775776       -5.8745856582181413E-002 -0.85070362244957010     
  -2.5675675675675675       -3.7332163851900323E-002 -0.87689711821911276     
  -2.5575575575575575       -3.1790353465145783E-002 -0.90726073971357990     
  -2.5475475475475475       -3.1265475559080845E-002 -0.93747884578075902     
  -2.5375375375375375       -3.2905150476908979E-002 -0.96887283271529601     
  -2.5275275275275275       -3.6099857822542797E-002  -1.0027424352008711     
  -2.5175175175175175       -4.1107687639946190E-002  -1.0404368030626496     
  -2.5075075075075075       -4.9145552742244913E-002  -1.0837468941296731     
  -2.4974974974974975       -6.3964176452163818E-002  -1.1353173936378191     
  -2.4874874874874875       -9.8918045270733945E-002  -1.1962701860082179     
  -2.4774774774774775      -0.18285785279425118       -1.2219761599876877     
  -2.4674674674674675      -0.16785483118692393       -1.1715921572233752     
  -2.4574574574574575      -0.12020417618549892       -1.2429816660583075     
  -2.4474474474474475      -0.12391941503452295       -1.3467357392204344     
  -2.4374374374374375      -0.16282650214528413       -1.4696582942761369     
  -2.4274274274274275      -0.26487842157771058       -1.6077435324508007     
  -2.4174174174174174      -0.43881534268494704       -1.6927296965967680     
  -2.4074074074074074      -0.61658515020956228       -1.7057657327936493     
  -2.3973973973973974      -0.76969765843215310       -1.6772839388751528     
  -2.3873873873873874      -0.89951302492786889       -1.6309847817317258     
  -2.3773773773773774       -1.0129560125243859       -1.5754737427151808     
  -2.3673673673673674       -1.1145296563687321       -1.5136137102772154     
  -2.3573573573573574       -1.2068593975528679       -1.4465494771924519     
  -2.3473473473473474       -1.2916556583866052       -1.3747264276008873     
  -2.3373373373373374       -1.3700294989282522       -1.2982032286927008     
  -2.3273273273273274       -1.4426808709306338       -1.2168095537604786     
  -2.3173173173173174       -1.5099812389233349       -1.1302265906228632     
  -2.3073073073073074       -1.5721350528612856       -1.0381056847814478     
  -2.2972972972972974       -1.6291806804597304      -0.93970464632837070     
  -2.2872872872872874       -1.6806922006483571      -0.83428898589419265     
  -2.2772772772772774       -1.7260939439965957      -0.72099819073001670     
  -2.2672672672672673       -1.7644495816245440      -0.59877238686036582     
  -2.2572572572572573       -1.7943548999940591      -0.46635109536509356     
  -2.2472472472472473       -1.8137412389714638      -0.32225485326098857     
  -2.2372372372372373       -1.8195673246793858      -0.16479097348742586     
  -2.2272272272272273       -1.8073099953515661        7.8789282943964294E-003
  -2.2172172172172173       -1.7700932807771064       0.19749598093538040     
  -2.2072072072072073       -1.6971361821698974       0.40496940542167142     
  -2.1971971971971973       -1.5708780934065592       0.62815298305714928     
  -2.1871871871871873       -1.3618126262924737       0.85446401406590478     
  -2.1771771771771773       -1.0253014995705283        1.0328663960187268     
  -2.1671671671671673      -0.58547976168967597        1.0054919684976582     
  -2.1571571571571573      -0.31090817373942686       0.77091525928240923     
  -2.1471471471471473      -0.19828700011655923       0.56311884436861948     
  -2.1371371371371373      -0.14350384515376718       0.40737165140210213     
  -2.1271271271271273      -0.11193733939586989       0.28622270663596650     
  -2.1171171171171173       -9.1706571375718929E-002  0.18780268453158488     
  -2.1071071071071072       -7.7819019754985772E-002  0.10501427826027801     
  -2.0970970970970972       -6.7834786088084784E-002   3.3428290281569864E-002
  -2.0870870870870872       -6.0426587918176330E-002  -2.9874888453973823E-002
  -2.0770770770770772       -5.4813731801382215E-002  -8.6916821380006420E-002
  -2.0670670670670672       -5.0509756604877935E-002 -0.13915830669873139     
  -2.0570570570570572       -4.7198622542938121E-002 -0.18769553711672865     
  -2.0470470470470472       -4.4668787833798504E-002 -0.23337973339996382     
  -2.0370370370370372       -4.2776336095350850E-002 -0.27689334161928486     
  -2.0270270270270272       -4.1415141724223163E-002 -0.31881085089286149     
  -2.0170170170170172       -4.0532644662084859E-002 -0.35963870776850548     
  -2.0070070070070072       -4.0134185232440917E-002 -0.39982589224111209     
  -1.9969969969969972       -4.0231359225609553E-002 -0.43976821019263607     
  -1.9869869869869872       -4.1098035973457972E-002 -0.47985962718835545     
  -1.9769769769769772       -4.3021486297109002E-002 -0.51936625262702818     
  -1.9669669669669672       -4.3237825603797443E-002 -0.55917777947948821     
  -1.9569569569569571       -4.4095479849383640E-002 -0.60193655611412089     
  -1.9469469469469471       -4.6094993476412126E-002 -0.64665063476862217     
  -1.9369369369369371       -4.9051040359269438E-002 -0.69383676383456694     
  -1.9269269269269271       -5.3216457854742848E-002 -0.74439156299709630     
  -1.9169169169169171       -5.9357774996392131E-002 -0.79953817863865517     
  -1.9069069069069071       -6.9771150749008914E-002 -0.86079497151011708     
  -1.8968968968968971       -9.1798417399193200E-002 -0.92555911724310846     
  -1.8868868868868871      -0.11068039668412383      -0.97141424952192468     
  -1.8768768768768771      -0.10634271167208344       -1.0476607567410663     
  -1.8668668668668671      -0.12181736998075450       -1.1518098567103641     
  -1.8568568568568571      -0.15925758984726188       -1.2795462549316627     
  -1.8468468468468471      -0.24280608038383242       -1.4397864384895755     
  -1.8368368368368371      -0.43204561914556555       -1.5898561747165334     
  -1.8268268268268271      -0.66757517502353969       -1.6237720546118499     
  -1.8168168168168171      -0.86103603109184512       -1.5878939551700055     
  -1.8068068068068071       -1.0158838175124054       -1.5273963782718865     
  -1.7967967967967970       -1.1448035970685191       -1.4574626099500807     
  -1.7867867867867866       -1.2549509247398296       -1.3814991420439955     
  -1.7767767767767766       -1.3501392925923215       -1.3020868329376363     
  -1.7667667667667666       -1.4333750378871164       -1.2204236039240661     
  -1.7567567567567566       -1.5067132100469431       -1.1371034163835954     
  -1.7467467467467466       -1.5717890981036615       -1.0522740746053503     
  -1.7367367367367366       -1.6295288551367744      -0.96586267293222372     
  -1.7267267267267266       -1.6806643205300531      -0.87784454934819689     
  -1.7167167167167166       -1.7257319410819378      -0.78807665858526998     
  -1.7067067067067065       -1.7650821385903166      -0.69635216664543764     
  -1.6966966966966965       -1.7989083017808956      -0.60241590735982165     
  -1.6866866866866865       -1.8272601276981615      -0.50596834607711605     
  -1.6766766766766765       -1.8500448477727169      -0.40666561556426173     
  -1.6666666666666665       -1.8670170479550758      -0.30411801469815264     
  -1.6566566566566565       -1.8777604069466440      -0.19789256831891822     
  -1.6466466466466465       -1.8816636913815690       -8.7491162023892816E-002
  -1.6366366366366365       -1.8778296018846681        2.7638104016134250E-002
  -1.6266266266266265       -1.8650283913382335       0.14808606968643009     
  -1.6166166166166165       -1.8415622520328170       0.27448481276918474     
  -1.6066066066066065       -1.8050691726684194       0.40746324637955100     
  -1.5965965965965965       -1.7522150004749535       0.54755145250330095     
  -1.5865865865865865       -1.6781829768587972       0.69495691104230339     
  -1.5765765765765765       -1.5757892022447362       0.84902052051389543     
  -1.5665665665665665       -1.4338794571232716        1.0067843638090634     
  -1.5565565565565564       -1.2344428383271002        1.1586870177569806     
  -1.5465465465465464      -0.94987708974908502        1.2731569163139733     
  -1.5365365365365364      -0.58064674871930178        1.2491722335304414     
  -1.5265265265265264      -0.31473741906478869        1.0362808554649541     
  -1.5165165165165164      -0.20285236689440189       0.82763924711790127     
  -1.5065065065065064      -0.14969117456261732       0.66665636558222141     
  -1.4964964964964964      -0.11950160766619741       0.53850439888801560     
  -1.4864864864864864      -0.10036880010318108       0.43187102218794327     
  -1.4764764764764764       -8.7415072741173855E-002  0.33989791271690806     
  -1.4664664664664664       -7.8299214520970772E-002  0.25826065190986752     
  -1.4564564564564564       -7.1767379199257408E-002  0.18405983543151097     
  -1.4464464464464464       -6.7096696981410839E-002  0.11523236733001756     
  -1.4364364364364364       -6.3851670194586582E-002   5.0224670315032797E-002
  -1.4264264264264264       -6.1767048332476295E-002  -1.2200954149466935E-002
  -1.4164164164164164       -6.0688227595532697E-002  -7.3089952660894172E-002
  -1.4064064064064064       -6.0540922853001840E-002 -0.13338190822678950     
  -1.3963963963963963       -6.1318036000749761E-002 -0.19397834686407894     
  -1.3863863863863863       -6.3079294712601389E-002 -0.25580379227381372     
  -1.3763763763763763       -6.5958851583447858E-002 -0.31986858329735773     
  -1.3663663663663663       -7.0192242958897658E-002 -0.38736595743399999     
  -1.3563563563563563       -7.6186026462183087E-002 -0.45976935079775649     
  -1.3463463463463463       -8.4607135184153484E-002 -0.53902272581482524     
  -1.3363363363363363       -9.6624309485484186E-002 -0.62784364666127124     
  -1.3263263263263263      -0.11443237755746043      -0.73027240146156480     
  -1.3163163163163163      -0.14265885574113585      -0.85269473411902652     
  -1.3063063063063063      -0.19275191148487472       -1.0054401591515338     
  -1.2962962962962963      -0.29887265994285744       -1.2009672742935156     
  -1.2862862862862863      -0.54494893451937521       -1.3900473496406618     
  -1.2762762762762763      -0.86429113272776226       -1.4143633188541147     
  -1.2662662662662663       -1.1154120814623512       -1.3321326221401502     
  -1.2562562562562563       -1.3025178417205707       -1.2172230943926066     
  -1.2462462462462462       -1.4453046876752906       -1.0928449978974066     
  -1.2362362362362362       -1.5565176958333498      -0.96675945605883562     
  -1.2262262262262262       -1.6440861619208862      -0.84186721775577089     
  -1.2162162162162162       -1.7131350620083290      -0.71955909176510646     
  -1.2062062062062062       -1.7679578096989328      -0.60007906304228376     
  -1.1961961961961962       -1.8105848591839127      -0.48286906020823850     
  -1.1861861861861862       -1.8427018832019153      -0.36802881672940480     
  -1.1761761761761762       -1.8656705136167298      -0.25533963330443116     
  -1.1661661661661662       -1.8804475106599143      -0.14451318085032339     
  -1.1561561561561562       -1.8876981219959754       -3.5254743391252612E-002
  -1.1461461461461462       -1.8878615082242025        7.2721763346277932E-002
  -1.1361361361361362       -1.8811886674849381       0.17968676316812437     
  -1.1261261261261262       -1.8677695195982584       0.28588651447545410     
  -1.1161161161161162       -1.8475466311230193       0.39156426159082769     
  -1.1061061061061062       -1.8202821904199280       0.49692951291747206     
  -1.0960960960960962       -1.7855854495891126       0.60215514706174611     
  -1.0860860860860861       -1.7428716025014273       0.70738044456127125     
  -1.0760760760760761       -1.6913187714574871       0.81268963338415456     
  -1.0660660660660661       -1.6298010815648343       0.91808288162709684     
  -1.0560560560560561       -1.5567811532585769        1.0234241513788229     
  -1.0460460460460461       -1.4701351317746261        1.1283418067834292     
  -1.0360360360360361       -1.3668570311120007        1.2320260257561193     
  -1.0260260260260261       -1.2425342119512055        1.3327753669273488     
  -1.0160160160160161       -1.0903765953585371        1.4268420486517379     
  -1.0060060060060061      -0.89952170280593802        1.5049278222666984     
 -0.99599599599599564      -0.65510672357529220        1.5393239492818354     
 -0.98598598598598564      -0.38210561924966763        1.4552305671498811     
 -0.97597597597597563      -0.21894248382584930        1.2718487291084846     
 -0.96596596596596562      -0.14910333068564491        1.1144533176957694     
 -0.95595595595595562      -0.11323599658492073       0.99230142786745201     
 -0.94594594594594561       -9.1564391305061971E-002  0.89396992004442999     
 -0.93593593593593560       -7.7091428199910175E-002  0.81182026895351556     
 -0.92592592592592560       -6.6785995092894554E-002  0.74118325265332197     
 -0.91591591591591559       -5.9124998688155364E-002  0.67906733432461797     
 -0.90590590590590558       -5.3258733871057382E-002  0.62344854705326458     
 -0.89589589589589558       -4.8675947533815690E-002  0.57289027115177116     
 -0.88588588588588557       -4.5051443838380646E-002  0.52632977605873432     
 -0.87587587587587556       -4.2169823300154147E-002  0.48295166088449260     
 -0.86586586586586556       -3.9884426513541293E-002  0.44210886110401443     
 -0.85585585585585555       -3.8093963126036232E-002  0.40327092601686571     
 -0.84584584584584555       -3.6728667375104232E-002  0.36598852777524166     
 -0.83583583583583554       -3.5741922389332395E-002  0.32986787070483747     
 -0.82582582582582553       -3.5105238091298459E-002  0.29455116129050546     
 -0.81581581581581553       -3.4805458764607479E-002  0.25970065000147458     
 -0.80580580580580552       -3.4843628059375568E-002  0.22498447941477520     
 -0.79579579579579551       -3.5235289224389531E-002  0.19006291621036403     
 -0.78578578578578551       -3.6012273333599118E-002  0.15457361717028989     
 -0.77577577577577550       -3.7226316004959230E-002  0.11811440581944907     
 -0.76576576576576549       -3.8955235627377079E-002   8.0221568379791761E-002
 -0.75575575575575549       -4.1313044652450157E-002   4.0340773932446207E-002
 -0.74574574574574548       -4.4466519085712385E-002  -2.2139139579308224E-003
 -0.73573573573573547       -4.8662993104663169E-002  -4.8320441037715135E-002
 -0.72572572572572547       -5.4278798252776483E-002  -9.9141640388366523E-002
 -0.71571571571571546       -6.1908131267430513E-002 -0.15627442476235681     
 -0.70570570570570545       -7.2537231943066119E-002 -0.22200100615142546     
 -0.69569569569569545       -8.7915879370688274E-002 -0.29973357042017879     
 -0.68568568568568544      -0.11143360894684476      -0.39484008128704995     
 -0.67567567567567544      -0.15053343150748513      -0.51625255025952077     
 -0.66566566566566543      -0.22476107147312654      -0.67884105479143098     
 -0.65565565565565542      -0.39611817181676529      -0.89489699131739175     
 -0.64564564564564542      -0.78196577544366475       -1.0420771591155198     
 -0.63563563563563541       -1.1964953107729939      -0.91387039477546905     
 -0.62562562562562540       -1.4659973675154663      -0.65850035803932117     
 -0.61561561561561540       -1.6209616649114698      -0.37840590368431559     
 -0.60560560560560539       -1.6966315374179906      -0.10269172615988625     
 -0.59559559559559538       -1.7140349517020350       0.16027924233078072     
 -0.58558558558558538       -1.6850900274336438       0.40825837996359271     
 -0.57557557557557537       -1.6160068558108944       0.64076836477285526     
 -0.56556556556556536       -1.5087244777470228       0.85731182801336170     
 -0.55555555555555536       -1.3613081888979246        1.0559597696672693     
 -0.54554554554554535       -1.1670687392594108        1.2309478706144690     
 -0.53553553553553535      -0.91289137670358378        1.3650190726616602     
 -0.52552552552552534      -0.59059677671150568        1.4019664667414025     
 -0.51551551551551533      -0.30909501258705563        1.2631848383100661     
 -0.50550550550550533      -0.18096907245464214        1.0860936860382246     
 -0.49549549549549532      -0.12350208117011555       0.95225250577135967     
 -0.48548548548548531       -9.2166945418025364E-002  0.85159378310089018     
 -0.47547547547547531       -7.2688161115090730E-002  0.77265633739281270     
 -0.46546546546546530       -5.9518645357626583E-002  0.70849600323766693     
 -0.45545545545545529       -5.0087257609226415E-002  0.65487618372919010     
 -0.44544544544544529       -4.3044028168428346E-002  0.60907799714877520     
 -0.43543543543543528       -3.7613641068192760E-002  0.56927086079538081     
 -0.42542542542542527       -3.3319922066943425E-002  0.53417168460472308     
 -0.41541541541541527       -2.9854827869058926E-002  0.50285075441838611     
 -0.40540540540540526       -2.7010657360909338E-002  0.47461554878913093     
 -0.39539539539539525       -2.4642552305124178E-002  0.44893809896892090     
 -0.38538538538538525       -2.2646600730670860E-002  0.42540783611321470     
 -0.37537537537537524       -2.0946467136598243E-002  0.40369998090908638     
 -0.36536536536536524       -1.9484917145208652E-002  0.38355375532766206     
 -0.35535535535535523       -1.8218270469889285E-002  0.36475699732184030     
 -0.34534534534534522       -1.7112669070712357E-002  0.34713506446804143     
 -0.33533533533533522       -1.6141505528992246E-002  0.33054267998901143     
 -0.32532532532532521       -1.5283613141728616E-002  0.31485784051912918     
 -0.31531531531531520       -1.4521968067443183E-002  0.29997719601715128     
 -0.30530530530530520       -1.3842742997837299E-002  0.28581249871859005     
 -0.29529529529529519       -1.3234606739985340E-002  0.27228784027004160     
 -0.28528528528528518       -1.2688198774431364E-002  0.25933747799116097     
 -0.27527527527527518       -1.2195730256949564E-002  0.24690410697352635     
 -0.26526526526526517       -1.1750677701152516E-002  0.23493747338210413     
 -0.25525525525525516       -1.1347545500060481E-002  0.22339325153193224     
 -0.24524524524524516       -1.0981680225875454E-002  0.21223212672353575     
 -0.23523523523523515       -1.0649124360200176E-002  0.20141903983557111     
 -0.22522522522522515       -1.0346500438237290E-002  0.19092255989311716     
 -0.21521521521521514       -1.0070918989511960E-002  0.18071435833497887     
 -0.20520520520520513       -9.8199054265237853E-003  0.17076876422714091     
 -0.19519519519519513       -9.5913423826035002E-003  0.16106238370750309     
 -0.18518518518518512       -9.3834250889953813E-003  0.15157376982393964     
 -0.17517517517517511       -9.1946283419754443E-003  0.14228313083338109     
 -0.16516516516516511       -9.0236845794566829E-003  0.13317206603198589     
 -0.15515515515515510       -8.8695737366115274E-003  0.12422331821696198     
 -0.14514514514514509       -8.7315271509101431E-003  0.11542053068224972     
 -0.13513513513513509       -8.6090503151042951E-003  0.10674799365974393     
 -0.12512512512512508       -8.5019736490585252E-003   9.8190359219787443E-002
 -0.11511511511511507       -8.4105485561105486E-003   8.9732292659350885E-002
 -0.10510510510510507       -8.3356219166825438E-003   8.1358007992714143E-002
  -9.5095095095095061E-002  -8.2789552035956761E-003   7.3050596384148792E-002
  -8.5085085085085055E-002  -8.2438275332550760E-003   6.4790980092484934E-002
  -7.5075075075075048E-002  -8.2362359953833120E-003   5.6556168004428635E-002
  -6.5065065065065042E-002  -8.2674578201106953E-003   4.8316153271489047E-002
  -5.5055055055055035E-002  -8.3600371801793444E-003   4.0028049881773317E-002
  -4.5045045045045029E-002  -8.5635065072202591E-003   3.1624460693414083E-002
  -3.5035035035035023E-002  -9.0024255103645350E-003   2.2990845998866159E-002
  -2.5025025025025016E-002  -1.0053546127326377E-002   1.3942965043735467E-002
  -1.5015015015015010E-002  -1.3071607294047360E-002   4.5922475397452232E-003
  -5.0050050050050032E-003  -1.9508697889324387E-002  -3.0672807817400647E-004
   5.0050050050050032E-003  -1.9516991661298669E-002   2.9736159125788190E-004
   1.5015015015015010E-002  -1.3078477299207492E-002  -4.5888281726848010E-003
   2.5025025025025016E-002  -1.0055860057719740E-002  -1.3939182905759425E-002
   3.5035035035035023E-002  -9.0033987523345637E-003  -2.2987864856289481E-002
   4.5045045045045029E-002  -8.5640234538877456E-003  -3.1622015799341957E-002
   5.5055055055055035E-002  -8.3603699366724196E-003  -4.0025960639243151E-002
   6.5065065065065042E-002  -8.2677089479356886E-003  -4.8314327974165981E-002
   7.5075075075075048E-002  -8.2364509224274966E-003  -5.6554562626829459E-002
   8.5085085085085055E-002  -8.2440291601619514E-003  -6.4789576094766321E-002
   9.5095095095095061E-002  -8.2791564562949595E-003  -7.3049389800910899E-002
  0.10510510510510507       -8.3358309255790516E-003  -8.1357003941295483E-002
  0.11511511511511507       -8.4107710260037816E-003  -8.9731502486384535E-002
  0.12512512512512508       -8.5022140428761463E-003  -9.8189798999855291E-002
  0.13513513513513509       -8.6093124946709804E-003 -0.10674768343078891     
  0.14514514514514509       -8.7318147534139710E-003 -0.11542049411082977     
  0.15515515515515510       -8.8698904170309064E-003 -0.12422358253494573     
  0.16516516516516511       -9.0240341841853547E-003 -0.13317266216165108     
  0.17517517517517511       -9.1950150486615184E-003 -0.14228409365837025     
  0.18518518518518512       -9.3838535329461969E-003 -0.15157513858673735     
  0.19519519519519513       -9.5918177828575556E-003 -0.16106420252868472     
  0.20520520520520513       -9.8204337212146157E-003 -0.17077108275182107     
  0.21521521521521514       -1.0071506988762089E-002 -0.18071723252017377     
  0.22522522522522515       -1.0347156002734451E-002 -0.19092605295747478     
  0.23523523523523515       -1.0649856614486163E-002 -0.20142322340114358     
  0.24524524524524516       -1.0982499817129754E-002 -0.21223708218882345     
  0.25525525525525516       -1.1348464915866918E-002 -0.22339907172713808     
  0.26526526526526517       -1.1751711663617451E-002 -0.23494426457239251     
  0.27527527527527518       -1.2196896215988710E-002 -0.24691199129548094     
  0.28528528528528518       -1.2689517530654858E-002 -0.25934659643315672     
  0.29529529529529519       -1.3236103238312862E-002 -0.27229835634155058     
  0.30530530530530520       -1.3844447348146856E-002 -0.28582460299993440     
  0.31531531531531520       -1.4523916870338429E-002 -0.29999111184510335     
  0.32532532532532521       -1.5285851229200420E-002 -0.31487383115269607     
  0.33533533533533522       -1.6144088276588319E-002 -0.33056105772519934     
  0.34534534534534522       -1.7115665508243408E-002 -0.34715620235701927     
  0.35535535535535523       -1.8221767525585672E-002 -0.36478134439232446     
  0.36536536536536524       -1.9489025527031877E-002 -0.38358185662030853     
  0.37537537537537524       -2.0951329624721213E-002 -0.40373250419987544     
  0.38538538538538525       -2.2652404099432918E-002 -0.42544560810966064     
  0.39539539539539525       -2.4649544844724952E-002 -0.44898215518446538     
  0.40540540540540526       -2.7019175284710019E-002 -0.47466720360771680     
  0.41541541541541527       -2.9865336282995529E-002 -0.50291170171415434     
  0.42542542542542527       -3.3333080715776585E-002 -0.53424414593652658     
  0.43543543543543528       -3.7630414138767498E-002 -0.56935781013029219     
  0.44544544544544529       -4.3065876661891371E-002 -0.60918351339275922     
  0.45545545545545529       -5.0116496640323263E-002 -0.65500602607603908     
  0.46546546546546530       -5.9559157859943090E-002 -0.70865859418894939     
  0.47547547547547531       -7.2746962121321423E-002 -0.77286452992752019     
  0.48548548548548531       -9.2258053211393007E-002 -0.85186818844616452     
  0.49549549549549532      -0.12365777346026302      -0.95262768082592775     
  0.50550550550550533      -0.18127981538157503       -1.0866239805446964     
  0.51551551551551533      -0.30984992565141567       -1.2638490996193845     
  0.52552552552552534      -0.59191874433734204       -1.4020931780371508     
  0.53553553553553535      -0.91404569465508756       -1.3645574244822081     
  0.54554554554554535       -1.1679765219198488       -1.2302338125816674     
  0.55555555555555536       -1.3620209028495265       -1.0550982244488047     
  0.56556556556556536       -1.5092693000840607      -0.85633414953810350     
  0.57557557557557537       -1.6163886670696124      -0.63968313978944447     
  0.58558558558558538       -1.6852958391218111      -0.40706607048314514     
  0.59559559559559538       -1.7140326828218340      -0.15897826725776720     
  0.60560560560560539       -1.6963639189952486       0.10409768728727568     
  0.61561561561561540       -1.6203323779580379       0.37989433818037799     
  0.62562562562562540       -1.4648444655628423       0.65998856049273835     
  0.63563563563563541       -1.1945693721509754       0.91506480230312626     
  0.64564564564564542      -0.77935403469303088        1.0420155842487104     
  0.65565565565565542      -0.39462182384984312       0.89357672849407965     
  0.66566566566566543      -0.22415960148489356       0.67775348989938555     
  0.67567567567567544      -0.15023708622617998       0.51545645963063147     
  0.68568568568568544      -0.11126172118732253       0.39423335325118786     
  0.69569569569569545       -8.7805146608794585E-002  0.29925109469154287     
  0.70570570570570545       -7.2460736551756666E-002  0.22160436242311021     
  0.71571571571571546       -6.1852564049693116E-002  0.15593980319698675     
  0.72572572572572547       -5.4236892522581265E-002   9.8853490407736472E-002
  0.73573573573573547       -4.8630463292959378E-002   4.8068139416337280E-002
  0.74574574574574548       -4.4440683272915713E-002   1.9899226685306587E-003
  0.75575575575575549       -4.1292144144251579E-002  -4.0541976515391480E-002
  0.76576576576576549       -3.8938072878101380E-002  -8.0404137322928906E-002
  0.77577577577577550       -3.7212050091572794E-002 -0.11828154138549306     
  0.78578578578578551       -3.6000298647267295E-002 -0.15472783525602113     
  0.79579579579579551       -3.5225160558469804E-002 -0.19020623166790177     
  0.80580580580580552       -3.4835012783139316E-002 -0.22511853389964256     
  0.81581581581581553       -3.4798105463089923E-002 -0.25982680352931881     
  0.82582582582582553       -3.5098955600265561E-002 -0.29467055954486698     
  0.83583583583583554       -3.5736565652769260E-002 -0.32998149592525505     
  0.84584584584584555       -3.6724127994772066E-002 -0.36609723852074300     
  0.85585585585585555       -3.8090163360081419E-002 -0.40337548957819153     
  0.86586586586586556       -3.9881316088744609E-002 -0.44220998147481277     
  0.87587587587587556       -4.2167378907361497E-002 -0.48305000482889821     
  0.88588588588588557       -4.5049671741825122E-002 -0.52642599989873118     
  0.89589589589589558       -4.8674890565171373E-002 -0.57298505155782886     
  0.90590590590590558       -5.3258485635952285E-002 -0.62354262070250854     
  0.91591591591591559       -5.9125731121163601E-002 -0.67916155460123140     
  0.92592592592592560       -6.6788013311805117E-002 -0.74127867844561501     
  0.93593593593593560       -7.7095287138681856E-002 -0.81191831526646807     
  0.94594594594594561       -9.1571169649234507E-002 -0.89407263176863050     
  0.95595595595595562      -0.11324803500777962      -0.99241199771602751     
  0.96596596596596562      -0.14912661898723031       -1.1145769358717696     
  0.97597597597597563      -0.21899587312783605       -1.2719911394225956     
  0.98598598598598564      -0.38223442809405145       -1.4553568640998089     
  0.99599599599599564      -0.65524583853401919       -1.5393561423393485     
   1.0060060060060056      -0.89961670093305723       -1.5049219075102360     
   1.0160160160160157       -1.0904388383665653       -1.4268284364896868     
   1.0260260260260257       -1.2425746673423734       -1.3327630598256508     
   1.0360360360360357       -1.3668827140072224       -1.2320179323300078     
   1.0460460460460457       -1.4701506230485961       -1.1283387966431289     
   1.0560560560560557       -1.5567895842539441       -1.0234262999045500     
   1.0660660660660657       -1.6298046768828836      -0.91808992827950786     
   1.0760760760760757       -1.6913191588884093      -0.81270117349391591     
   1.0860860860860857       -1.7428699998334276      -0.70739601628012660     
   1.0960960960960957       -1.7855827828322588      -0.60217427226225206     
   1.1061061061061057       -1.8202791716803277      -0.49695171611848704     
   1.1161161161161157       -1.8475438117227296      -0.39158907730482745     
   1.1261261261261257       -1.8677673229864908      -0.28591348615130202     
   1.1361361361361357       -1.8811874168938754      -0.17971545618301701     
   1.1461461461461457       -1.8878614505598306       -7.2751739646116712E-002
   1.1561561561561557       -1.8876994254392316        3.5223917654288978E-002
   1.1661661661661658       -1.8804502760579749       0.14448194186272106     
   1.1761761761761758       -1.8656747732140142       0.25530842709587254     
   1.1861861861861858       -1.8427075932806267       0.36799810648008097     
   1.1961961961961958       -1.8105918847474685       0.48283933655827788     
   1.2062062062062058       -1.7679658776322660       0.60005088762814185     
   1.2162162162162158       -1.7131433199504922       0.71953283304400417     
   1.2262262262262258       -1.6440949662577586       0.84184280442657611     
   1.2362362362362358       -1.5565260924578588       0.96673829363282648     
   1.2462462462462458       -1.4453110318816920        1.0928275146540936     
   1.2562562562562558       -1.3025198926800099        1.2172093472102314     
   1.2662662662662658       -1.1154062861017253        1.3321215470040451     
   1.2762762762762758      -0.86427227191899014        1.4143496917269325     
   1.2862862862862858      -0.54491981494204988        1.3900141982655341     
   1.2962962962962958      -0.29886060249922003        1.2009200088128111     
   1.3063063063063058      -0.19274644900557053        1.0053976948423573     
   1.3163163163163158      -0.14265623351818915       0.85265243305229566     
   1.3263263263263259      -0.11443145814156225       0.73023095490821444     
   1.3363363363363359       -9.6624181636489781E-002  0.62780248524781990     
   1.3463463463463459       -8.4607472548319712E-002  0.53898137151403891     
   1.3563563563563559       -7.6186695408768823E-002  0.45972745574921309     
   1.3663663663663659       -7.0193188041414570E-002  0.38732324484257097     
   1.3763763763763759       -6.5960049374588714E-002  0.31982480357454063     
   1.3863863863863859       -6.3080746803407542E-002  0.25575868956729320     
   1.3963963963963959       -6.1319770720513617E-002  0.19393165976060997     
   1.4064064064064059       -6.0542979388117972E-002  0.13333334390172644     
   1.4164164164164168       -6.0690665756921919E-002   7.3039168751329736E-002
   1.4264264264264268       -6.1769954285783094E-002   1.2147538431740374E-002
   1.4364364364364368       -6.3855167149435940E-002  -5.0281228949391001E-002
   1.4464464464464468       -6.7100963821815338E-002 -0.11529272090224220     
   1.4564564564564568       -7.1772683251099562E-002 -0.18412484081581826     
   1.4664664664664668       -7.8305971874970501E-002 -0.25833147290033470     
   1.4764764764764768       -8.7423966886165466E-002 -0.33997619129863493     
   1.4864864864864868      -0.10038103635592102      -0.43195918172908682     
   1.4964964964964969      -0.11951952423610637      -0.53860620952359395     
   1.5065065065065069      -0.14971994694552218      -0.66677801659924940     
   1.5165165165165169      -0.20290576768564636      -0.82779087543628482     
   1.5265265265265269      -0.31486006067462502       -1.0364690217299766     
   1.5365365365365369      -0.58090940491808163       -1.2492929277610101     
   1.5465465465465469      -0.95011493243160028       -1.2731224525677494     
   1.5565565565565569       -1.2346036484782907       -1.1586060157566340     
   1.5665665665665669       -1.4339877161784089       -1.0066981089559424     
   1.5765765765765769       -1.5758632568716415      -0.84894058560247498     
   1.5865865865865869       -1.6782341430719199      -0.69488654108813008     
   1.5965965965965969       -1.7522504708631559      -0.54749120069873813     
   1.6066066066066069       -1.8050937271810601      -0.40741271999822648     
   1.6166166166166169       -1.8415791943711157      -0.27444329851789201     
   1.6266266266266269       -1.8650400819706667      -0.14805277762618685     
   1.6366366366366369       -1.8778377767392114       -2.7612265190291321E-002
   1.6466466466466469       -1.8816696610570642        8.7510258501812224E-002
   1.6566566566566570       -1.8777651874668075       0.19790556427235204     
   1.6666666666666670       -1.8670214456317713       0.30412548718837185     
   1.6766766766766770       -1.8500495204056890       0.40666807655521042     
   1.6866866866866870       -1.8272656297553476       0.50596625455030486     
   1.6966966966966970       -1.7989151150506193       0.60240967686019442     
   1.7067067067067070       -1.7650906969017119       0.69634217353728711     
   1.7167167167167170       -1.7257426502537156       0.78806325022048340     
   1.7267267267267270       -1.6806775732241450       0.87782805279722698     
   1.7367367367367370       -1.6295450389920680       0.96584339713094858     
   1.7467467467467470       -1.5718086017027217        1.0522522600799196     
   1.7567567567567570       -1.5067368795987424        1.1370791659090702     
   1.7667667667667670       -1.4334032495934208        1.2203981572725098     
   1.7767767767767770       -1.3501723907957341        1.3020600495716965     
   1.7867867867867870       -1.2549899340710982        1.3814715924766887     
   1.7967967967967970       -1.1448495403372245        1.4574352282010545     
   1.8068068068068071       -1.0159377436416801        1.5273694397266047     
   1.8168168168168171      -0.86110320718289579        1.5878707709406568     
   1.8268268268268271      -0.66765738499535721        1.6237615902048068     
   1.8368368368368371      -0.43213407821529454        1.5898786385438715     
   1.8468468468468471      -0.24285855292633357        1.4398267587634479     
   1.8568568568568571      -0.15929293331911676        1.2795654308276168     
   1.8668668668668671      -0.12186388641857983        1.1518036406483660     
   1.8768768768768771      -0.10645191370069995        1.0476420519942966     
   1.8868868868868871      -0.11085286929783512       0.97159096906949161     
   1.8968968968968971       -9.1707748154579979E-002  0.92566025772050975     
   1.9069069069069071       -6.9742072665778990E-002  0.86081360561965337     
   1.9169169169169171       -5.9351381156589174E-002  0.79955390387395975     
   1.9269269269269271       -5.3216118101916808E-002  0.74440688626646245     
   1.9369369369369371       -4.9052702451551307E-002  0.69385053225244553     
   1.9469469469469471       -4.6097700657803914E-002  0.64666212994922678     
   1.9569569569569571       -4.4099725376059586E-002  0.60194543590781457     
   1.9669669669669672       -4.3246399942868427E-002  0.55918660342015125     
   1.9769769769769772       -4.3020624298655039E-002  0.51938233782601106     
   1.9869869869869872       -4.1095779308945479E-002  0.47986212855671567     
   1.9969969969969972       -4.0232050698257117E-002  0.43976757196810562     
   2.0070070070070072       -4.0136054595133849E-002  0.39982189719352562     
   2.0170170170170172       -4.0536006224778827E-002  0.35963319189327347     
   2.0270270270270272       -4.1418098374197097E-002  0.31880260006098471     
   2.0370370370370372       -4.2779696301592528E-002  0.27688092148073568     
   2.0470470470470472       -4.4673060298577059E-002  0.23336375958335442     
   2.0570570570570572       -4.7203519187758308E-002  0.18767518305963254     
   2.0670670670670672       -5.0515542301063164E-002  0.13913273842065213     
   2.0770770770770772       -5.4820738977118290E-002   8.6885014431313662E-002
   2.0870870870870872       -6.0435290444199527E-002   2.9835461951531778E-002
   2.0970970970970972       -6.7845910151169267E-002  -3.3477258307630174E-002
   2.1071071071071072       -7.7833747086035215E-002 -0.10507556404907786     
   2.1171171171171173       -9.1727032242665082E-002 -0.18788042469699320     
   2.1271271271271273      -0.11196748771492809      -0.28632331464989175     
   2.1371371371371373      -0.14355227398318143      -0.40750582925346518     
   2.1471471471471473      -0.19837583190962105      -0.56330451990058739     
   2.1571571571571573      -0.31110742264987390      -0.77117158059125568     
   2.1671671671671673      -0.58595340485563074       -1.0056826286088525     
   2.1771771771771773       -1.0257950973707641       -1.0327126096448664     
   2.1871871871871873       -1.3621348733152250      -0.85418245966285555     
   2.1971971971971973       -1.5710777690143563      -0.62785351370223896     
   2.2072072072072073       -1.6972560212519217      -0.40468139779127738     
   2.2172172172172173       -1.7701591549081652      -0.19722705200330276     
   2.2272272272272273       -1.8073378043568196       -7.6301469900683762E-003
   2.2372372372372373       -1.8195672545827313       0.16502065300165905     
   2.2472472472472473       -1.8137200549996462       0.32246710433322279     
   2.2572572572572573       -1.7943172172755648       0.46654767990896395     
   2.2672672672672673       -1.7643986014552315       0.59895495906413687     
   2.2772772772772774       -1.7260318973638435       0.72116823300925115     
   2.2872872872872874       -1.6806206256381722       0.83444779942645997     
   2.2972972972972974       -1.6291006020144347       0.93985324592421404     
   2.3073073073073074       -1.5720470591950146        1.0382459726637123     
   2.3173173173173174       -1.5098847513186011        1.1303571323304957     
   2.3273273273273274       -1.4425775581900719        1.2169327803244436     
   2.3373373373373374       -1.3699177520918431        1.2983195007934976     
   2.3473473473473474       -1.2915346366016427        1.3748359304538242     
   2.3573573573573574       -1.2067276632963806        1.4466523972312526     
   2.3673673673673674       -1.1143849743202594        1.5137104920167348     
   2.3773773773773774       -1.0127909194659790        1.5755671559026938     
   2.3873873873873874      -0.89931388752779273        1.6310490002897586     
   2.3973973973973974      -0.76948776948326170        1.6773302738248441     
   2.4074074074074074      -0.61633066047886031        1.7057885027088737     
   2.4174174174174174      -0.43846708838410886        1.6926814098235454     
   2.4274274274274275      -0.26461496643071714        1.6073786639681451     
   2.4374374374374375      -0.16279258422871837        1.4693320963141716     
   2.4474474474474475      -0.12398282021376175        1.3464386016310963     
   2.4574574574574575      -0.12046853154197387        1.2426598872217594     
   2.4674674674674675      -0.16861111872711412        1.1717487941742712     
   2.4774774774774775      -0.18240535350976908        1.2226513532794667     
   2.4874874874874875       -9.8604834850596346E-002   1.1961606953325703     
   2.4974974974974975       -6.3861290485013669E-002   1.1351976454379422     
   2.5075075075075075       -4.9102446577100931E-002   1.0836588656049420     
   2.5175175175175175       -4.1086223882000769E-002   1.0403707643491389     
   2.5275275275275275       -3.6087529918022720E-002   1.0026901442125429     
   2.5375375375375375       -3.2897507006442117E-002  0.96882938290833798     
   2.5475475475475475       -3.1260905582000349E-002  0.93744120103707729     
   2.5575575575575575       -3.1788973412075129E-002  0.90722671379655684     
   2.5675675675675675       -3.7337323548333155E-002  0.87686575061002314     
   2.5775775775775776       -5.8765458489192263E-002  0.85068664567945518     
   2.5875875875875876       -8.1538373838664940E-002  0.87249948945700151     
   2.5975975975975976       -4.5220571173498425E-002  0.87482150090985544     
   2.6076076076076076       -2.8436984393544629E-002  0.84994717270927334     
   2.6176176176176176       -2.2512308632791758E-002  0.82739428232990053     
   2.6276276276276276       -2.0531420345652113E-002  0.80871262048136894     
   2.6376376376376376       -1.7976380909995333E-002  0.79318011988630188     
   2.6476476476476476       -1.5842609140764484E-002  0.77744660349024564     
   2.6576576576576576       -1.4981668796573085E-002  0.76284653801485758     
   2.6676676676676676       -1.4258266542649372E-002  0.75026065632018779     
   2.6776776776776776       -1.2769355444940851E-002  0.73783818972758619     
   2.6876876876876876       -1.1821446936979382E-002  0.72575339821485263     
   2.6976976976976976       -1.1130350225211878E-002  0.71433865047258205     
   2.7077077077077076       -1.0557825189584504E-002  0.70352175425619667     
   2.7177177177177176       -1.0058255840342702E-002  0.69322898912992237     
   2.7277277277277276       -9.6116236451165606E-003  0.68340377986097223     
   2.7377377377377377       -9.2066387291113074E-003  0.67400149921201635     
   2.7477477477477477       -8.8359211888060438E-003  0.66498472326092273     
   2.7577577577577577       -8.4947687553852454E-003  0.65632217328657483     
   2.7677677677677677       -8.1792874487837328E-003  0.64798682421463283     
   2.7777777777777777       -7.8864464637503611E-003  0.63995481555375955     
   2.7877877877877877       -7.6138256238655107E-003  0.63220491194915063     
   2.7977977977977977       -7.3594522250130098E-003  0.62471802465655424     
   2.8078078078078077       -7.1217060707108211E-003  0.61747683240793882     
   2.8178178178178177       -6.8992629215877373E-003  0.61046547010925634     
   2.8278278278278277       -6.6910656628560760E-003  0.60366925784176928     
   2.8378378378378377       -6.4963214016587924E-003  0.59707444654183250     
   2.8478478478478477       -6.3145304163121233E-003  0.59066795521657334     
   2.8578578578578577       -6.1455645704029584E-003  0.58443706593209954     
   2.8678678678678677       -5.9898373389891983E-003  0.57836902244164001     
   2.8778778778778777       -5.8486711868507230E-003  0.57245043784767502     
   2.8878878878878878       -5.7251680868251565E-003  0.56666638301025207     
   2.8978978978978978       -5.6261583322987615E-003  0.56099969628518609     
   2.9079079079079078       -5.5609088906140780E-003  0.55542781969898425     
   2.9179179179179178       -5.5620163591564168E-003  0.54990662575479665     
   2.9279279279279278       -5.7250273813560341E-003  0.54437994725593131     
   2.9379379379379378       -6.3428653611526421E-003  0.53882430416514437     
   2.9479479479479478       -8.2530185881154201E-003  0.53381688060422627     
   2.9579579579579578       -9.3816702013736104E-003  0.53260453339126002     
   2.9679679679679678       -6.5884975228348488E-003  0.52902158796824572     
   2.9779779779779778       -5.4061148643627741E-003  0.52380065145827281     
   2.9879879879879878       -4.9484356201155624E-003  0.51879662802169768     
   2.9979979979979978       -4.7212182140010340E-003  0.51401893060905779     
   3.0080080080080087       -4.5940219042595251E-003  0.50938898150736434     
   3.0180180180180187       -4.5337476942934815E-003  0.50484950631300218     
   3.0280280280280287       -4.5549707858891265E-003  0.50035650922253494     
   3.0380380380380387       -4.7136451399868544E-003  0.49593864299452378     
   3.0480480480480487       -4.8331050538190116E-003  0.49155975718992700     
   3.0580580580580587       -5.2545469293427951E-003  0.48689366240227860     
   3.0680680680680688       -6.4359737118049754E-003  0.48249153877225243     
   3.0780780780780788       -7.3283762901421717E-003  0.47828363866657625     
   3.0880880880880888       -1.0573592475736721E-002  0.47301539255645592     
   3.0980980980980988       -1.7931435752417093E-002  0.47507141145876636     
   3.1081081081081088       -1.1442347448033536E-002  0.47966893193230098     
   3.1181181181181188       -6.6760496348839985E-003  0.47477594260588107     
   3.1281281281281288       -5.0971237507805578E-003  0.46970086811782724     
   3.1381381381381388       -4.4800023532967767E-003  0.46515537711853072     
   3.1481481481481488       -4.2403942348586028E-003  0.46090991759629840     
   3.1581581581581588       -4.2483414608690271E-003  0.45677421017910297     
   3.1681681681681688       -4.6043190608671654E-003  0.45258680530304946     
   3.1781781781781788       -5.8965592434566602E-003  0.44835114022297679     
   3.1881881881881888       -8.8250860608189256E-003  0.44647272165763457     
   3.1981981981981988       -7.0329825254438249E-003  0.44603257888854664     
   3.2082082082082088       -5.8633482361253901E-003  0.44162115760094989     
   3.2182182182182189       -7.2517114510045185E-003  0.43688223902560042     
   3.2282282282282289       -1.1003174948587305E-002  0.43560464956214567     
   3.2382382382382389       -9.2092128715880912E-003  0.43517844948720952     
   3.2482482482482489       -1.0947342123012075E-002  0.43111350860310510     
   3.2582582582582589       -1.3530120846118997E-002  0.43443746514910669     
   3.2682682682682689       -8.0082343498419986E-003  0.43409758888812316     
   3.2782782782782789       -5.6820702780996995E-003  0.43063563118163195     
   3.2882882882882889       -4.1698574398724986E-003  0.42702776979099544     
   3.2982982982982989       -3.5345014659021894E-003  0.42348034553101332     
   3.3083083083083089       -3.3154522104195398E-003  0.42021367370719570     
   3.3183183183183189       -3.4377766670910461E-003  0.41726773134570100     
   3.3283283283283289       -3.3769282661308140E-003  0.41482575328332971     
   3.3383383383383389       -3.3476548202699768E-003  0.41222128468659036     
   3.3483483483483489       -3.2599352761561616E-003  0.41003697848069176     
   3.3583583583583589       -2.8147944534840630E-003  0.40765979161883659     
   3.3683683683683689       -2.5734794520243702E-003  0.40509798817041298     
   3.3783783783783790       -2.4556630325994581E-003  0.40261265542889252     
   3.3883883883883890       -2.3798826261181979E-003  0.40020392935950660     
   3.3983983983983990       -2.3224533122278130E-003  0.39785596881889967     
   3.4084084084084090       -2.2750173410550070E-003  0.39555821748028036     
   3.4184184184184190       -2.2339644664009523E-003  0.39330369992018349     
   3.4284284284284290       -2.1974989535518785E-003  0.39108743132013013     
   3.4384384384384390       -2.1646506000039490E-003  0.38890555291373985     
   3.4484484484484490       -2.1348873377033794E-003  0.38675485183497577     
   3.4584584584584590       -2.1079499778553341E-003  0.38463246600147383     
   3.4684684684684690       -2.0837847839909216E-003  0.38253567432544761     
   3.4784784784784790       -2.0625307975568204E-003  0.38046171695694125     
   3.4884884884884890       -2.0445515125198277E-003  0.37840760610392177     
   3.4984984984984990       -2.0305211863749862E-003  0.37636988682816119     
   3.5085085085085090       -2.0216017533832373E-003  0.37434428976666340     
   3.5185185185185190       -2.0197970892598255E-003  0.37232517452175662     
   3.5285285285285291       -2.0286949057712108E-003  0.37030456682417895     
   3.5385385385385391       -2.0551477966546396E-003  0.36827037998797185     
   3.5485485485485491       -2.1135150461697484E-003  0.36620294148845461     
   3.5585585585585591       -2.2379860942709552E-003  0.36406809965253872     
   3.5685685685685691       -2.5254379852695068E-003  0.36180661683434773     
   3.5785785785785791       -3.3136504625459477E-003  0.35937453418102455     
   3.5885885885885891       -5.5601361566837808E-003  0.35772056003462499     
   3.5985985985985991       -5.8073689026897496E-003  0.35923979984266774     
   3.6086086086086091       -4.1244151769883304E-003  0.35760099431171727     
   3.6186186186186191       -4.0882045476182622E-003  0.35601947642107767     
   3.6286286286286291       -3.5606547363006814E-003  0.35444010369531509     
   3.6386386386386391       -3.0449941584626151E-003  0.35297093215511566     
   3.6486486486486491       -2.4884560812738097E-003  0.35082710148240359     
   3.6586586586586591       -2.4160717182571982E-003  0.34855483872620946     
   3.6686686686686691       -2.7381339402111262E-003  0.34624625695298239     
   3.6786786786786791       -3.9119314301634444E-003  0.34422165643879710     
   3.6886886886886892       -4.4798334186999036E-003  0.34406086000819525     
   3.6986986986986992       -3.7551501066864805E-003  0.34211764794923710     
   3.7087087087087092       -5.1336327450875532E-003  0.33961737718595503     
   3.7187187187187192       -7.6979481035427764E-003  0.34102623314545427     
   3.7287287287287292       -4.5350511802382957E-003  0.34184640049012932     
   3.7387387387387392       -2.8544299799759519E-003  0.33948770538248191     
   3.7487487487487492       -2.3039835401309590E-003  0.33719133291270570     
   3.7587587587587592       -2.1170946469274490E-003  0.33508144124671840     
   3.7687687687687692       -2.1183653001530310E-003  0.33304037108282264     
   3.7787787787787792       -2.3502768080461522E-003  0.33096346957399109     
   3.7887887887887892       -3.1906173958432243E-003  0.32887352472283066     
   3.7987987987987992       -4.9509287097383335E-003  0.32840451740944210     
   3.8088088088088092       -3.6418929944984435E-003  0.32856047171355834     
   3.8188188188188192       -2.7790312693471799E-003  0.32645340732417910     
   3.8288288288288292       -2.7704390177778469E-003  0.32422582215097717     
   3.8388388388388393       -3.4315947598937205E-003  0.32172656948093548     
   3.8488488488488493       -6.0216589295554882E-003  0.31937327698576201     
   3.8588588588588593       -9.8529444209522702E-003  0.32252017371977409     
   3.8688688688688693       -5.4825712374424740E-003  0.32461901167772678     
   3.8788788788788793       -3.3090225751900627E-003  0.32218785755242302     
   3.8888888888888893       -3.0254752130414015E-003  0.32002283038602469     
   3.8988988988988993       -2.7422844981915546E-003  0.31893390084085466     
   3.9089089089089093       -2.1130433345265703E-003  0.31724785106168663     
   3.9189189189189193       -2.0227976501202847E-003  0.31543437690380705     
   3.9289289289289293       -2.4728974718217973E-003  0.31390811591971995     
   3.9389389389389393       -2.5612761400360764E-003  0.31343463588694043     
   3.9489489489489493       -1.8370565304095894E-003  0.31222391245387726     
   3.9589589589589593       -1.5486532163897949E-003  0.31070718488588572     
   3.9689689689689693       -1.4382371645341764E-003  0.30925830622605927     
   3.9789789789789793       -1.3964215447577805E-003  0.30786287094661341     
   3.9889889889889893       -1.4102040217223429E-003  0.30649066342027675     
   3.9989989989989994       -1.5407217506473061E-003  0.30513234620020024     
   4.0090090090090094       -1.8985681147193291E-003  0.30404690974923804     
   4.0190190190190194       -1.7942486717232172E-003  0.30331004837660830     
   4.0290290290290294       -1.4572806577283230E-003  0.30221209854684117     
   4.0390390390390394       -1.2921043137944280E-003  0.30094518588930053     
   4.0490490490490494       -1.2242672852243053E-003  0.29971039901385088     
   4.0590590590590594       -1.1878284760616913E-003  0.29851139935067533     
   4.0690690690690694       -1.1639792425406936E-003  0.29733796888858732     
   4.0790790790790794       -1.1463865577661454E-003  0.29618360668117283     
   4.0890890890890894       -1.1325007558722943E-003  0.29504428686787232     
   4.0990990990990994       -1.1211790088165639E-003  0.29391725937287083     
   4.1091091091091094       -1.1119105973331532E-003  0.29280040570214422     
   4.1191191191191194       -1.1045402154032879E-003  0.29169187349184067     
   4.1291291291291294       -1.0991905344454229E-003  0.29058982192945659     
   4.1391391391391394       -1.0963153843050934E-003  0.28949217706099889     
   4.1491491491491495       -1.0969412928489332E-003  0.28839630232586244     
   4.1591591591591595       -1.1033926248582250E-003  0.28729844468844173     
   4.1691691691691695       -1.1216923802703732E-003  0.28619281432439936     
   4.1791791791791795       -1.1711423765799619E-003  0.28507207325351969     
   4.1891891891891895       -1.3184821477997953E-003  0.28396583424588817     
   4.1991991991991995       -1.4449308461197703E-003  0.28311736604683141     
   4.2092092092092095       -1.2805692198802768E-003  0.28208861294471910     
   4.2192192192192195       -1.2557169733418280E-003  0.28089164597021948     
   4.2292292292292295       -1.3360184948397926E-003  0.27964251895225939     
   4.2392392392392395       -1.5682687197210953E-003  0.27830146457791805     
   4.2492492492492495       -2.2389497616139170E-003  0.27689142113420645     
   4.2592592592592595       -3.5558037946072808E-003  0.27650682169178054     
   4.2692692692692695       -3.2655841825563153E-003  0.27631276376238884     
   4.2792792792792795       -3.9421807857374803E-003  0.27577368215548631     
   4.2892892892892895       -3.7945272459031080E-003  0.27583668653166599     
   4.2992992992992995       -2.8694662506169749E-003  0.27593313648605405     
   4.3093093093093096       -1.8428726230837018E-003  0.27461694012805926     
   4.3193193193193196       -1.5299924181645496E-003  0.27314526477576628     
   4.3293293293293296       -1.5136137178272907E-003  0.27173511938883971     
   4.3393393393393396       -1.8080563503334464E-003  0.27033573623792939     
   4.3493493493493496       -2.6693982382978614E-003  0.26944917031000010     
   4.3593593593593596       -2.4329655932151585E-003  0.26923258324726829     
   4.3693693693693696       -2.3482387843267406E-003  0.26774917399652187     
   4.3793793793793796       -3.7451655362259429E-003  0.26648059875729108     
   4.3893893893893896       -4.6144404083789939E-003  0.26825490756764275     
   4.3993993993993996       -2.5509987801268894E-003  0.26798921287355770     
   4.4094094094094096       -1.7698624312843419E-003  0.26658440737696532     
   4.4194194194194196       -1.4739032353086828E-003  0.26519930330443242     
   4.4294294294294296       -1.4541285896571626E-003  0.26384183624495428     
   4.4394394394394396       -1.7112595060763771E-003  0.26244395229887313     
   4.4494494494494496       -2.6720578799246247E-003  0.26105635549535716     
   4.4594594594594597       -4.6191109665696221E-003  0.26164084024853035     
   4.4694694694694697       -2.9392223334969007E-003  0.26286159272901688     
   4.4794794794794797       -1.7185905207548588E-003  0.26161265983429122     
   4.4894894894894897       -1.3352376472131227E-003  0.26030433087705013     
   4.4994994994994997       -1.2355182717667789E-003  0.25910978461538670     
   4.5095095095095097       -1.3510140545222810E-003  0.25797053154464950     
   4.5195195195195197       -1.8517764719425827E-003  0.25713375158702673     
   4.5295295295295297       -1.7961943097648441E-003  0.25695546826350052     
   4.5395395395395397       -1.4422426459271491E-003  0.25630756951286343     
   4.5495495495495497       -1.1128278526628115E-003  0.25540364991753772     
   4.5595595595595597       -9.9193492950482975E-004  0.25442842412961486     
   4.5695695695695697       -9.6942094443086329E-004  0.25348168646921670     
   4.5795795795795797       -1.0363488378867700E-003  0.25254194795287127     
   4.5895895895895897       -1.3191095870493509E-003  0.25167829005136155     
   4.5995995995995997       -1.5004032333248288E-003  0.25139034697618956     
   4.6096096096096097       -1.1236867306153176E-003  0.25071986702906773     
   4.6196196196196198       -1.0573398734369818E-003  0.24981884337273064     
   4.6296296296296298       -1.1652818041735977E-003  0.24914216623972377     
   4.6396396396396398       -9.7661044700701879E-004  0.24850131952856494     
   4.6496496496496498       -8.7282529681614873E-004  0.24767145941761221     
   4.6596596596596598       -8.7295698239173516E-004  0.24684810485107328     
   4.6696696696696698       -9.7781810502264063E-004  0.24611271356457792     
   4.6796796796796798       -9.2355057937398236E-004  0.24554676879162549     
   4.6896896896896898       -8.0496549434924344E-004  0.24480252951248832     
   4.6996996996996998       -7.6103124725251416E-004  0.24404072237810204     
   4.7097097097097098       -7.4132314824543351E-004  0.24329497759848318     
   4.7197197197197198       -7.3069078623871789E-004  0.24256095726918911     
   4.7297297297297298       -7.2520367562594224E-004  0.24183426688761842     
   4.7397397397397398       -7.2475091069062060E-004  0.24111119107916110     
   4.7497497497497498       -7.3300862095718677E-004  0.24038753600907245     
   4.7597597597597598       -7.6473700631380975E-004  0.23965929565761801     
   4.7697697697697699       -8.7087523681482406E-004  0.23895923862975418     
   4.7797797797797799       -9.1940588148758408E-004  0.23846252851417607     
   4.7897897897897899       -7.7978397872714527E-004  0.23781757815904975     
   4.7997997997997999       -7.2713712789015180E-004  0.23709919879109728     
   4.8098098098098099       -7.0956571445985391E-004  0.23638901357121503     
   4.8198198198198199       -7.0456966639242025E-004  0.23568507833228547     
   4.8298298298298299       -7.0715954744401412E-004  0.23498163804143635     
   4.8398398398398399       -7.1818759223602683E-004  0.23427279047840333     
   4.8498498498498499       -7.4431655872012200E-004  0.23355075602346612     
   4.8598598598598599       -8.0851287904497163E-004  0.23280555873566802     
   4.8698698698698699       -9.8942957631832011E-004  0.23206631912517620     
   4.8798798798798799       -1.1748177818248855E-003  0.23158697276497495     
   4.8898898898898899       -1.1724460142331890E-003  0.23091046337751234     
   4.8998998998998999       -1.4957843491427880E-003  0.23044159686009555     
   4.9099099099099099       -1.2077536266915463E-003  0.23008534667654654     
   4.9199199199199199       -1.0839196888839254E-003  0.22921186217962652     
   4.9299299299299300       -1.3414510203063309E-003  0.22833244780875941     
   4.9399399399399400       -1.6926884374701781E-003  0.22791582109608588     
   4.9499499499499500       -1.8946961388379550E-003  0.22722480121588395     
   4.9599599599599600       -2.5324891103779331E-003  0.22720875313549888     
   4.9699699699699700       -2.1681620626452357E-003  0.22761370551506402     
   4.9799799799799800       -1.2983663012097382E-003  0.22700628203126766     
   4.9899899899899900       -9.8859556385997227E-004  0.22607196426236195     
   5.0000000000000000       -9.0666530423048344E-004  0.22518856130665887     
