  -5.0000000000000000       -9.8183708827711993E-004 -0.22632104276452092     
  -4.9899899899899900       -1.2596608807612733E-003 -0.22726440629065897     
  -4.9799799799799800       -2.0943771212949395E-003 -0.22799790536243211     
  -4.9699699699699700       -2.6576974664039152E-003 -0.22753372713609940     
  -4.9599599599599600       -1.9519325274274853E-003 -0.22754180798741327     
  -4.9499499499499500       -1.8074955742747843E-003 -0.22816992331377731     
  -4.9399399399399400       -1.3629107415238418E-003 -0.22857663248641252     
  -4.9299299299299300       -1.0902116350625564E-003 -0.22948740554601843     
  -4.9199199199199199       -1.1819333189211890E-003 -0.23040636078312329     
  -4.9099099099099099       -1.6021744261422784E-003 -0.23092431422791959     
  -4.8998998998998999       -1.4335393620992553E-003 -0.23117698200223127     
  -4.8898898898898899       -1.2652182146765548E-003 -0.23161851596152069     
  -4.8798798798798799       -9.3145406580733611E-004 -0.23229086562177523     
  -4.8698698698698699       -7.9793458710278992E-004 -0.23307620762007408     
  -4.8598598598598599       -7.4640329783153740E-004 -0.23382844341157555     
  -4.8498498498498499       -7.2338064258708362E-004 -0.23455617212050461     
  -4.8398398398398399       -7.1341654675976737E-004 -0.23527110386025710     
  -4.8298298298298299       -7.1185540000566841E-004 -0.23598106085865769     
  -4.8198198198198199       -7.1930667403354530E-004 -0.23669227932619771     
  -4.8098098098098099       -7.4477636151348164E-004 -0.23741065207595446     
  -4.7997997997997999       -8.2558763413412902E-004 -0.23812603307622535     
  -4.7897897897897899       -9.4186658424650900E-004 -0.23867947118924943     
  -4.7797797797797799       -8.1315879563140085E-004 -0.23926824331785065     
  -4.7697697697697699       -7.4754459577808100E-004 -0.23999402479115117     
  -4.7597597597597598       -7.2852069518612858E-004 -0.24072116139356192     
  -4.7497497497497498       -7.2386632541102634E-004 -0.24144430413822229     
  -4.7397397397397398       -7.2508684822157729E-004 -0.24216769016212913     
  -4.7297297297297298       -7.2981199240676942E-004 -0.24289453064308231     
  -4.7197197197197198       -7.3779609502553495E-004 -0.24362750739191541     
  -4.7097097097097098       -7.5047668796439783E-004 -0.24436963405704751     
  -4.6996996996996998       -7.7291860822218663E-004 -0.24512510814363855     
  -4.6896896896896898       -8.2319736658597947E-004 -0.24589738388745472     
  -4.6796796796796798       -9.5334273136455522E-004 -0.24663670032672408     
  -4.6696696696696698       -9.6986252129459261E-004 -0.24721957746281403     
  -4.6596596596596598       -8.9426931800962845E-004 -0.24799821850633150     
  -4.6496496496496498       -9.4890082771379315E-004 -0.24883578564982015     
  -4.6396396396396398       -1.1286732221672006E-003 -0.24954285864011083     
  -4.6296296296296298       -1.0467503295523979E-003 -0.25017567451752559     
  -4.6196196196196198       -1.0373050905993651E-003 -0.25106234803570016     
  -4.6096096096096097       -1.2954725988211888E-003 -0.25191786895083901     
  -4.5995995995995997       -1.4792966275397380E-003 -0.25223599435338684     
  -4.5895895895895897       -1.1129139459462583E-003 -0.25292218404276096     
  -4.5795795795795797       -9.9106476525435993E-004 -0.25386250567984930     
  -4.5695695695695697       -9.9220186938110732E-004 -0.25481449283308821     
  -4.5595595595595597       -1.0889417371079220E-003 -0.25579248015829581     
  -4.5495495495495497       -1.4032419806754308E-003 -0.25675609503122460     
  -4.5395395395395397       -1.8744322909450284E-003 -0.25723218824566230     
  -4.5295295295295297       -1.5426342812137894E-003 -0.25754706909224467     
  -4.5195195195195197       -1.2224781091667958E-003 -0.25856189052340800     
  -4.5095095095095097       -1.1833315202261702E-003 -0.25967775376478119     
  -4.4994994994994997       -1.2961239639713072E-003 -0.26084668522734339     
  -4.4894894894894897       -1.6466501260881206E-003 -0.26213595439154608     
  -4.4794794794794797       -2.7214205674696329E-003 -0.26345956360743766     
  -4.4694694694694697       -4.7320950970838093E-003 -0.26270959492869750     
  -4.4594594594594597       -2.9838067646532390E-003 -0.26155690281279065     
  -4.4494494494494496       -1.8207830784418833E-003 -0.26290107962536002     
  -4.4394394394394396       -1.5055485288057954E-003 -0.26433814069850686     
  -4.4294294294294296       -1.5103072601749411E-003 -0.26572566752046578     
  -4.4194194194194196       -1.7927759676432794E-003 -0.26712032972069583     
  -4.4094094094094096       -2.5387457727339235E-003 -0.26859300556111382     
  -4.3993993993993996       -4.6979533864073717E-003 -0.26904055510678188     
  -4.3893893893893896       -4.0831628781477104E-003 -0.26696240488635936     
  -4.3793793793793796       -2.4611781253752137E-003 -0.26813561751720422     
  -4.3693693693693696       -2.4319264967569330E-003 -0.26968478177184302     
  -4.3593593593593596       -2.7188800692045864E-003 -0.26999959653099664     
  -4.3493493493493496       -1.8500021137518991E-003 -0.27084091795597592     
  -4.3393393393393396       -1.5281970884678058E-003 -0.27225057214648518     
  -4.3293293293293296       -1.5211697521692387E-003 -0.27366890703816776     
  -4.3193193193193196       -1.7757027261814183E-003 -0.27514743575601863     
  -4.3093093093093096       -2.6444098905298785E-003 -0.27662412925753010     
  -4.2992992992992995       -4.0333958854877946E-003 -0.27675325461551226     
  -4.2892892892892895       -4.1837115659167576E-003 -0.27646495962545703     
  -4.2792792792792795       -3.3435440744378148E-003 -0.27676033332924593     
  -4.2692692692692695       -3.6522944000625694E-003 -0.27737422637091835     
  -4.2592592592592595       -2.5213529190060606E-003 -0.27738944522116021     
  -4.2492492492492495       -1.6764727809752728E-003 -0.27877583225407254     
  -4.2392392392392395       -1.3901808384346676E-003 -0.28016184921695431     
  -4.2292292292292295       -1.2947690486305990E-003 -0.28144593606159862     
  -4.2192192192192195       -1.3275628865902873E-003 -0.28266362212781065     
  -4.2092092092092095       -1.4793474591484018E-003 -0.28365311214823014     
  -4.1991991991991995       -1.2986371737311320E-003 -0.28456675255879499     
  -4.1891891891891895       -1.1727886073399300E-003 -0.28570012440266690     
  -4.1791791791791795       -1.1295265429067853E-003 -0.28683097065348823     
  -4.1691691691691695       -1.1126743033210867E-003 -0.28794623839857802     
  -4.1591591591591595       -1.1064502118360460E-003 -0.28905378732578030     
  -4.1491491491491495       -1.1056733254754519E-003 -0.29015920307305387     
  -4.1391391391391394       -1.1082432594966252E-003 -0.29126611193237134     
  -4.1291291291291294       -1.1131836112030066E-003 -0.29237706500132071     
  -4.1191191191191194       -1.1200238053704066E-003 -0.29349404496040710     
  -4.1091091091091094       -1.1285788867271564E-003 -0.29461876095056200     
  -4.0990990990990994       -1.1388822446107923E-003 -0.29575285434390775     
  -4.0890890890890894       -1.1512108245723181E-003 -0.29689809023902164     
  -4.0790790790790794       -1.1662257737451707E-003 -0.29805660238613757     
  -4.0690690690690694       -1.1853683384709084E-003 -0.29923129193203124     
  -4.0590590590590594       -1.2120159597775243E-003 -0.30042655416992081     
  -4.0490490490490494       -1.2554519088716432E-003 -0.30164933401807864     
  -4.0390390390390394       -1.3466655898128541E-003 -0.30290453383352628     
  -4.0290290290290294       -1.5437227033409278E-003 -0.30411287159498829     
  -4.0190190190190194       -1.7236306037486104E-003 -0.30523333097424782     
  -4.0090090090090094       -1.8090228996324800E-003 -0.30607982334748962     
  -3.9989989989989989       -1.5166848218296108E-003 -0.30726569250967134     
  -3.9889889889889889       -1.4346680261410616E-003 -0.30865242695050527     
  -3.9789789789789789       -1.4576107351912664E-003 -0.31006321417486249     
  -3.9689689689689689       -1.5731593593862150E-003 -0.31151437276104849     
  -3.9589589589589589       -1.8976038213497646E-003 -0.31294293237939924     
  -3.9489489489489489       -2.1962528509503103E-003 -0.31403684705174256     
  -3.9389389389389389       -2.3698004304420310E-003 -0.31506775662317116     
  -3.9289289289289289       -2.0209400964662149E-003 -0.31630127699050042     
  -3.9189189189189189       -1.9759839022184338E-003 -0.31804353834544186     
  -3.9089089089089089       -2.3597294907370496E-003 -0.31986252419014671     
  -3.8988988988988988       -3.0614364831219884E-003 -0.32115882666875639     
  -3.8888888888888888       -3.0919461746855598E-003 -0.32281101150384039     
  -3.8788788788788788       -4.3604281092092176E-003 -0.32530234938414687     
  -3.8688688688688688       -8.5166932984468979E-003 -0.32582526935974560     
  -3.8588588588588588       -7.4909324367143006E-003 -0.32111242165194148     
  -3.8488488488488488       -3.9605793012443512E-003 -0.32269385105975834     
  -3.8388388388388388       -2.9878419589898565E-003 -0.32532310272004600     
  -3.8288288288288288       -3.0243159880866521E-003 -0.32769866399419850     
  -3.8188188188188188       -4.1274224799657698E-003 -0.32977607361593680     
  -3.8088088088088088       -5.2163715343951454E-003 -0.32910432964777747     
  -3.7987987987987988       -3.2050457925120062E-003 -0.32985602468582031     
  -3.7887887887887888       -2.3784448323717080E-003 -0.33202553211477254     
  -3.7787787787787788       -2.1401416770484550E-003 -0.33413465548186577     
  -3.7687687687687688       -2.1240236780562093E-003 -0.33619452991526416     
  -3.7587587587587588       -2.2795619132311680E-003 -0.33830914809043217     
  -3.7487487487487487       -2.7397621736757428E-003 -0.34059560818614865     
  -3.7387387387387387       -4.1049980751983305E-003 -0.34305953053048915     
  -3.7287287287287287       -7.5211042060513485E-003 -0.34341218143795205     
  -3.7187187187187187       -5.9483998809260275E-003 -0.34082184588523645     
  -3.7087087087087087       -3.8429222042573232E-003 -0.34304858284631712     
  -3.6986986986986987       -4.0608582968140999E-003 -0.34555612131311070     
  -3.6886886886886887       -4.5523466496309893E-003 -0.34594360751751335     
  -3.6786786786786787       -3.0934892536103723E-003 -0.34739993784079104     
  -3.6686686686686687       -2.5916970512186209E-003 -0.34977006252955950     
  -3.6586586586586587       -2.6945394588300457E-003 -0.35209010009265346     
  -3.6486486486486487       -3.2147661880654287E-003 -0.35389704200070626     
  -3.6386386386386387       -3.1216953432995028E-003 -0.35568928608601391     
  -3.6286286286286287       -3.7936685433242090E-003 -0.35783539997015501     
  -3.6186186186186187       -4.2928589342964693E-003 -0.35925416753066219     
  -3.6086086086086087       -5.8627091427251327E-003 -0.36102265377046516     
  -3.5985985985985987       -6.1088094510104961E-003 -0.35926428041638703     
  -3.5885885885885886       -3.5519157825120115E-003 -0.36069199990818523     
  -3.5785785785785786       -2.6330159901983849E-003 -0.36319520530579119     
  -3.5685685685685686       -2.3032884387304722E-003 -0.36552210740600499     
  -3.5585585585585586       -2.1618223535071531E-003 -0.36770752154017766     
  -3.5485485485485486       -2.0953627294695801E-003 -0.36981686158639998     
  -3.5385385385385386       -2.0645874271463401E-003 -0.37188805300880756     
  -3.5285285285285286       -2.0531926539552126E-003 -0.37394278688364968     
  -3.5185185185185186       -2.0534718870445913E-003 -0.37599426375592826     
  -3.5085085085085086       -2.0614154089514513E-003 -0.37805109973447726     
  -3.4984984984984986       -2.0747879386254784E-003 -0.38011931476036220     
  -3.4884884884884886       -2.0922863637040292E-003 -0.38220339969208261     
  -3.4784784784784786       -2.1131385039843027E-003 -0.38430692545901635     
  -3.4684684684684686       -2.1369008279349976E-003 -0.38643291520901218     
  -3.4584584584584586       -2.1633549379260508E-003 -0.38858409107957437     
  -3.4484484484484486       -2.1924594275509299E-003 -0.39076305687588891     
  -3.4384384384384385       -2.2243398906266671E-003 -0.39297245528373231     
  -3.4284284284284285       -2.2593159782904027E-003 -0.39521513075598019     
  -3.4184184184184185       -2.2979819598368751E-003 -0.39749433359463593     
  -3.4084084084084085       -2.3413915639085340E-003 -0.39981402084457390     
  -3.3983983983983985       -2.3914906487729286E-003 -0.40217935932844673     
  -3.3883883883883881       -2.4522455878809401E-003 -0.40459764186814628     
  -3.3783783783783781       -2.5331116739787220E-003 -0.40707992708790836     
  -3.3683683683683681       -2.6620716560493136E-003 -0.40964182991057790     
  -3.3583583583583581       -2.9340817701057845E-003 -0.41226448003665972     
  -3.3483483483483480       -3.3251984949373083E-003 -0.41464259968065947     
  -3.3383383383383380       -3.3255865745624954E-003 -0.41704260315911396     
  -3.3283283283283280       -3.5154754630014524E-003 -0.41969656797290555     
  -3.3183183183183180       -3.4131834395685835E-003 -0.42230404302418734     
  -3.3083083083083080       -3.4325776580682397E-003 -0.42546795702125095     
  -3.2982982982982980       -3.8113302292701202E-003 -0.42889841144273139     
  -3.2882882882882880       -4.8387780052669424E-003 -0.43258563336006234     
  -3.2782782782782780       -6.9981945222020231E-003 -0.43542519334665436     
  -3.2682682682682680       -7.6490353868482559E-003 -0.43759062041520591     
  -3.2582582582582580       -1.0523464382286853E-002 -0.44177770770369695     
  -3.2482482482482480       -1.6789138116972618E-002 -0.43913554623456963     
  -3.2382382382382380       -1.0647635315330738E-002 -0.43522168797750538     
  -3.2282282282282280       -6.6183142551748345E-003 -0.44000029175935534     
  -3.2182182182182180       -5.9194502342472593E-003 -0.44517327255100847     
  -3.2082082082082080       -7.5136140528555117E-003 -0.44982605858596653     
  -3.1981981981981980       -1.0345667290040272E-002 -0.44991500046313809     
  -3.1881881881881879       -6.7910562379127530E-003 -0.45075274448903435     
  -3.1781781781781779       -4.9651460251849307E-003 -0.45514083111769804     
  -3.1681681681681679       -4.4253936674408974E-003 -0.45951131753710378     
  -3.1581581581581579       -4.3218179343716750E-003 -0.46376039356664533     
  -3.1481481481481479       -4.4663661180673175E-003 -0.46805452253505547     
  -3.1381381381381379       -4.9064635110757857E-003 -0.47257085221601608     
  -3.1281281281281279       -5.9833270015620605E-003 -0.47753661105393802     
  -3.1181181181181179       -9.0345491082060043E-003 -0.48298437358802554     
  -3.1081081081081079       -1.7008734887640434E-002 -0.48407654421725238     
  -3.0980980980980979       -1.4040967147020267E-002 -0.47691367650645672     
  -3.0880880880880879       -8.2896294489571698E-003 -0.48119034675842720     
  -3.0780780780780779       -6.9679311642070517E-003 -0.48619318405707490     
  -3.0680680680680679       -5.8068600465745876E-003 -0.49045573939955911     
  -3.0580580580580579       -5.2017390414151009E-003 -0.49521107683971860     
  -3.0480480480480479       -4.8790932053714899E-003 -0.49973018281717346     
  -3.0380380380380378       -4.6908731752673596E-003 -0.50435697976135707     
  -3.0280280280280278       -4.6610169626465263E-003 -0.50898909494051825     
  -3.0180180180180178       -4.7105929427678581E-003 -0.51365161870404341     
  -3.0080080080080078       -4.8236450909700922E-003 -0.51839427448394870     
  -2.9979979979979978       -5.0228546207905893E-003 -0.52327196377110752     
  -2.9879879879879878       -5.4023189461704342E-003 -0.52835894460749078     
  -2.9779779779779778       -6.3099087714341374E-003 -0.53371339592318645     
  -2.9679679679679678       -8.8097422361408401E-003 -0.53838697845238859     
  -2.9579579579579578       -9.2931736885701957E-003 -0.53936300456870701     
  -2.9479479479479478       -6.8645717740922624E-003 -0.54383367393754478     
  -2.9379379379379378       -6.0043659820174329E-003 -0.54956141554634275     
  -2.9279279279279278       -5.7685300818040271E-003 -0.55528670646636968     
  -2.9179179179179178       -5.7435046287507251E-003 -0.56099143703416954     
  -2.9079079079079078       -5.8019133860506070E-003 -0.56674011321403039     
  -2.8978978978978978       -5.9010123066666406E-003 -0.57258133942522937     
  -2.8878878878878878       -6.0275260083352458E-003 -0.57854198867071382     
  -2.8778778778778777       -6.1734879635178342E-003 -0.58464139899621259     
  -2.8678678678678677       -6.3352376093499928E-003 -0.59089584775784665     
  -2.8578578578578577       -6.5111726900977905E-003 -0.59731972754420948     
  -2.8478478478478477       -6.7007400726258595E-003 -0.60392663026142535     
  -2.8378378378378377       -6.9040017679598692E-003 -0.61073002604744153     
  -2.8278278278278277       -7.1214316878955965E-003 -0.61774371217776858     
  -2.8178178178178177       -7.3538192815789842E-003 -0.62498214513822081     
  -2.8078078078078077       -7.6022294568968548E-003 -0.63246071841746909     
  -2.7977977977977977       -7.8679967710448950E-003 -0.64019602335999859     
  -2.7877877877877877       -8.1527449540113334E-003 -0.64820611891956414     
  -2.7777777777777777       -8.4584302311446289E-003 -0.65651083224881390     
  -2.7677677677677677       -8.7874130170196210E-003 -0.66513211336697076     
  -2.7577577577577577       -9.1425712103842087E-003 -0.67409447312762250     
  -2.7477477477477477       -9.5274882377245733E-003 -0.68342553861424993     
  -2.7377377377377377       -9.9467221868972770E-003 -0.69315668930850671     
  -2.7277277277277276       -1.0405850983200319E-002 -0.70332439448713557     
  -2.7177177177177176       -1.0913470416563218E-002 -0.71397204173927842     
  -2.7077077077077076       -1.1482476590292253E-002 -0.72515160311120441     
  -2.6976976976976976       -1.2135712516493273E-002 -0.73692870669914057     
  -2.6876876876876876       -1.2925074154996833E-002 -0.74938799960635494     
  -2.6776776776776776       -1.4007500959810371E-002 -0.76260511036084422     
  -2.6676676676676676       -1.5613247155982730E-002 -0.77616953740931394     
  -2.6576576576576576       -1.6380967746106409E-002 -0.79029121266027058     
  -2.6476476476476476       -1.7618993086010566E-002 -0.80650609881362423     
  -2.6376376376376376       -2.0277959180462754E-002 -0.82375539729808955     
  -2.6276276276276276       -2.2661752850705263E-002 -0.84119664829207552     
  -2.6176176176176176       -2.5621371293092800E-002 -0.86281704450745034     
  -2.6076076076076076       -3.3800023137734503E-002 -0.88850564508058172     
  -2.5975975975975976       -5.7212348444182319E-002 -0.91482577501308870     
  -2.5875875875875876       -9.1780144128677271E-002 -0.89785909106299056     
  -2.5775775775775776       -5.7322722764667641E-002 -0.88912054696080289     
  -2.5675675675675675       -3.9624908803989160E-002 -0.92136530456500287     
  -2.5575575575575575       -3.5617990468370754E-002 -0.95552387760670909     
  -2.5475475475475475       -3.6141773461110083E-002 -0.99014739523932460     
  -2.5375375375375375       -3.8976275497690192E-002  -1.0268879502054364     
  -2.5275275275275275       -4.3863000020634181E-002  -1.0673773740262471     
  -2.5175175175175175       -5.1621188840207846E-002  -1.1135407611439161     
  -2.5075075075075075       -6.4936776411367886E-002  -1.1681549726735345     
  -2.4974974974974975       -9.2623508157337400E-002  -1.2347765669679673     
  -2.4874874874874875      -0.16523905762464786       -1.3013645324348377     
  -2.4774774774774775      -0.24332826855001802       -1.2551632094215670     
  -2.4674674674674675      -0.16925054668738695       -1.2728294855263214     
  -2.4574574574574575      -0.15766591495743459       -1.3922473811849121     
  -2.4474474474474475      -0.21207353995498834       -1.5368559634446561     
  -2.4374374374374375      -0.36069624979808201       -1.6681047434699090     
  -2.4274274274274275      -0.54584774853929752       -1.7047695403501872     
  -2.4174174174174174      -0.70411011889745723       -1.6926839331526939     
  -2.4074074074074074      -0.84167413172484096       -1.6560808326248493     
  -2.3973973973973974      -0.96028075976507021       -1.6062235361136141     
  -2.3873873873873874       -1.0649980642820878       -1.5491317291451041     
  -2.3773773773773774       -1.1594395416875483       -1.4867899269243077     
  -2.3673673673673674       -1.2457183590978052       -1.4199458876479569     
  -2.3573573573573574       -1.3252322241013526       -1.3488782527308487     
  -2.3473473473473474       -1.3989001804999519       -1.2735762254418972     
  -2.3373373373373374       -1.4673042868160184       -1.1938531792726983     
  -2.3273273273273274       -1.5307535812628228       -1.1093987136375727     
  -2.3173173173173174       -1.5893753911315505       -1.0198980364031505     
  -2.3073073073073074       -1.6432631586328001      -0.92472864528990328     
  -2.2972972972972974       -1.6920190715821786      -0.82319200530986936     
  -2.2872872872872874       -1.7351426501632812      -0.71455807601269750     
  -2.2772772772772774       -1.7718461782928405      -0.59791396458636004     
  -2.2672672672672673       -1.8009619384411457      -0.47217804848847544     
  -2.2572572572572573       -1.8207940390841588      -0.33608306611562005     
  -2.2472472472472473       -1.8288909085802125      -0.18817375051783783     
  -2.2372372372372373       -1.8216780294586912       -2.6839342483479769E-002
  -2.2272272272272273       -1.7938465958179735       0.14955381769092396     
  -2.2172172172172173       -1.7372959815301869       0.34226099737589954     
  -2.2072072072072073       -1.6392228560010824       0.55099737140893923     
  -2.1971971971971973       -1.4785789928632582       0.77037757165040710     
  -2.1871871871871873       -1.2204730688346539       0.97749452684460725     
  -2.1771771771771773      -0.82720921079109577        1.0853698015267137     
  -2.1671671671671673      -0.43407919924108396       0.93676175715178978     
  -2.1571571571571573      -0.25002195925692494       0.70055236786115138     
  -2.1471471471471473      -0.17038305358726710       0.51749583638874608     
  -2.1371371371371373      -0.12825138345087275       0.37833880299887923     
  -2.1271271271271273      -0.10263497596365256       0.26770591472232208     
  -2.1171171171171173       -8.5635839450116921E-002  0.17620386615020014     
  -2.1071071071071072       -7.3686873837046002E-002   9.8131150647703697E-002
  -2.0970970970970972       -6.4952943258716936E-002   2.9838768450315512E-002
  -2.0870870870870872       -5.8397656451058037E-002  -3.1135693274038138E-002
  -2.0770770770770772       -5.3394202617295904E-002  -8.6532622750847304E-002
  -2.0670670670670672       -4.9543762188044016E-002 -0.13763281740146030     
  -2.0570570570570572       -4.6583348428410561E-002 -0.18541370782858541     
  -2.0470470470470472       -4.4335399415995465E-002 -0.23064639124399899     
  -2.0370370370370372       -4.2676807513897907E-002 -0.27395924051011034     
  -2.0270270270270272       -4.1521939879910992E-002 -0.31589404453904640     
  -2.0170170170170172       -4.0830239255522482E-002 -0.35692725189921287     
  -2.0070070070070072       -4.0608583806517252E-002 -0.39749577877884329     
  -1.9969969969969972       -4.0892571872735220E-002 -0.43800267755301359     
  -1.9869869869869872       -4.1982541938400911E-002 -0.47880704332168128     
  -1.9769769769769772       -4.3986044275415907E-002 -0.51908389103447217     
  -1.9669669669669672       -4.4340035549190880E-002 -0.56031196501737601     
  -1.9569569569569571       -4.5595637745646969E-002 -0.60449847493205267     
  -1.9469469469469471       -4.7981367342545607E-002 -0.65089551137705248     
  -1.9369369369369371       -5.1409504476783767E-002 -0.70015172019602001     
  -1.9269269269269271       -5.6233340157470835E-002 -0.75328224129116295     
  -1.9169169169169171       -6.3443165247524150E-002 -0.81168379931212153     
  -1.9069069069069071       -7.6091024759767451E-002 -0.87690337561350507     
  -1.8968968968968971      -0.10242618610322123      -0.94284189954363895     
  -1.8868868868868871      -0.11408720336013865      -0.99344941813792365     
  -1.8768768768768771      -0.11585385751778710       -1.0842338174405646     
  -1.8668668668668671      -0.14072416853986372       -1.2014372286592172     
  -1.8568568568568571      -0.19738686083842458       -1.3479814362696811     
  -1.8468468468468471      -0.33264321138068959       -1.5195209804115373     
  -1.8368368368368371      -0.56916522010630799       -1.6124673395700180     
  -1.8268268268268271      -0.78799361973295512       -1.5992034378597162     
  -1.8168168168168171      -0.96187955918982293       -1.5450419001397542     
  -1.8068068068068071       -1.1030498366101826       -1.4762377718819251     
  -1.7967967967967970       -1.2223890295898650       -1.4002913658538609     
  -1.7867867867867866       -1.3245524125552952       -1.3199103418412410     
  -1.7767767767767766       -1.4131242457097097       -1.2369527993548672     
  -1.7667667667667666       -1.4906096076669086       -1.1522239237456591     
  -1.7567567567567566       -1.5589112228984374       -1.0661081809652604     
  -1.7467467467467466       -1.6192557129200793      -0.97853403121163396     
  -1.7367367367367366       -1.6724810491596032      -0.88951790146323784     
  -1.7267267267267266       -1.7192407064022397      -0.79895746725521077     
  -1.7167167167167166       -1.7599797004026692      -0.70667424118553812     
  -1.7067067067067065       -1.7949715276663207      -0.61243949414723720     
  -1.6966966966966965       -1.8243389140948185      -0.51598158364579350     
  -1.6866866866866865       -1.8480611022945637      -0.41698796589283821     
  -1.6766766766766765       -1.8659697676036426      -0.31510485264212396     
  -1.6666666666666665       -1.8777343800407311      -0.20993897843161000     
  -1.6566566566566565       -1.8828498162156340      -0.10104962401847077     
  -1.6466466466466465       -1.8805622257972905        1.2064548842767581E-002
  -1.6366366366366365       -1.8698238132990170       0.12993051732594924     
  -1.6266266266266265       -1.8491965545388125       0.25311463245383609     
  -1.6166166166166165       -1.8166936705388708       0.38219047499996955     
  -1.6066066066066065       -1.7695426112251031       0.51767173680461942     
  -1.5965965965965965       -1.7037998319409955       0.65986102676009439     
  -1.5865865865865865       -1.6136986487814431       0.80849636085847032     
  -1.5765765765765765       -1.4904914112520735       0.96186992266173232     
  -1.5665665665665665       -1.3203282851715246        1.1143738894385709     
  -1.5565565565565564       -1.0808907541883594        1.2484458889073851     
  -1.5465465465465464      -0.74730344696490936        1.3046028335642916     
  -1.5365365365365364      -0.40830603559525919        1.1633510887522756     
  -1.5265265265265264      -0.24108657348798443       0.93843472955139295     
  -1.5165165165165164      -0.16868074708272415       0.75853175543439366     
  -1.5065065065065064      -0.13043889902457961       0.61820707450335044     
  -1.4964964964964964      -0.10721645042255971       0.50375028390706833     
  -1.4864864864864864       -9.1878067688992510E-002  0.40661265487077108     
  -1.4764764764764764       -8.1219622729636204E-002  0.32153708756769694     
  -1.4664664664664664       -7.3600782607243176E-002  0.24510021713072153     
  -1.4564564564564564       -6.8102869315579864E-002  0.17493404443254745     
  -1.4464464464464464       -6.4180133293086583E-002  0.10930492021835163     
  -1.4364364364364364       -6.1498361021210070E-002   4.6872137472098806E-002
  -1.4264264264264264       -5.9854226184208478E-002  -1.3460249528808924E-002
  -1.4164164164164164       -5.9133451552509195E-002  -7.2641753080869828E-002
  -1.4064064064064064       -5.9289889670045032E-002 -0.13154732740852434     
  -1.3963963963963963       -6.0337857838146165E-002 -0.19103685579922819     
  -1.3863863863863863       -6.2355399916214527E-002 -0.25201187710960643     
  -1.3763763763763763       -6.5495405000220372E-002 -0.31547705244670116     
  -1.3663663663663663       -7.0015338764406423E-002 -0.38263750159283244     
  -1.3563563563563563       -7.6352565591290555E-002 -0.45500299755163709     
  -1.3463463463463463       -8.5224382032782209E-002 -0.53458749156366914     
  -1.3363363363363363       -9.7892681014351390E-002 -0.62423501623910849     
  -1.3263263263263263      -0.11674903878019405      -0.72821227141492917     
  -1.3163163163163163      -0.14690765606868386      -0.85331354385999558     
  -1.3063063063063063      -0.20126092085116276       -1.0105016577885180     
  -1.2962962962962963      -0.31906156327125706       -1.2114063599768712     
  -1.2862862862862863      -0.58548131922790503       -1.3897870527019287     
  -1.2762762762762763      -0.90527473936448688       -1.3947406036024310     
  -1.2662662662662663       -1.1515119186866223       -1.3027049696070387     
  -1.2562562562562563       -1.3345378923437161       -1.1815486173832868     
  -1.2462462462462462       -1.4738403737070001       -1.0522377402355805     
  -1.2362362362362362       -1.5818274437379771      -0.92186590614335628     
  -1.2262262262262262       -1.6662183015715097      -0.79310318710650696     
  -1.2162162162162162       -1.7321857837104833      -0.66731774839875690     
  -1.2062062062062062       -1.7838416047539254      -0.54433006781208193     
  -1.1961961961961962       -1.8230811348512030      -0.42387819938937910     
  -1.1861861861861862       -1.8516764103866548      -0.30596228403971149     
  -1.1761761761761762       -1.8709430649199463      -0.19032038405669763     
  -1.1661661661661662       -1.8817993165130575       -7.6646989865877146E-002
  -1.1561561561561562       -1.8848720194938198        3.5363640702696535E-002
  -1.1461461461461462       -1.8805569614310984       0.14600443147450495     
  -1.1361361361361362       -1.8690546554461884       0.25554591207320337     
  -1.1261261261261262       -1.8504032890772661       0.36423964305378026     
  -1.1161161161161162       -1.8244502034338115       0.47232425193309080     
  -1.1061061061061062       -1.7908707737390308       0.57998581967892282     
  -1.0960960960960962       -1.7491490550414934       0.68737708002283338     
  -1.0860860860860861       -1.6985329047424522       0.79459625726220784     
  -1.0760760760760761       -1.6379735151287536       0.90165921699647589     
  -1.0660660660660661       -1.5660263736970184        1.0084512931642822     
  -1.0560560560560561       -1.4806893553420153        1.1146361941478582     
  -1.0460460460460461       -1.3791295815933158        1.2194721638955139     
  -1.0360360360360361       -1.2572008112966799        1.3214060188736882     
  -1.0260260260260261       -1.1085520887551135        1.4170579838395587     
  -1.0160160160160161      -0.92303360561860492        1.4982139268019379     
  -1.0060060060060061      -0.68594824339796701        1.5409747342158426     
 -0.99599599599599564      -0.41055356498780632        1.4760286313704349     
 -0.98598598598598564      -0.23093344786400996        1.2967546986340048     
 -0.97597597597597563      -0.15421596038040752        1.1353440763622673     
 -0.96596596596596562      -0.11577727060106226        1.0104266626200964     
 -0.95595595595595562       -9.2908348375427691E-002  0.91050904983822578     
 -0.94594594594594561       -7.7777157377098546E-002  0.82749570904147540     
 -0.93593593593593560       -6.7063789422252329E-002  0.75645128892784175     
 -0.92592592592592560       -5.9125020494171988E-002  0.69423675939086182     
 -0.91591591591591559       -5.3053719881607099E-002  0.63874365524049870     
 -0.90590590590590558       -4.8308043387971310E-002  0.58848553916694679     
 -0.89589589589589558       -4.4544936011955721E-002  0.54237021428497389     
 -0.88588588588588557       -4.1537632520316260E-002  0.49956563217233124     
 -0.87587587587587556       -3.9131556544922091E-002  0.45941680999368606     
 -0.86586586586586556       -3.7219321660244088E-002  0.42139187606788259     
 -0.85585585585585555       -3.5725925083591049E-002  0.38504543059422724     
 -0.84584584584584555       -3.4599726649456285E-002  0.34999250694710671     
 -0.83583583583583554       -3.3806915570158726E-002  0.31588911405279768     
 -0.82582582582582553       -3.3328228543632203E-002  0.28241681097044669     
 -0.81581581581581553       -3.3157257440817010E-002  0.24926957433056152     
 -0.80580580580580552       -3.3300028492980957E-002  0.21614164394017174     
 -0.79579579579579551       -3.3775775931795510E-002  0.18271520426992546     
 -0.78578578578578551       -3.4619048456817771E-002  0.14864673145071922     
 -0.77577577577577550       -3.5883540810006914E-002  0.11355060102302174     
 -0.76576576576576549       -3.7648415305521842E-002   7.6978046169043177E-002
 -0.75575575575575549       -4.0028504409542628E-002   3.8388629040913516E-002
 -0.74574574574574548       -4.3190930892662863E-002  -2.8902641216001002E-003
 -0.73573573573573547       -4.7382917431883172E-002  -4.7723375535984748E-002
 -0.72572572572572547       -5.2980202347500831E-002  -9.7260002304024845E-002
 -0.71571571571571546       -6.0575826152025579E-002 -0.15308270129820031     
 -0.70570570570570545       -7.1154096802748132E-002 -0.21745794160700058     
 -0.69569569569569545       -8.6461478476443102E-002 -0.29378014054075546     
 -0.68568568568568544      -0.10988157801071720      -0.38739679669114346     
 -0.67567567567567544      -0.14884034828428680      -0.50721436864585046     
 -0.66566566566566543      -0.22281592916924275      -0.66809204887779550     
 -0.65565565565565542      -0.39358055357508459      -0.88261714262098756     
 -0.64564564564564542      -0.78022090672521571       -1.0296956633597070     
 -0.63563563563563541       -1.1981935495441833      -0.89767841694587425     
 -0.62562562562562540       -1.4682090086726733      -0.63519321236206661     
 -0.61561561561561540       -1.6205855903172453      -0.34749829207075938     
 -0.60560560560560539       -1.6911889525356532       -6.4564409854506816E-002
 -0.59559559559559538       -1.7013142745164489       0.20494342207534955     
 -0.58558558558558538       -1.6628340841185920       0.45857320636515869     
 -0.57557557557557537       -1.5815862427274012       0.69557287528686229     
 -0.56556556556556536       -1.4587169701775058       0.91483500073021462     
 -0.55555555555555536       -1.2908112541921815        1.1130213540516731     
 -0.54554554554554535       -1.0685512306959073        1.2804064809590969     
 -0.53553553553553535      -0.77682878039874714        1.3862648537493798     
 -0.52552552552552534      -0.44232134395520489        1.3431662953551338     
 -0.51551551551551533      -0.23550974348459400        1.1625325867842822     
 -0.50550550550550533      -0.14904722898955935        1.0054569975731653     
 -0.49549549549549532      -0.10637391355950351       0.88928418573269319     
 -0.48548548548548531       -8.1490029408798431E-002  0.80041385664409037     
 -0.47547547547547531       -6.5364605250331650E-002  0.72962656268379833     
 -0.46546546546546530       -5.4159045915930390E-002  0.67140212291495194     
 -0.45545545545545529       -4.5978103592396548E-002  0.62229904589889684     
 -0.44544544544544529       -3.9781308235618956E-002  0.58005976762842648     
 -0.43543543543543528       -3.4951263590544838E-002  0.54313617840464101     
 -0.42542542542542527       -3.1099280190659131E-002  0.51042689434405453     
 -0.41541541541541527       -2.7969001811548506E-002  0.48112411861319410     
 -0.40540540540540526       -2.5384883909854741E-002  0.45462009618649202     
 -0.39539539539539525       -2.3222939937456957E-002  0.43044760082682398     
 -0.38538538538538525       -2.1393292725137923E-002  0.40824072884406093     
 -0.37537537537537524       -1.9829331405189915E-002  0.38770828355747855     
 -0.36536536536536524       -1.8480735376143861E-002  0.36861523124999668     
 -0.35535535535535523       -1.7308850740695107E-002  0.35076948439187644     
 -0.34534534534534522       -1.6283545898934670E-002  0.33401229189307080     
 -0.33533533533533522       -1.5381024282271871E-002  0.31821112732071066     
 -0.32532532532532521       -1.4582272255531346E-002  0.30325434201237605     
 -0.31531531531531520       -1.3871938040594533E-002  0.28904708764999909     
 -0.30530530530530520       -1.3237509015883766E-002  0.27550816671806666     
 -0.29529529529529519       -1.2668699301290519E-002  0.26256757107229489     
 -0.28528528528528518       -1.2156987969895800E-002  0.25016453753569923     
 -0.27527527527527518       -1.1695266763848411E-002  0.23824599661608756     
 -0.26526526526526517       -1.1277568514259349E-002  0.22676532336468305     
 -0.25525525525525516       -1.0898855805075306E-002  0.21568132271081114     
 -0.24524524524524516       -1.0554855161246315E-002  0.20495739833345855     
 -0.23523523523523515       -1.0241926057143800E-002  0.19456086626613300     
 -0.22522522522522515       -9.9569568973908503E-003  0.18446238331881742     
 -0.21521521521521514       -9.6972821922780908E-003  0.17463546695031287     
 -0.20520520520520513       -9.4606166869908668E-003  0.16505608805667321     
 -0.19519519519519513       -9.2450033870072265E-003  0.15570232167669940     
 -0.18518518518518512       -9.0487733873230777E-003  0.14655404312714104     
 -0.17517517517517511       -8.8705162781998366E-003  0.13759265872478102     
 -0.16516516516516511       -8.7090607883573475E-003  0.12880086107702329     
 -0.15515515515515510       -8.5634663998030176E-003  0.12016239884872729     
 -0.14514514514514509       -8.4330281819273746E-003  0.11166184968525185     
 -0.13513513513513509       -8.3172995007919342E-003  0.10328438204344972     
 -0.12512512512512508       -8.2161414403646091E-003   9.5015485979459316E-002
 -0.11511511511511507       -8.1298155253695832E-003   8.6840642370856147E-002
 -0.10510510510510507       -8.0591515610291785E-003   7.8744880446270357E-002
  -9.5095095095095061E-002  -8.0058540667234477E-003   7.0712136291091854E-002
  -8.5085085085085055E-002  -7.9730808740513699E-003   6.2724251850252183E-002
  -7.5075075075075048E-002  -7.9665942363765455E-003   5.4759303897740794E-002
  -6.5065065065065042E-002  -7.9972171055239950E-003   4.6788630738688462E-002
  -5.5055055055055035E-002  -8.0865706558411604E-003   3.8771211455603305E-002
  -4.5045045045045029E-002  -8.2821350849491930E-003   3.0642513856490663E-002
  -3.5035035035035023E-002  -8.7032460742506104E-003   2.2292784753846325E-002
  -2.5025025025025016E-002  -9.7106213059979449E-003   1.3545219779121877E-002
  -1.5015015015015010E-002  -1.2601365232942500E-002   4.5030131842883972E-003
  -5.0050050050050032E-003  -1.8797437734591204E-002  -2.8568514617885346E-004
   5.0050050050050032E-003  -1.8804954469511404E-002   2.7714642942497304E-004
   1.5015015015015010E-002  -1.2607545763227330E-002  -4.5000255482058474E-003
   2.5025025025025016E-002  -9.7127051472256903E-003  -1.3541917385524647E-002
   3.5035035035035023E-002  -8.7041257846997410E-003  -2.2290207334552004E-002
   4.5045045045045029E-002  -8.2826056298654048E-003  -3.0640423821758460E-002
   5.5055055055055035E-002  -8.0868767550190124E-003  -3.8769447496916340E-002
   6.5065065065065042E-002  -7.9974510598691661E-003  -4.6787111607179327E-002
   7.5075075075075048E-002  -7.9667969717519046E-003  -5.4757991301369158E-002
   8.5085085085085055E-002  -7.9732730608039429E-003  -6.2723130489861556E-002
   9.5095095095095061E-002  -8.0060474110714101E-003  -7.0711204052065615E-002
  0.10510510510510507       -8.0593534653870275E-003  -7.8744143467522468E-002
  0.11511511511511507       -8.1300312217846230E-003  -8.6840112488799817E-002
  0.12512512512512508       -8.2163750569459754E-003  -9.5015179389848770E-002
  0.13513513513513509       -8.3175546397912699E-003 -0.10328431862759313     
  0.14514514514514509       -8.4333082602133930E-003 -0.11166205272460467     
  0.15515515515515510       -8.5637748689724631E-003 -0.12016289498557128     
  0.16516516516516511       -8.7094012932255015E-003 -0.12880168044677495     
  0.17517517517517511       -8.8708927852270067E-003 -0.13759383522194668     
  0.18518518518518512       -9.0491903013434020E-003 -0.14655561478789869     
  0.19519519519519513       -9.2454656681098552E-003 -0.15570433117423410     
  0.20520520520520513       -9.4611299762818821E-003 -0.16505858331465004     
  0.21521521521521514       -9.6978529540112605E-003 -0.17463850188736693     
  0.22522522522522515       -9.9575925848845483E-003 -0.18446601874401278     
  0.23523523523523515       -1.0242635310695074E-002 -0.19456517095280745     
  0.24524524524524516       -1.0555648047828051E-002 -0.20496245030755678     
  0.25525525525525516       -1.0899744112025284E-002 -0.21568721080043307     
  0.26526526526526517       -1.1278566112632688E-002 -0.22677214907102305     
  0.27527527527527518       -1.1696390061944648E-002 -0.23825387638338782     
  0.28528528528528518       -1.2158256484208927E-002 -0.25017360552079787     
  0.29529529529529519       -1.2670136381550802E-002 -0.26257798254501180     
  0.30530530530530520       -1.3239142774151681E-002 -0.27552010226505397     
  0.31531531531531520       -1.3873802553334078E-002 -0.28906075841132983     
  0.32532532532532521       -1.4584409135018100E-002 -0.30326999625851719     
  0.33533533533533522       -1.5383484753946339E-002 -0.31822905878748231     
  0.34534534534534522       -1.6286393581369466E-002 -0.33403285044867814     
  0.35535535535535523       -1.7312165416085455E-002 -0.35079308983616803     
  0.36536536536536524       -1.8484618180634228E-002 -0.36864239137822757     
  0.37537537537537524       -1.9833912092411386E-002 -0.38773961811807089     
  0.38538538538538525       -2.1398740020228887E-002 -0.40827700177908438     
  0.39539539539539525       -2.3229476606424562E-002 -0.43048976437022241     
  0.40540540540540526       -2.5392809215767958E-002 -0.45466935229534750     
  0.41541541541541527       -2.7978725897183008E-002 -0.48118200633839614     
  0.42542542542542527       -3.1111378400407490E-002 -0.51049541707121093     
  0.43543543543543528       -3.4966565514368227E-002 -0.54321799427819628     
  0.44544544544544529       -3.9801050206659028E-002 -0.58015848367776501     
  0.45545545545545529       -4.6004204069856808E-002 -0.62241968937012448     
  0.46546546546546530       -5.4194636353666309E-002 -0.67155192962110555     
  0.47547547547547531       -6.5415141352850745E-002 -0.72981636157906216     
  0.48548548548548531       -8.1565878696698763E-002 -0.80066062822730655     
  0.49549549549549532      -0.10649729179083187      -0.88961592992598026     
  0.50550550550550533      -0.14927456176402304       -1.0059206761501096     
  0.51551551551551533      -0.23601730306796856       -1.1631794464351624     
  0.52552552552552534      -0.44350865841309278       -1.3436731961787538     
  0.53553553553553535      -0.77815884892505849       -1.3859934460207675     
  0.54554554554554535       -1.0696067720713385       -1.2797429173446313     
  0.55555555555555536       -1.2916334408032297       -1.1121647869577929     
  0.56556556556556536       -1.4593460275182428      -0.91384319977471673     
  0.57557557557557537       -1.5820349359413666      -0.69446313453537567     
  0.58558558558558538       -1.6630934807713245      -0.45734944921416470     
  0.59559559559559538       -1.7013542991690882      -0.20360562736127535     
  0.60560560560560539       -1.6909525823067459        6.6011667763921533E-002
  0.61561561561561540       -1.6199752961487734       0.34903141040400937     
  0.62562562562562540       -1.4670597262101639       0.63672683859441048     
  0.63563563563563541       -1.1962512180725808       0.89890997699152653     
  0.64564564564564542      -0.77758666872229687        1.0296391017045354     
  0.65565565565565542      -0.39208643439429580       0.88130135852369729     
  0.66566566566566543      -0.22221572233052084       0.66701381939526494     
  0.67567567567567544      -0.14854465559595015       0.50642746201718980     
  0.68568568568568544      -0.10971019766302320       0.38679876675757530     
  0.69569569569569545       -8.6351191313723985E-002  0.29330590091688524     
  0.70570570570570545       -7.1077990182942030E-002  0.21706912218916852     
  0.71571571571571546       -6.0520595672863366E-002  0.15275554281657178     
  0.72572572572572547       -5.2938585138148100E-002   9.6979004043813336E-002
  0.73573573573573547       -4.7350631676521308E-002   4.7477960616161136E-002
  0.74574574574574548       -4.3165298225953337E-002   2.6729371054404786E-003
  0.75575575575575549       -4.0007769244379626E-002  -3.8583350604819135E-002
  0.76576576576576549       -3.7631382607875158E-002  -7.7154281029373065E-002
  0.77577577577577550       -3.5869371499217741E-002 -0.11371151532592033     
  0.78578578578578551       -3.4607138055374798E-002 -0.14879480848079008     
  0.79579579579579551       -3.3765679611997772E-002 -0.18285242704383781     
  0.80580580580580552       -3.3291413187330719E-002 -0.21626962228308927     
  0.81581581581581553       -3.3149870377214889E-002 -0.24938963558544999     
  0.82582582582582553       -3.3321876112603753E-002 -0.28253006633256178     
  0.83583583583583554       -3.3801448921449775E-002 -0.31599650828543030     
  0.84584584584584555       -3.4595031841218329E-002 -0.35009485666631229     
  0.85585585585585555       -3.5721916465605519E-002 -0.38514345473480210     
  0.86586586586586556       -3.7215937727685618E-002 -0.42148622119128853     
  0.87587587587587556       -3.9128757906769486E-002 -0.45950807257534071     
  0.88588588588588557       -4.1535401999814779E-002 -0.49965437982714317     
  0.89589589589589558       -4.4543281355427733E-002 -0.54245700806707109     
  0.90590590590590558       -4.8307003794746263E-002 -0.58857095974086904     
  0.91591591591591559       -5.3053378983405154E-002 -0.63882833719957510     
  0.92592592592592560       -5.9125531481043304E-002 -0.69432144105104077     
  0.93593593593593560       -6.7065425370749845E-002 -0.75653689126779233     
  0.94594594594594561       -7.7780419464045403E-002 -0.82758347101857299     
  0.95595595595595562       -9.2914224084222341E-002 -0.91060077645364146     
  0.96596596596596562      -0.11578794443095010       -1.0105251942631526     
  0.97597597597597563      -0.15423717279713492       -1.1354540072951038     
  0.98598598598598564      -0.23098365138135052       -1.2968800527045194     
  0.99599599599599564      -0.41066914477276956       -1.4761293657628658     
   1.0060060060060056      -0.68605985904831113       -1.5409976536052366     
   1.0160160160160157      -0.92310753389720512       -1.4982099561786748     
   1.0260260260260257       -1.1085992003377039       -1.4170494610278521     
   1.0360360360360357       -1.2572301481433195       -1.3213995783143404     
   1.0460460460460457       -1.3791469262726526       -1.2194699238466551     
   1.0560560560560557       -1.4806985166627513       -1.1146387259473178     
   1.0660660660660657       -1.5660299759889655       -1.0084585568215638     
   1.0760760760760757       -1.6379734343937677      -0.90167091249132558     
   1.0860860860860857       -1.6985305197874427      -0.79461197335282763     
   1.0960960960960957       -1.7491454000582158      -0.68739636200060683     
   1.1061061061061057       -1.7908666354578786      -0.58000820101338579     
   1.1161161161161157       -1.8244461853931042      -0.47234926841907737     
   1.1261261261261257       -1.8503998553361125      -0.36426683669868376     
   1.1361361361361357       -1.8690521525555936      -0.25557483316494173     
   1.1461461461461457       -1.8805556557447454      -0.14603464237224967     
   1.1561561561561557       -1.8848720944449346       -3.5394695636841729E-002
   1.1661661661661658       -1.8818008816780625        7.6615537660813235E-002
   1.1761761761761758       -1.8709461580323838       0.19028899153309897     
   1.1861861861861858       -1.8516809904688145       0.30593142569366855     
   1.1961961961961958       -1.8230870674817159       0.42384837594134750     
   1.2062062062062058       -1.7838486301695105       0.54430183240555108     
   1.2162162162162158       -1.7321932071144759       0.66729169083255824     
   1.2262262262262258       -1.6662259116831035       0.79307904111155259     
   1.2362362362362358       -1.5818346982764244       0.92184504909579179     
   1.2462462462462458       -1.4738455413111577        1.0522207075671521     
   1.2562562562562558       -1.3345386739838483        1.1815354993835456     
   1.2662662662662658       -1.1515046930921988        1.3026947810918212     
   1.2762762762762758      -0.90525404031340617        1.3947284191236651     
   1.2862862862862858      -0.58544788683032478        1.3897556836903235     
   1.2962962962962958      -0.31904518257498171        1.2113564056627317     
   1.3063063063063058      -0.20125434639555095        1.0104569039390507     
   1.3163163163163158      -0.14690423089818172       0.85326967217064220     
   1.3263263263263259      -0.11674762147864585       0.72816972206835540     
   1.3363363363363359       -9.7892191173702112E-002  0.62419313326490267     
   1.3463463463463459       -8.5224423426372972E-002  0.53454572561556724     
   1.3563563563563559       -7.6352972090912019E-002  0.45496095945835263     
   1.3663663663663659       -7.0016034739640950E-002  0.38259489574288519     
   1.3763763763763759       -6.5496354770426396E-002  0.31543362258013569     
   1.3863863863863859       -6.2356594575145849E-002  0.25196737281730358     
   1.3963963963963959       -6.0339314756891464E-002  0.19099103068899079     
   1.4064064064064059       -5.9291636460546256E-002  0.13149991385166523     
   1.4164164164164168       -5.9135533701118341E-002   7.2592446301893002E-002
   1.4264264264264268       -5.9856710712409708E-002   1.3408690605485026E-002
   1.4364364364364368       -6.1501343995663059E-002  -4.6926384897870141E-002
   1.4464464464464468       -6.4183753046379702E-002 -0.10936240256736797     
   1.4564564564564568       -6.8107329349173726E-002 -0.17499546646841627     
   1.4664664664664668       -7.3606392612288421E-002 -0.24516651701835948     
   1.4764764764764768       -8.1226876290431377E-002 -0.32160955940084168     
   1.4864864864864868       -9.1887800979878670E-002 -0.40669315933323269     
   1.4964964964964969      -0.10723019972657551      -0.50384163068754650     
   1.5065065065065069      -0.13045981697166575      -0.61831374764133817     
   1.5165165165165169      -0.16871638611881598      -0.75866122511256762     
   1.5265265265265269      -0.24115919276301154      -0.93859784763029219     
   1.5365365365365369      -0.40848427113563196       -1.1635283916922856     
   1.5465465465465469      -0.74756203179500147       -1.3046379130919377     
   1.5565565565565569       -1.0810796744639111       -1.2483872742323674     
   1.5665665665665669       -1.3204552921868618       -1.1142954717096674     
   1.5765765765765769       -1.4905779582720853      -0.96179304585908520     
   1.5865865865865869       -1.6137584461183301      -0.80842721875271373     
   1.5965965965965969       -1.7038414419835324      -0.65980125034681847     
   1.6066066066066069       -1.7695716168724545      -0.51762138649791967     
   1.6166166166166169       -1.8167138714174567      -0.38214904609893036     
   1.6266266266266269       -1.8492106325466637      -0.25308143624770801     
   1.6366366366366369       -1.8698337211994063      -0.12990483496892202     
   1.6466466466466469       -1.8805694252888625       -1.2045693700592705E-002
   1.6566566566566570       -1.8828554301084988       0.10106228323488446     
   1.6666666666666670       -1.8777392941122479       0.20994601267159169     
   1.6766766766766770       -1.8659746970775897       0.31510677526569281     
   1.6866866866866870       -1.8480666437045448       0.41698523642134533     
   1.6966966966966970       -1.8243455802231792       0.51597461695877556     
   1.7067067067067070       -1.7949797744785387       0.61242866751175851     
   1.7167167167167170       -1.7599899486945081       0.70665990227841713     
   1.7267267267267270       -1.7192533585470759       0.79893994210943331     
   1.7367367367367370       -1.6724965029469885       0.88949750166298813     
   1.7467467467467470       -1.6192743660872080       0.97851105102794644     
   1.7567567567567570       -1.5589335125900745        1.0660827965366284     
   1.7667667667667670       -1.4906366329832625        1.1521965777768817     
   1.7767767767767770       -1.4131558962128676        1.2369243519844779     
   1.7867867867867870       -1.3245895505707561        1.3198808494729868     
   1.7967967967967970       -1.2224326980711457        1.4002615824772142     
   1.8068068068068071       -1.1031009387177122        1.4762087024855686     
   1.8168168168168171      -0.96194121541391242        1.5450139196694572     
   1.8268268268268271      -0.78806936627657131        1.5991831653548556     
   1.8368368368368371      -0.56925542997516421        1.6124673301662886     
   1.8468468468468471      -0.33271880368592932        1.5195573738189989     
   1.8568568568568571      -0.19742997615123445        1.3480091536864811     
   1.8668668668668671      -0.14076816306976406        1.2014386170827172     
   1.8768768768768771      -0.11594289544439841        1.0842134276298216     
   1.8868868868868871      -0.11428408857478620       0.99354990432368762     
   1.8968968968968971      -0.10234708418082664       0.94299942205743670     
   1.9069069069069071       -7.6052941435256746E-002  0.87692754417420604     
   1.9169169169169171       -6.3434808754617225E-002  0.81170039138273797     
   1.9269269269269271       -5.6232636510002154E-002  0.75329819376266960     
   1.9369369369369371       -5.1411156819353106E-002  0.70016603142392875     
   1.9469469469469471       -4.7984099235123936E-002  0.65090744885810470     
   1.9569569569569571       -4.5599738207993193E-002  0.60450767853202791     
   1.9669669669669672       -4.4347984518380471E-002  0.56032032285972133     
   1.9769769769769772       -4.3987419961011624E-002  0.51910011969689263     
   1.9869869869869872       -4.1979810482204401E-002  0.47880968142651292     
   1.9969969969969972       -4.0893656900085784E-002  0.43800165677823610     
   2.0070070070070072       -4.0610802883617306E-002  0.39749283761785548     
   2.0170170170170172       -4.0832708619698732E-002  0.35692134973661499     
   2.0270270270270272       -4.1525095643355076E-002  0.31588512499631560     
   2.0370370370370372       -4.2680492936853526E-002  0.27394729740547874     
   2.0470470470470472       -4.4339370535703360E-002  0.23063065627921733     
   2.0570570570570572       -4.6587982051804783E-002  0.18539365653117376     
   2.0670670670670672       -4.9549222989075367E-002  0.13760779843459611     
   2.0770770770770772       -5.3400753669475415E-002   8.6501726481596999E-002
   2.0870870870870872       -5.8405693091083462E-002   3.1097698657932462E-002
   2.0970970970970972       -6.4963068175121791E-002  -2.9885537237243017E-002
   2.1071071071071072       -7.3700047714489944E-002  -9.8189061868580077E-002
   2.1171171171171173       -8.5653689742286945E-002 -0.17627638653331665     
   2.1271271271271273      -0.10266046227421452      -0.26779834500226030     
   2.1371371371371373      -0.12829056101167466      -0.37845974679562755     
   2.1471471471471473      -0.17045029259210256      -0.51765971434824798     
   2.1571571571571573      -0.25015886468966381      -0.70078110867912879     
   2.1671671671671673      -0.43441868382156462      -0.93703067809419682     
   2.1771771771771773      -0.82774955270218153       -1.0853565255530602     
   2.1871871871871873       -1.2208672194765855      -0.97725537576358301     
   2.1971971971971973       -1.4788303313361948      -0.77008876839420148     
   2.2072072072072073       -1.6393803326569290      -0.55070993435094961     
   2.2172172172172173       -1.7373907781178513      -0.34198892522205743     
   2.2272272272272273       -1.7938977037085753      -0.14930044658057443     
   2.2372372372372373       -1.8216974758968603        2.7074135979605909E-002
   2.2472472472472473       -1.8288866219480382       0.18839123376968073     
   2.2572572572572573       -1.8207714146625191       0.33628481800901261     
   2.2672672672672673       -1.8009247319759860       0.47236564525841468     
   2.2772772772772774       -1.7717970381964421       0.59808886432020747     
   2.2872872872872874       -1.7350834445243124       0.71472158215885262     
   2.2972972972972974       -1.6919510975688030       0.82334525597669050     
   2.3073073073073074       -1.6431872781886387       0.92487262575437412     
   2.3173173173173174       -1.5892921690763977        1.0200335259488333     
   2.3273273273273274       -1.5306632694026081        1.1095267947779741     
   2.3373373373373374       -1.4672064660340773        1.1939742742250079     
   2.3473473473473474       -1.3987944508878845        1.2736907728490887     
   2.3573573573573574       -1.3251176367512425        1.3489865842716178     
   2.3673673673673674       -1.2455932563272583        1.4200479480496500     
   2.3773773773773774       -1.1593014630515306        1.4868841402759658     
   2.3873873873873874       -1.0648519489354757        1.5492146018735093     
   2.3973973973973974      -0.96010900525362608        1.6063185378876172     
   2.4074074074074074      -0.84145430908608021        1.6561519598722991     
   2.4174174174174174      -0.70383715581849737        1.6927036238697433     
   2.4274274274274275      -0.54556990937452432        1.7046862948321866     
   2.4374374374374375      -0.36033708714122853        1.6679121729741160     
   2.4474474474474475      -0.21193188430029022        1.5364203421938050     
   2.4574574574574575      -0.15779133075394530        1.3917850430218079     
   2.4674674674674675      -0.16986940753518920        1.2724779191639113     
   2.4774774774774775      -0.24385586893898545        1.2561739868437580     
   2.4874874874874875      -0.16461280021612390        1.3015170922809292     
   2.4974974974974975       -9.2408732654190931E-002   1.2346199648204721     
   2.5075075075075075       -6.4859935775456651E-002   1.1680343279619638     
   2.5175175175175175       -5.1586410755639509E-002   1.1134537140461747     
   2.5275275275275275       -4.3844318426188141E-002   1.0673108059705236     
   2.5375375375375375       -3.8965175674531144E-002   1.0268341086477517     
   2.5475475475475475       -3.6135162842672625E-002  0.99010170763254457     
   2.5575575575575575       -3.5615343790884824E-002  0.95548322202330627     
   2.5675675675675675       -3.9629181379263578E-002  0.92132749750631648     
   2.5775775775775776       -5.7347125907500129E-002  0.88909361087760952     
   2.5875875875875876       -9.1776026160968499E-002  0.89789746176800056     
   2.5975975975975976       -5.7172576211426455E-002  0.91479881235116767     
   2.6076076076076076       -3.3787481355184945E-002  0.88847099043278521     
   2.6176176176176176       -2.5620742268680989E-002  0.86278688848629392     
   2.6276276276276276       -2.2672511306336383E-002  0.84118151556319642     
   2.6376376376376376       -2.0260592291497598E-002  0.82374608995287624     
   2.6476476476476476       -1.7613139064801043E-002  0.80648005904827036     
   2.6576576576576576       -1.6389326025655734E-002  0.79027094963993949     
   2.6676676676676676       -1.5611089994015255E-002  0.77616659109089459     
   2.6776776776776776       -1.4002645253458500E-002  0.76259208716586335     
   2.6876876876876876       -1.2923019015777198E-002  0.74937515798428256     
   2.6976976976976976       -1.2134497522514089E-002  0.73691698445081988     
   2.7077077077077076       -1.1481582841312853E-002  0.72514081445257106     
   2.7177177177177176       -1.0912742332074413E-002  0.71396202534906261     
   2.7277277277277276       -1.0405230625195752E-002  0.70331504155902547     
   2.7377377377377377       -9.9461710256307737E-003  0.69314792442384054     
   2.7477477477477477       -9.5269934514335356E-003  0.68341728632042309     
   2.7577577577577577       -9.1421251851038048E-003  0.67408668675872241     
   2.7677677677677677       -8.7870077343085457E-003  0.66512475028688867     
   2.7777777777777777       -8.4580601225068153E-003  0.65650385524866395     
   2.7877877877877877       -8.1524058214292698E-003  0.64819949535040267     
   2.7977977977977977       -7.8676853242260845E-003  0.64018972418544484     
   2.8078078078078077       -7.6019430866867592E-003  0.63245471748615290     
   2.8178178178178177       -7.3535559496183513E-003  0.62497641859788922     
   2.8278278278278277       -7.1211899081725189E-003  0.61773823795545424     
   2.8378378378378377       -6.9037807146009565E-003  0.61072478331766245     
   2.8478478478478477       -6.7005399599110570E-003  0.60392159878598783     
   2.8578578578578577       -6.5109959263788203E-003  0.59731488666595345     
   2.8678678678678677       -6.3350926416004278E-003  0.59089117471796204     
   2.8778778778778777       -6.1734044674507790E-003  0.58463686786257918     
   2.8878878878878878       -6.0276237115760474E-003  0.57853760410786059     
   2.8978978978978978       -5.9015202788927279E-003  0.57257767345628907     
   2.9079079079079078       -5.8004923632093836E-003  0.56673738804511542     
   2.9179179179179178       -5.7419062747841284E-003  0.56098599656714809     
   2.9279279279279278       -5.7686181719603744E-003  0.55528070283299791     
   2.9379379379379378       -6.0062052423267530E-003  0.54955508946820453     
   2.9479479479479478       -6.8708464230889266E-003  0.54382814281572101     
   2.9579579579579578       -9.3022363773357913E-003  0.53937381870700585     
   2.9679679679679678       -8.7955981874919351E-003  0.53838674918342122     
   2.9779779779779778       -6.3049187055780921E-003  0.53370526302424304     
   2.9879879879879878       -5.4008704286514228E-003  0.52835139361193728     
   2.9979979979979978       -5.0227831576595359E-003  0.52326472983315431     
   3.0080080080080087       -4.8246798620980250E-003  0.51838665813842078     
   3.0180180180180187       -4.7135391618206325E-003  0.51364276126317165     
   3.0280280280280287       -4.6692739837988616E-003  0.50897800200549592     
   3.0380380380380387       -4.7181630261755860E-003  0.50434874577144762     
   3.0480480480480487       -4.9148020090408525E-003  0.49980050689669508     
   3.0580580580580587       -5.0968401795643261E-003  0.49521459230779197     
   3.0680680680680688       -5.7785471047641732E-003  0.49038469427767306     
   3.0780780780780788       -6.9840227262939498E-003  0.48611939397798781     
   3.0880880880880888       -8.3771248740665012E-003  0.48110591953469789     
   3.0980980980980988       -1.4302422392080733E-002  0.47699083498371886     
   3.1081081081081088       -1.6801925659614230E-002  0.48434136929549110     
   3.1181181181181188       -8.9033602309283449E-003  0.48292789547680565     
   3.1281281281281288       -5.9434588079378785E-003  0.47747539763478641     
   3.1381381381381388       -4.8949687534296255E-003  0.47252040120852379     
   3.1481481481481488       -4.4692517167051566E-003  0.46800631829645239     
   3.1581581581581588       -4.3413749325369195E-003  0.46370527885483215     
   3.1681681681681688       -4.4835484524019201E-003  0.45943791766355874     
   3.1781781781781788       -5.1543901389678060E-003  0.45505313911410628     
   3.1881881881881888       -7.4006931169274936E-003  0.45104170391587683     
   3.1981981981981988       -9.1977821672871805E-003  0.45128362421289880     
   3.2082082082082088       -6.4793975982374479E-003  0.44870462026627383     
   3.2182182182182189       -6.2108616464179763E-003  0.44375593030342270     
   3.2282282282282289       -8.7454625063333440E-003  0.43897810530428738     
   3.2382382382382389       -1.2954323981463638E-002  0.43970658006522606     
   3.2482482482482489       -1.0394108580866620E-002  0.43905710163968559     
   3.2582582582582589       -1.2561771899576567E-002  0.43739509688828837     
   3.2682682682682689       -9.4352964628964843E-003  0.43932014880970727     
   3.2782782782782789       -6.3657978429640782E-003  0.43599414156122268     
   3.2882882882882889       -4.6059735647202135E-003  0.43252585748145922     
   3.2982982982982989       -3.7446375509583387E-003  0.42883056957818932     
   3.3083083083083089       -3.4137019257896432E-003  0.42541721454596698     
   3.3183183183183189       -3.4191331948834449E-003  0.42226425874571683     
   3.3283283283283289       -3.5313933918265598E-003  0.41966779114285391     
   3.3383383383383389       -3.3822249770058244E-003  0.41704379994504776     
   3.3483483483483489       -3.3115179600965469E-003  0.41467457661813584     
   3.3583583583583589       -2.9234187100161050E-003  0.41226393145580087     
   3.3683683683683689       -2.6589288875722757E-003  0.40963913279551695     
   3.3783783783783790       -2.5320080080388136E-003  0.40707791258475834     
   3.3883883883883890       -2.4517668411217254E-003  0.40459609687833453     
   3.3983983983983990       -2.3912452759906186E-003  0.40217808155216950     
   3.4084084084084090       -2.3412483505436338E-003  0.39981290334541719     
   3.4184184184184190       -2.2978895322043973E-003  0.39749331984574476     
   3.4284284284284290       -2.2592516654469362E-003  0.39521418890557275     
   3.4384384384384390       -2.2242927442528144E-003  0.39297156595179228     
   3.4484484484484490       -2.1924238319231955E-003  0.39076220725713562     
   3.4584584584584590       -2.1633279691119383E-003  0.38858327191257869     
   3.4684684684684690       -2.1368811059134384E-003  0.38643211907198527     
   3.4784784784784790       -2.1131257255191231E-003  0.38430614566672350     
   3.4884884884884890       -2.0922812290959034E-003  0.38220262940119437     
   3.4984984984984990       -2.0747924332657126E-003  0.38011854599616707     
   3.5085085085085090       -2.0614336129987890E-003  0.37805032200741201     
   3.5185185185185190       -2.0535118570471087E-003  0.37599346170895093     
   3.5285285285285291       -2.0532708489650726E-003  0.37394193582767155     
   3.5385385385385391       -2.0647398798012122E-003  0.37188710979973622     
   3.5485485485485491       -2.0956762230277810E-003  0.36981574502839554     
   3.5585585585585591       -2.1625333354812057E-003  0.36770607049991966     
   3.5685685685685691       -2.3051510871061331E-003  0.36552001589049882     
   3.5785785785785791       -2.6389400600061374E-003  0.36319231763106308     
   3.5885885885885891       -3.5740984895274663E-003  0.36069607274525523     
   3.5985985985985991       -6.1106600267442895E-003  0.35935888909357488     
   3.6086086086086091       -5.7346277342571663E-003  0.36097156161132604     
   3.6186186186186191       -4.2827511809451707E-003  0.35913452853305694     
   3.6286286286286291       -3.8955067411582684E-003  0.35771319497609516     
   3.6386386386386391       -3.4285700653578005E-003  0.35577146892557321     
   3.6486486486486491       -2.9974808190064107E-003  0.35421587466352183     
   3.6586586586586591       -2.5282408062771789E-003  0.35201583391691454     
   3.6686686686686691       -2.5443069589096137E-003  0.34968222151164297     
   3.6786786786786791       -3.0882152089360660E-003  0.34732316098663396     
   3.6886886886886892       -4.5717617194797073E-003  0.34587712228897882     
   3.6986986986986992       -4.1040011120737204E-003  0.34546574811229508     
   3.7087087087087092       -4.0025876085326732E-003  0.34293835670459083     
   3.7187187187187192       -6.3974337609170023E-003  0.34101014183379980     
   3.7287287287287292       -7.0682193739471082E-003  0.34390481919920746     
   3.7387387387387392       -3.8288859593031805E-003  0.34291336706729969     
   3.7487487487487492       -2.6572329851339122E-003  0.34044304399992403     
   3.7587587587587592       -2.2608970598601880E-003  0.33817717170351996     
   3.7687687687687692       -2.1443437253540901E-003  0.33606094823346988     
   3.7787787787787792       -2.2197003811311529E-003  0.33397453063342197     
   3.7887887887887892       -2.6270961210396685E-003  0.33182502715851869     
   3.7987987987987992       -3.9916212459614256E-003  0.32996859226415315     
   3.8088088088088092       -4.7878613731199334E-003  0.33063534793954069     
   3.8188188188188192       -3.1504504392458029E-003  0.32943128677530342     
   3.8288288288288292       -2.7739865134821465E-003  0.32712891350060003     
   3.8388388388388393       -3.0600978028810242E-003  0.32476694777195009     
   3.8488488488488493       -4.4886471674815374E-003  0.32213741841417837     
   3.8588588588588593       -8.8154675054329182E-003  0.32165580665514759     
   3.8688688688688693       -7.6761396917607340E-003  0.32665488209276372     
   3.8788788788788793       -3.9653013500337573E-003  0.32514291087021968     
   3.8888888888888893       -2.9717696270750221E-003  0.32265181037113932     
   3.8988988988988993       -3.0206997922733966E-003  0.32103871207980089     
   3.9089089089089093       -2.3539367779292259E-003  0.31975170864602348     
   3.9189189189189193       -2.0085644649572333E-003  0.31792618032176140     
   3.9289289289289293       -2.1396551055268436E-003  0.31616935300503685     
   3.9389389389389393       -2.6959073007276051E-003  0.31509594536716007     
   3.9489489489489493       -2.1702572685557120E-003  0.31443293419234231     
   3.9589589589589593       -1.6765078952183266E-003  0.31295130562611284     
   3.9689689689689693       -1.5014672659533039E-003  0.31144866991945352     
   3.9789789789789793       -1.4346989619605272E-003  0.31001088743554372     
   3.9889889889889893       -1.4305137820473652E-003  0.30860773422024534     
   3.9989989989989994       -1.5286337436519724E-003  0.30722076617337690     
   4.0090090090090094       -1.8550198016474746E-003  0.30603585671172773     
   4.0190190190190194       -1.8247355854201098E-003  0.30526874764718520     
   4.0290290290290294       -1.4983499913364562E-003  0.30418277865289156     
   4.0390390390390394       -1.3196139250597249E-003  0.30290002952719164     
   4.0490490490490494       -1.2472528295573253E-003  0.30164283093970073     
   4.0590590590590594       -1.2089696567625810E-003  0.30042236231858294     
   4.0690690690690694       -1.1840129651978577E-003  0.29922850040787530     
   4.0790790790790794       -1.1655452665495362E-003  0.29805457681759923     
   4.0890890890890894       -1.1508459747760311E-003  0.29689649258312700     
   4.0990990990990994       -1.1386879911805625E-003  0.29575149661980071     
   4.1091091091091094       -1.1284931795004804E-003  0.29461752676509401     
   4.1191191191191194       -1.1200236824267260E-003  0.29349284969426931     
   4.1291291291291294       -1.1132715126907753E-003  0.29237583209396867     
   4.1391391391391394       -1.1084490512602739E-003  0.29126475283157266     
   4.1491491491491495       -1.1060745904412901E-003  0.29015759086507470     
   4.1591591591591595       -1.1072353857350910E-003  0.28905170977641742     
   4.1691691691691695       -1.1143446746599071E-003  0.28794330675592417     
   4.1791791791791795       -1.1336530154211143E-003  0.28682650930490794     
   4.1891891891891895       -1.1853586803058697E-003  0.28569428297310190     
   4.1991991991991995       -1.3367588638403061E-003  0.28458327808873463     
   4.2092092092092095       -1.4315880428790208E-003  0.28371822072877856     
   4.2192192192192195       -1.2867659235838004E-003  0.28264168017304492     
   4.2292292292292295       -1.2826467692365945E-003  0.28142116765219660     
   4.2392392392392395       -1.3878293267223702E-003  0.28013977414695546     
   4.2492492492492495       -1.6804238835188329E-003  0.27875312236151784     
   4.2592592592592595       -2.5352506841090109E-003  0.27736314050415017     
   4.2692692692692695       -3.6867876372759863E-003  0.27734068300526293     
   4.2792792792792795       -3.4687399207561330E-003  0.27676774529858839     
   4.2892892892892895       -4.1235156516926273E-003  0.27665775687013361     
   4.2992992992992995       -3.9451115910822442E-003  0.27674972188249747     
   4.3093093093093096       -2.6004607742932530E-003  0.27658693413110552     
   4.3193193193193196       -1.7613097240939297E-003  0.27511261848559904     
   4.3293293293293296       -1.5181608747998124E-003  0.27363830105075559     
   4.3393393393393396       -1.5334405197176650E-003  0.27221969515606209     
   4.3493493493493496       -1.8702730915733392E-003  0.27080839627530678     
   4.3593593593593596       -2.7492155340222610E-003  0.26999153584249169     
   4.3693693693693696       -2.4578277817201735E-003  0.26963628631632702     
   4.3793793793793796       -2.6006093557449077E-003  0.26807433516428436     
   4.3893893893893896       -4.4208241300390111E-003  0.26725118649734969     
   4.3993993993993996       -4.1891687251675762E-003  0.26931159996520260     
   4.4094094094094096       -2.3185046561335697E-003  0.26840254557648180     
   4.4194194194194196       -1.7302091942141297E-003  0.26694909381335363     
   4.4294294294294296       -1.5133506861336465E-003  0.26555490310560709     
   4.4394394394394396       -1.5826921351993529E-003  0.26414584450508294     
   4.4494494494494496       -2.0834299535963880E-003  0.26267594135292310     
   4.4594594594594597       -3.7615858665963064E-003  0.26173695602714164     
   4.4694694694694697       -4.1585218790529061E-003  0.26374142113644267     
   4.4794794794794797       -2.1918297224036150E-003  0.26324930290320403     
   4.4894894894894897       -1.4942861022321145E-003  0.26187219177533955     
   4.4994994994994997       -1.2744924564399112E-003  0.26061387581025519     
   4.5095095095095097       -1.2673839365113851E-003  0.25943960095771895     
   4.5195195195195197       -1.5501652500756415E-003  0.25835965132885047     
   4.5295295295295297       -1.9413176494885011E-003  0.25798268525466217     
   4.5395395395395397       -1.5723988403216660E-003  0.25744845068421884     
   4.5495495495495497       -1.2748296087313998E-003  0.25670656669987324     
   4.5595595595595597       -1.0477580449111744E-003  0.25574576255025899     
   4.5695695695695697       -9.7680711453859291E-004  0.25478124518835010     
   4.5795795795795797       -9.8568874566482370E-004  0.25383626330336129     
   4.5895895895895897       -1.1143721946441170E-003  0.25289886764822012     
   4.5995995995995997       -1.4866267699441783E-003  0.25221841729042321     
   4.6096096096096097       -1.3031407480416544E-003  0.25189367975512444     
   4.6196196196196198       -1.0701724139758335E-003  0.25103147147272770     
   4.6296296296296298       -1.1373603311114217E-003  0.25019826591534361     
   4.6396396396396398       -1.0795298546182601E-003  0.24962837533836069     
   4.6496496496496498       -9.1353404397625994E-004  0.24882799617198126     
   4.6596596596596598       -8.8397905022425554E-004  0.24798772543201186     
   4.6696696696696698       -9.6750916707251042E-004  0.24721379334286017     
   4.6796796796796798       -9.5025598612575365E-004  0.24663330848601911     
   4.6896896896896898       -8.2171204613775512E-004  0.24589364237942699     
   4.6996996996996998       -7.7231294284757534E-004  0.24512192018960688     
   4.7097097097097098       -7.5029756713102685E-004  0.24436673230946426     
   4.7197197197197198       -7.3793462198595470E-004  0.24362461545947217     
   4.7297297297297298       -7.3031688333670397E-004  0.24289137039291153     
   4.7397397397397398       -7.2619058607215829E-004  0.24216389146133832     
   4.7497497497497498       -7.2622824354599597E-004  0.24143926040257255     
   4.7597597597597598       -7.3417390268337073E-004  0.24071384204514146     
   4.7697697697697699       -7.6402769633206430E-004  0.23998411477060588     
   4.7797797797797799       -8.6322598488131010E-004  0.23928184315512022     
   4.7897897897897899       -9.0356719091745446E-004  0.23876646570659296     
   4.7997997997997999       -7.7627370962515081E-004  0.23811005198602228     
   4.8098098098098099       -7.2919424305054189E-004  0.23738876313080146     
   4.8198198198198199       -7.1406668370267593E-004  0.23667459925002959     
   4.8298298298298299       -7.1086997539349561E-004  0.23596520810883045     
   4.8398398398398399       -7.1557637003040822E-004  0.23525472367591280     
   4.8498498498498499       -7.3008286591501987E-004  0.23453670432460366     
   4.8598598598598599       -7.6369834645477713E-004  0.23380229599741373     
   4.8698698698698699       -8.4905453564733423E-004  0.23304236140182480     
   4.8798798798798799       -1.0815661898485348E-003  0.23233039438017128     
   4.8898898898898899       -1.1804170618330749E-003  0.23187228848336261     
   4.8998998998998999       -1.2753997167474394E-003  0.23113905136756127     
   4.9099099099099099       -1.5321030897027543E-003  0.23085732114750496     
   4.9199199199199199       -1.1622424713619533E-003  0.23031804682739634     
   4.9299299299299300       -1.1211196309881444E-003  0.22939834680226523     
   4.9399399399399400       -1.4746635466533083E-003  0.22854232689452766     
   4.9499499499499500       -1.7825276560965882E-003  0.22816338967455135     
   4.9599599599599600       -2.1958753926811770E-003  0.22754584243666887     
   4.9699699699699700       -2.5640238305673292E-003  0.22775928797331052     
   4.9799799799799800       -1.9455744696463388E-003  0.22800947876512231     
   4.9899899899899900       -1.2041255246384101E-003  0.22721356908317622     
   5.0000000000000000       -9.6300606317485627E-004  0.22628002787117443     
