  -5.0000000000000000       -8.9376835106511412E-004 -0.24308155284308133     
  -4.9899899899899900       -1.0183283906906816E-003 -0.24377132713857363     
  -4.9799799799799800       -9.1293322600833823E-004 -0.24440229863708840     
  -4.9699699699699700       -8.2991121756274832E-004 -0.24519946055553823     
  -4.9599599599599600       -8.0358399620018785E-004 -0.24600232525137655     
  -4.9499499499499500       -7.9448819111997790E-004 -0.24679778369420463     
  -4.9399399399399400       -7.9174697149690090E-004 -0.24758990941124351     
  -4.9299299299299300       -7.9196196826851744E-004 -0.24838164944118482     
  -4.9199199199199199       -7.9382064526587685E-004 -0.24917479421076674     
  -4.9099099099099099       -7.9672524465717329E-004 -0.24997050052822412     
  -4.8998998998998999       -8.0036842311798561E-004 -0.25076957946771095     
  -4.8898898898898899       -8.0457785063596055E-004 -0.25157264382125760     
  -4.8798798798798799       -8.0925129020268283E-004 -0.25238018731559353     
  -4.8698698698698699       -8.1432656770214656E-004 -0.25319263021309113     
  -4.8598598598598599       -8.1976659479146433E-004 -0.25401034760786478     
  -4.8498498498498499       -8.2555156182920284E-004 -0.25483368847746429     
  -4.8398398398398399       -8.3167490993033704E-004 -0.25566298976079876     
  -4.8298298298298299       -8.3814157708484186E-004 -0.25649858795068636     
  -4.8198198198198199       -8.4496794191169834E-004 -0.25734082987807166     
  -4.8098098098098099       -8.5218357634078722E-004 -0.25819008408897520     
  -4.7997997997997999       -8.5983614944714563E-004 -0.25904675416300527     
  -4.7897897897897899       -8.6800532697894699E-004 -0.25991129265119767     
  -4.7797797797797799       -8.7682376953859375E-004 -0.26078417168349982     
  -4.7697697697697699       -8.8624852308671301E-004 -0.26166595752813487     
  -4.7597597597597598       -8.9657577903548016E-004 -0.26255770508012688     
  -4.7497497497497498       -9.0829113332196326E-004 -0.26346034675401797     
  -4.7397397397397398       -9.2205446103687573E-004 -0.26437533679851588     
  -4.7297297297297298       -9.3930248373535064E-004 -0.26530491193940686     
  -4.7197197197197198       -9.6356789425325546E-004 -0.26625266684580623     
  -4.7097097097097098       -1.0055018772579618E-003 -0.26722388386657425     
  -4.6996996996996998       -1.1017193427169251E-003 -0.26821157535427015     
  -4.6896896896896898       -1.2664811974739969E-003 -0.26909788568283083     
  -4.6796796796796798       -1.2284598111574855E-003 -0.26988791479082819     
  -4.6696696696696698       -1.1506526426355715E-003 -0.27091788377965492     
  -4.6596596596596598       -1.2239583099749171E-003 -0.27198619515687061     
  -4.6496496496496498       -1.3276431225487577E-003 -0.27290312383439569     
  -4.6396396396396398       -1.2307369701164564E-003 -0.27389589084078847     
  -4.6296296296296298       -1.2055515566299357E-003 -0.27505091965106521     
  -4.6196196196196198       -1.2482036454722627E-003 -0.27625597367757493     
  -4.6096096096096097       -1.3407706137959301E-003 -0.27752754136596131     
  -4.5995995995995997       -1.5083614007023428E-003 -0.27890840263654249     
  -4.5895895895895897       -1.8378612527958048E-003 -0.28047008910882798     
  -4.5795795795795797       -2.6166538006890481E-003 -0.28231221811443025     
  -4.5695695695695697       -4.8768356547040197E-003 -0.28406963001023422     
  -4.5595595595595597       -7.6064130813160991E-003 -0.28179534653097860     
  -4.5495495495495497       -5.5265104276847185E-003 -0.28081580185605287     
  -4.5395395395395397       -4.2640654557886282E-003 -0.28212562933883156     
  -4.5295295295295297       -5.2882487418232709E-003 -0.28379029334960593     
  -4.5195195195195197       -5.2249924904447321E-003 -0.28220070105959477     
  -4.5095095095095097       -3.0703666101248206E-003 -0.28349555385945902     
  -4.4994994994994997       -2.4943219586394606E-003 -0.28569908698114427     
  -4.4894894894894897       -2.7569559934608099E-003 -0.28793722943597316     
  -4.4794794794794797       -4.2665870305555629E-003 -0.29020033033663556     
  -4.4694694694694697       -7.9519588219558162E-003 -0.28973001695046724     
  -4.4594594594594597       -6.3821123840393356E-003 -0.28610750914635241     
  -4.4494494494494496       -3.4538332943711862E-003 -0.28736079396931286     
  -4.4394394394394396       -2.6149066089462547E-003 -0.28915685659171991     
  -4.4294294294294296       -1.9642147201409553E-003 -0.29068060020687464     
  -4.4194194194194196       -1.6305481499142792E-003 -0.29229987999290474     
  -4.4094094094094096       -1.4854230309286995E-003 -0.29380834843699088     
  -4.3993993993993996       -1.4158126055472924E-003 -0.29523777835163978     
  -4.3893893893893896       -1.3881835409240235E-003 -0.29662517496946778     
  -4.3793793793793796       -1.4011618616980078E-003 -0.29799661042494785     
  -4.3693693693693696       -1.4875223545567984E-003 -0.29935354170872858     
  -4.3593593593593596       -1.6911464587921500E-003 -0.30064136965500426     
  -4.3493493493493496       -1.8621725997470116E-003 -0.30151852002643548     
  -4.3393393393393396       -1.5276892388107019E-003 -0.30264278545160406     
  -4.3293293293293296       -1.3890100887921000E-003 -0.30400043638309349     
  -4.3193193193193196       -1.3439589566517855E-003 -0.30534525349025193     
  -4.3093093093093096       -1.3282509232295310E-003 -0.30667500858363389     
  -4.2992992992992995       -1.3242628116629440E-003 -0.30799916687384887     
  -4.2892892892892895       -1.3262642549810740E-003 -0.30932362074444536     
  -4.2792792792792795       -1.3318620142695487E-003 -0.31065111701930193     
  -4.2692692692692695       -1.3381179320739879E-003 -0.31198482436362468     
  -4.2592592592592595       -1.3461693232125777E-003 -0.31332737832733826     
  -4.2492492492492495       -1.3556961249054718E-003 -0.31467914788405027     
  -4.2392392392392395       -1.3662735098416542E-003 -0.31604110303209854     
  -4.2292292292292295       -1.3777107226862592E-003 -0.31741413449454581     
  -4.2192192192192195       -1.3899053179962863E-003 -0.31879902610478422     
  -4.2092092092092095       -1.4027987557561118E-003 -0.32019649238111264     
  -4.1991991991991995       -1.4163605063580572E-003 -0.32160720736079484     
  -4.1891891891891895       -1.4305826629945121E-003 -0.32303182510368622     
  -4.1791791791791795       -1.4454765568140055E-003 -0.32447098439795685     
  -4.1691691691691695       -1.4610242711977158E-003 -0.32592534854111199     
  -4.1591591591591595       -1.4772901138721110E-003 -0.32739565240291940     
  -4.1491491491491495       -1.4943433710140942E-003 -0.32888261392022389     
  -4.1391391391391394       -1.5122610446505012E-003 -0.33038703892678706     
  -4.1291291291291294       -1.5311588871235384E-003 -0.33190983212334357     
  -4.1191191191191194       -1.5512041403956446E-003 -0.33345203206954283     
  -4.1091091091091094       -1.5726428760168801E-003 -0.33501486833615501     
  -4.0990990990990994       -1.5958526850796725E-003 -0.33659985147381338     
  -4.0890890890890894       -1.6214494507738643E-003 -0.33820892317436579     
  -4.0790790790790794       -1.6505244101368765E-003 -0.33984472352544659     
  -4.0690690690690694       -1.6852366792914576E-003 -0.34151109618201730     
  -4.0590590590590594       -1.7305351553372620E-003 -0.34321406182853859     
  -4.0490490490490494       -1.8001972779570668E-003 -0.34496321402668934     
  -4.0390390390390394       -1.9419891241099904E-003 -0.34676470641928975     
  -4.0290290290290294       -2.2742134771842034E-003 -0.34847571208820760     
  -4.0190190190190194       -2.3198148026878089E-003 -0.34984576349755486     
  -4.0090090090090094       -2.1072250997453299E-003 -0.35165720917398791     
  -3.9989989989989989       -2.1323325888640368E-003 -0.35365349976657229     
  -3.9889889889889889       -2.3493719691366913E-003 -0.35557780902081054     
  -3.9789789789789789       -2.3422052853269348E-003 -0.35740661707732546     
  -3.9689689689689689       -2.3555700744185425E-003 -0.35959151832377895     
  -3.9589589589589589       -2.5694151558494920E-003 -0.36195837627653255     
  -3.9489489489489489       -3.0901637386861773E-003 -0.36455553450811867     
  -3.9389389389389389       -4.4406581861587465E-003 -0.36731546264044190     
  -3.9289289289289289       -7.3230700219311662E-003 -0.36832005774895388     
  -3.9189189189189189       -6.3218157483482555E-003 -0.36786558917858098     
  -3.9089089089089089       -6.4397506821611689E-003 -0.37120320877792240     
  -3.8988988988988988       -1.0287445753601205E-002 -0.37173346561006804     
  -3.8888888888888888       -7.6147109123031499E-003 -0.36896330006129052     
  -3.8788788788788788       -4.7888907275027287E-003 -0.37215552415384856     
  -3.8688688688688688       -4.2739462929722851E-003 -0.37595936034036254     
  -3.8588588588588588       -5.1057980652345685E-003 -0.37985369845548639     
  -3.8488488488488488       -8.5178894393626598E-003 -0.38316734120146539     
  -3.8388388388388388       -1.1513203806204618E-002 -0.38028014225027118     
  -3.8288288288288288       -9.2387958300038410E-003 -0.38110228216702108     
  -3.8188188188188188       -9.5513529685023468E-003 -0.38032114739255479     
  -3.8088088088088088       -5.6386924228667597E-003 -0.38167896642241206     
  -3.7987987987987988       -4.0750743615929463E-003 -0.38532971163444912     
  -3.7887887887887888       -3.8331200962803480E-003 -0.38874188884316474     
  -3.7787787787787788       -4.4365666976161778E-003 -0.39144097055167809     
  -3.7687687687687688       -4.1372355755486118E-003 -0.39304457222113670     
  -3.7587587587587588       -3.5360071221524881E-003 -0.39590800251343622     
  -3.7487487487487487       -3.9153409669183863E-003 -0.39890454914945317     
  -3.7387387387387387       -4.8242614344355308E-003 -0.40049311057069703     
  -3.7287287287287287       -3.7143157169300090E-003 -0.40213533907839533     
  -3.7187187187187187       -3.0679951902173783E-003 -0.40497448190915003     
  -3.7087087087087087       -2.8513789851480915E-003 -0.40781885702214515     
  -3.6986986986986987       -2.7733673793588313E-003 -0.41059818586625046     
  -3.6886886886886887       -2.7477709297391594E-003 -0.41334672141328982     
  -3.6786786786786787       -2.7467278825740924E-003 -0.41608919417228479     
  -3.6686686686686687       -2.7592811767296367E-003 -0.41884050963085068     
  -3.6586586586586587       -2.7803800100749286E-003 -0.42161017350234931     
  -3.6486486486486487       -2.8074097688872029E-003 -0.42440473953806657     
  -3.6386386386386387       -2.8388977933608045E-003 -0.42722906678005423     
  -3.6286286286286287       -2.8739630635500548E-003 -0.43008699313608711     
  -3.6186186186186187       -2.9120571391869194E-003 -0.43298171781081468     
  -3.6086086086086087       -2.9528328758220337E-003 -0.43591603106674981     
  -3.5985985985985987       -2.9960779586736502E-003 -0.43889245679839228     
  -3.5885885885885886       -3.0416702508949058E-003 -0.44191330867493295     
  -3.5785785785785786       -3.0894098800521175E-003 -0.44498084680451455     
  -3.5685685685685686       -3.1393520160867485E-003 -0.44809739179921021     
  -3.5585585585585586       -3.1915272389626010E-003 -0.45126506850864978     
  -3.5485485485485486       -3.2459504616390452E-003 -0.45448608333495649     
  -3.5385385385385386       -3.3026763941908666E-003 -0.45776269928301044     
  -3.5285285285285286       -3.3617891569940254E-003 -0.46109725180670774     
  -3.5185185185185186       -3.4234004846677938E-003 -0.46449217429000056     
  -3.5085085085085086       -3.4876515474325004E-003 -0.46795002543352032     
  -3.4984984984984986       -3.5547171614806463E-003 -0.47147351982301050     
  -3.4884884884884886       -3.6248125957243920E-003 -0.47506556378426201     
  -3.4784784784784786       -3.6982038369666394E-003 -0.47872929928408059     
  -3.4684684684684686       -3.7752229125537092E-003 -0.48246815975165885     
  -3.4584584584584586       -3.8562910900379623E-003 -0.48628594359957128     
  -3.4484484484484486       -3.9419550785532035E-003 -0.49018691451937407     
  -3.4384384384384385       -4.0329461133432930E-003 -0.49417594353506428     
  -3.4284284284284285       -4.1302825854289994E-003 -0.49825871890851231     
  -3.4184184184184185       -4.2354642122467805E-003 -0.50244207196912560     
  -3.4084084084084085       -4.3508852997907231E-003 -0.50673451158225824     
  -3.3983983983983985       -4.4808689020013797E-003 -0.51114713911737719     
  -3.3883883883883881       -4.6348719945093894E-003 -0.51569504387506715     
  -3.3783783783783781       -4.8396368315971891E-003 -0.52039527936114671     
  -3.3683683683683681       -5.1508442630456130E-003 -0.52520794364377665     
  -3.3583583583583581       -5.4539668514142353E-003 -0.53007945084431907     
  -3.3483483483483480       -5.7221529482584252E-003 -0.53518661650003641     
  -3.3383383383383380       -6.0505220921516171E-003 -0.54054559352209108     
  -3.3283283283283280       -6.5873240723245546E-003 -0.54645258165081079     
  -3.3183183183183180       -7.8362697513974979E-003 -0.55255792273405813     
  -3.3083083083083080       -9.2258449372917637E-003 -0.55903866897524424     
  -3.2982982982982980       -1.3467408862269027E-002 -0.56646325018369148     
  -3.2882882882882880       -2.0122581122123090E-002 -0.56689671947664788     
  -3.2782782782782780       -1.8642728073414803E-002 -0.56966086976494834     
  -3.2682682682682680       -2.4073962364794001E-002 -0.56963641947902377     
  -3.2582582582582580       -1.5705597550586411E-002 -0.56806747636736299     
  -3.2482482482482480       -1.0477968001881504E-002 -0.57662072196336545     
  -3.2382382382382380       -8.9584593787943798E-003 -0.58537434316604142     
  -3.2282282282282280       -8.7359992558166469E-003 -0.59380577737872109     
  -3.2182182182182180       -9.4468450027731573E-003 -0.60220691893083300     
  -3.2082082082082080       -1.0827217061093053E-002 -0.61012665605346128     
  -3.1981981981981980       -1.2785643727555135E-002 -0.61932620412515638     
  -3.1881881881881879       -2.0439007971386838E-002 -0.62821688619873439     
  -3.1781781781781779       -2.7999316298199423E-002 -0.62169200891239940     
  -3.1681681681681679       -1.6832797508251784E-002 -0.62313049277758781     
  -3.1581581581581579       -1.2166115182056030E-002 -0.63305158462285038     
  -3.1481481481481479       -1.0437554960262373E-002 -0.64295144044550068     
  -3.1381381381381379       -9.8071454404004641E-003 -0.65260643898176274     
  -3.1281281281281279       -9.7062059751237429E-003 -0.66219720298891749     
  -3.1181181181181179       -9.9202126928301156E-003 -0.67189137617452854     
  -3.1081081081081079       -1.0494427083057728E-002 -0.68187149539556280     
  -3.0980980980980979       -1.1929947665570822E-002 -0.69212704608441122     
  -3.0880880880880879       -1.4415681958813710E-002 -0.70083861057647034     
  -3.0780780780780779       -1.5068299079089175E-002 -0.70840313073922367     
  -3.0680680680680679       -1.3092711581558746E-002 -0.71729925623580204     
  -3.0580580580580579       -1.2105686326128191E-002 -0.72879117713540920     
  -3.0480480480480479       -1.2052357592419034E-002 -0.74063911300145802     
  -3.0380380380380378       -1.2310201497190145E-002 -0.75274712766889107     
  -3.0280280280280278       -1.2708013681520665E-002 -0.76522391121774680     
  -3.0180180180180178       -1.3193301237432599E-002 -0.77815566329515007     
  -3.0080080080080078       -1.3748432226706610E-002 -0.79161230363438073     
  -2.9979979979979978       -1.4368638323145751E-002 -0.80565777442017006     
  -2.9879879879879878       -1.5055080100667485E-002 -0.82035595187522181     
  -2.9779779779779778       -1.5812388422099390E-002 -0.83577423611811996     
  -2.9679679679679678       -1.6647798286955728E-002 -0.85198616165947993     
  -2.9579579579579578       -1.7570965968314839E-002 -0.86907370774857462     
  -2.9479479479479478       -1.8594159341944881E-002 -0.88712968781851598     
  -2.9379379379379378       -1.9732726922149862E-002 -0.90626048509645130     
  -2.9279279279279278       -2.1005849270892583E-002 -0.92658938338896391     
  -2.9179179179179178       -2.2437642014854067E-002 -0.94826078363354704     
  -2.9079079079079078       -2.4058748524869802E-002 -0.97144569382862012     
  -2.8978978978978978       -2.5908658322358367E-002 -0.99634904871920338     
  -2.8878878878878878       -2.8039148566427884E-002  -1.0232196954436386     
  -2.8778778778778777       -3.0519531796933400E-002  -1.0523643486836958     
  -2.8678678678678677       -3.3444928186600199E-002  -1.0841676201268515     
  -2.8578578578578577       -3.6949838429349645E-002  -1.1191216505632187     
  -2.8478478478478477       -4.1231517534551586E-002  -1.1578715099879893     
  -2.8378378378378377       -4.6592678744084993E-002  -1.2012876494299922     
  -2.8278278278278277       -5.3525476230796870E-002  -1.2505871146075396     
  -2.8178178178178177       -6.2892924384881144E-002  -1.3075473108229745     
  -2.8078078078078077       -7.6371999445414576E-002  -1.3749019456147309     
  -2.7977977977977977       -9.7727646155230705E-002  -1.4570682815396436     
  -2.7877877877877877      -0.13728142575619953       -1.5608321388737991     
  -2.7777777777777777      -0.22672042236012580       -1.6848489776871585     
  -2.7677677677677677      -0.38576826746525095       -1.7630766390552606     
  -2.7577577577577577      -0.53816364679121032       -1.7724696363976913     
  -2.7477477477477477      -0.66467021429746709       -1.7546687502372660     
  -2.7377377377377377      -0.77261402623087350       -1.7256937889102837     
  -2.7277277277277276      -0.86750255595716563       -1.6908340720608008     
  -2.7177177177177176      -0.95271287628298085       -1.6522327985209153     
  -2.7077077077077076       -1.0304072971229503       -1.6108729457480568     
  -2.6976976976976976       -1.1020460746680694       -1.5671925082371596     
  -2.6876876876876876       -1.1686045076841460       -1.5212892684060126     
  -2.6776776776776776       -1.2306656018876851       -1.4732293608277043     
  -2.6676676676676676       -1.2889243617588537       -1.4224451076799971     
  -2.6576576576576576       -1.3423687168370817       -1.3692039078523026     
  -2.6476476476476476       -1.3944145166937350       -1.3121639864180550     
  -2.6376376376376376       -1.4403326427370975       -1.2436339610884819     
  -2.6276276276276276       -1.4601504185089997       -1.1580347868803631     
  -2.6176176176176176       -1.4125915324022928       -1.1245742751648142     
  -2.6076076076076076       -1.4681779815973619       -1.1585266235219061     
  -2.5975975975975976       -1.5446638628364648       -1.1169639600810179     
  -2.5875875875875876       -1.5994424876168571       -1.0577217174388751     
  -2.5775775775775776       -1.6430988271359703      -0.99436371044546157     
  -2.5675675675675675       -1.6795613685710578      -0.92709968830296352     
  -2.5575575575575575       -1.7069638529000257      -0.85289006642518661     
  -2.5475475475475475       -1.7080844589310975      -0.77117998500188667     
  -2.5375375375375375       -1.6724809932035860      -0.75091179980793288     
  -2.5275275275275275       -1.7324553548148296      -0.74617956531078455     
  -2.5175175175175175       -1.7849142589178089      -0.68409060360549012     
  -2.5075075075075075       -1.8192475652393290      -0.61456856413162075     
  -2.4974974974974975       -1.8448745355054426      -0.54388247065397066     
  -2.4874874874874875       -1.8653038878561874      -0.47259913965035766     
  -2.4774774774774775       -1.8818999459219452      -0.40034025956397323     
  -2.4674674674674675       -1.8951528964480662      -0.32672153530165621     
  -2.4574574574574575       -1.9051878318045119      -0.25143010621863410     
  -2.4474474474474475       -1.9119340583218896      -0.17421310783416721     
  -2.4374374374374375       -1.9152340500281011       -9.4877966486078297E-002
  -2.4274274274274275       -1.9149031435508956       -1.3234347519343987E-002
  -2.4174174174174174       -1.9106224054291747        7.1116455359773900E-002
  -2.4074074074074074       -1.9018046045082020       0.15835407429128251     
  -2.3973973973973974       -1.8879058391849337       0.24866455013939237     
  -2.3873873873873874       -1.8682310267619286       0.34228271519288650     
  -2.3773773773773774       -1.8418910206477819       0.43944711914201395     
  -2.3673673673673674       -1.8077528538298409       0.54038371857913203     
  -2.3573573573573574       -1.7643584762740616       0.64528345055395708     
  -2.3473473473473474       -1.7098001173941655       0.75425943309763888     
  -2.3373373373373374       -1.6415264333977646       0.86726273972120083     
  -2.3273273273273274       -1.5560287948057359       0.98391090680245286     
  -2.3173173173173174       -1.4483075062001902        1.1031141845094534     
  -2.3073073073073074       -1.3109148521304195        1.2221745673247708     
  -2.2972972972972974       -1.1322060383924542        1.3342770498656848     
  -2.2872872872872874      -0.89400842193271290        1.4200379687851254     
  -2.2772772772772774      -0.58484050559928080        1.4173773714679609     
  -2.2672672672672673      -0.31898087010702275        1.2473697253053750     
  -2.2572572572572573      -0.19900827290226378        1.0492846692242097     
  -2.2472472472472473      -0.14384264613296696       0.89470593454059177     
  -2.2372372372372373      -0.11295615660287929       0.77300148550472969     
  -2.2272272272272273       -9.3294508574515600E-002  0.67318740202528671     
  -2.2172172172172173       -7.9727957820823328E-002  0.58855106395291812     
  -2.2072072072072073       -6.9853243772799625E-002  0.51492259347826519     
  -2.1971971971971973       -6.2395370925116343E-002  0.44956673770033878     
  -2.1871871871871873       -5.6614698847141778E-002  0.39059526418218504     
  -2.1771771771771773       -5.2052793378873717E-002  0.33664662940936407     
  -2.1671671671671673       -4.8410932613839434E-002  0.28670187688337068     
  -2.1571571571571573       -4.5486936544425705E-002  0.23997319996020963     
  -2.1471471471471473       -4.3140081782817731E-002  0.19583326327986589     
  -2.1371371371371373       -4.1270571226733450E-002  0.15376844823575261     
  -2.1271271271271273       -3.9807023751296237E-002  0.11334668677281827     
  -2.1171171171171173       -3.8698626523507737E-002   7.4194458060330468E-002
  -2.1071071071071072       -3.7910138672227478E-002   3.5979649591649850E-002
  -2.0970970970970972       -3.7418734947929938E-002  -1.6018190687468634E-003
  -2.0870870870870872       -3.7212118333861184E-002  -3.8837025407884106E-002
  -2.0770770770770772       -3.7287593913103545E-002  -7.6005752262847670E-002
  -2.0670670670670672       -3.7651982962652750E-002 -0.11338969862398766     
  -2.0570570570570572       -3.8322459714700524E-002 -0.15128190863219099     
  -2.0470470470470472       -3.9328459825846145E-002 -0.18999664678751033     
  -2.0370370370370372       -4.0711791318319222E-002 -0.22988169897128022     
  -2.0270270270270272       -4.2536508789301167E-002 -0.27134188151218719     
  -2.0170170170170172       -4.4904601952615010E-002 -0.31484950000449685     
  -2.0070070070070072       -4.7983232093349024E-002 -0.36097007627209748     
  -1.9969969969969972       -5.2077250327693926E-002 -0.41031615404418642     
  -1.9869869869869872       -5.7153978236446003E-002 -0.46324377379401671     
  -1.9769769769769772       -6.3020282326904181E-002 -0.52192716277428863     
  -1.9669669669669672       -7.1261123473453258E-002 -0.58792204091699052     
  -1.9569569569569571       -8.2877665231316303E-002 -0.66327870645115083     
  -1.9469469469469471      -0.10012459274943933      -0.75153188081338473     
  -1.9369369369369371      -0.12878022393621277      -0.85749207415964379     
  -1.9269269269269271      -0.17944411619655831      -0.97920552540930650     
  -1.9169169169169171      -0.24547841286699115       -1.1320391473824785     
  -1.9069069069069071      -0.41213599880056745       -1.3347645628292255     
  -1.8968968968968971      -0.72149904090234596       -1.4333498368611182     
  -1.8868868868868871       -1.0042826851961233       -1.3800352894928332     
  -1.8768768768768771       -1.2173469085726913       -1.2705142467263584     
  -1.8668668668668671       -1.3801429799953155       -1.1431839330563658     
  -1.8568568568568571       -1.5073196090524785       -1.0093035182727674     
  -1.8468468468468471       -1.6074805980952649      -0.87366465043891794     
  -1.8368368368368371       -1.6864718837968133      -0.73819469942883587     
  -1.8268268268268271       -1.7481180338668925      -0.60368615922233115     
  -1.8168168168168171       -1.7950800927723771      -0.47040542394295698     
  -1.8068068068068071       -1.8292039912037588      -0.33834415967752013     
  -1.7967967967967970       -1.8517558700826175      -0.20735949928791081     
  -1.7867867867867866       -1.8635641674380414       -7.7241239591435792E-002
  -1.7767767767767766       -1.8651033432404460        5.2248336258654431E-002
  -1.7667667667667666       -1.8565518579073914       0.18135634951874510     
  -1.7567567567567566       -1.8377804699175586       0.31033348462278521     
  -1.7467467467467466       -1.8083613748830065       0.43938471219303843     
  -1.7367367367367366       -1.7675345026074698       0.56866975362822769     
  -1.7267267267267266       -1.7141276188032282       0.69826162519455726     
  -1.7167167167167166       -1.6464315158048362       0.82808025910606964     
  -1.7067067067067065       -1.5619880666876347       0.95776840382199802     
  -1.6966966966966965       -1.4572247940589809        1.0864361378344751     
  -1.6866866866866865       -1.3267995800903996        1.2120797485165768     
  -1.6766766766766765       -1.1623851579791826        1.3300704849630345     
  -1.6666666666666665      -0.95062602300469257        1.4284478279406856     
  -1.6566566566566565      -0.67479266653314485        1.4704655640872868     
  -1.6466466466466465      -0.38021716235294678        1.3675872211932296     
  -1.6366366366366365      -0.21925245927160070        1.1735492849987961     
  -1.6266266266266265      -0.15003053729095422        1.0139462304446887     
  -1.6166166166166165      -0.11386477389119523       0.89085051372171709     
  -1.6066066066066065       -9.1850350084731344E-002  0.79208101075056203     
  -1.5965965965965965       -7.7123810727076691E-002  0.70981073033020459     
  -1.5865865865865865       -6.6652881455544752E-002  0.63925667081937998     
  -1.5765765765765765       -5.8894319115922265E-002  0.57734706516992251     
  -1.5665665665665665       -5.2980007212073327E-002  0.52200073698597349     
  -1.5565565565565564       -4.8384722872123857E-002  0.47174024622683591     
  -1.5465465465465464       -4.4773080588113863E-002  0.42547372815375895     
  -1.5365365365365364       -4.1922221151066946E-002  0.38236507332358616     
  -1.5265265265265264       -3.9679878419933701E-002  0.34175273035759535     
  -1.5165165165165164       -3.7940347283398297E-002  0.30309653864820518     
  -1.5065065065065064       -3.6630137360447929E-002  0.26594134794331997     
  -1.4964964964964964       -3.5699190364458171E-002  0.22989096782352850     
  -1.4864864864864864       -3.5115489072464576E-002  0.19458854361254380     
  -1.4764764764764764       -3.4861880848600098E-002  0.15970085834840542     
  -1.4664664664664664       -3.4934485456931438E-002  0.12490483503975654     
  -1.4564564564564564       -3.5342389660951191E-002   8.9874917017518804E-002
  -1.4464464464464464       -3.6108570052075170E-002   5.4270160036378259E-002
  -1.4364364364364364       -3.7272205325575604E-002   1.7719823772397482E-002
  -1.4264264264264264       -3.8892805113824050E-002  -2.0194008812654582E-002
  -1.4164164164164164       -4.1056980285507964E-002  -5.9958800725996568E-002
  -1.4064064064064064       -4.3889359800442562E-002 -0.10216192992283576     
  -1.3963963963963963       -4.7570434008046655E-002 -0.14753383529257225     
  -1.3863863863863863       -5.2366690646833608E-002 -0.19701176888266864     
  -1.3763763763763763       -5.8682318769069208E-002 -0.25183660215165671     
  -1.3663663663663663       -6.7151134761536155E-002 -0.31371798978839560     
  -1.3563563563563563       -7.8843538388514031E-002 -0.38510184076733989     
  -1.3463463463463463       -9.5670564068211048E-002 -0.46964686037295306     
  -1.3363363363363363      -0.12141785759261155      -0.57313597591087317     
  -1.3263263263263263      -0.16468890812511938      -0.70515189856159755     
  -1.3163163163163163      -0.24906293530503570      -0.88088150377988006     
  -1.3063063063063063      -0.44917402935805117       -1.1004314089305030     
  -1.2962962962962963      -0.83377811889247333       -1.1984541744028561     
  -1.2862862862862863       -1.1859550820786164       -1.0798640088660099     
  -1.2762762762762763       -1.4280390261923763      -0.88222832864274414     
  -1.2662662662662663       -1.5894437534026093      -0.66589063412848526     
  -1.2562562562562563       -1.6939811487764214      -0.44913376069142924     
  -1.2462462462462462       -1.7566469912259077      -0.23809166302876333     
  -1.2362362362362362       -1.7864209333805905       -3.4335294197670681E-002
  -1.2262262262262262       -1.7889064231939733       0.16152613864665016     
  -1.2162162162162162       -1.7677145636840306       0.34958876019541940     
  -1.2062062062062062       -1.7248810985067535       0.53013975757158838     
  -1.1961961961961962       -1.6611730190316920       0.70342516783921771     
  -1.1861861861861862       -1.5761660709352534       0.86940604856695058     
  -1.1761761761761762       -1.4681457481763505        1.0275376633616762     
  -1.1661661661661662       -1.3336572514886316        1.1762702949150541     
  -1.1561561561561562       -1.1665746538294672        1.3118041994131340     
  -1.1461461461461462      -0.95639485756330200        1.4243269036903399     
  -1.1361361361361362      -0.68855468690889532        1.4841723491809358     
  -1.1261261261261262      -0.39252494476333788        1.4117765072382551     
  -1.1161161161161162      -0.21757937771181071        1.2321143980003666     
  -1.1061061061061062      -0.14318103768878940        1.0803116813887781     
  -1.0960960960960962      -0.10526628672269753       0.96577757286695032     
  -1.0860860860860861       -8.2554096633258162E-002  0.87622863185679722     
  -1.0760760760760761       -6.7503287892669392E-002  0.80352272263007329     
  -1.0660660660660661       -5.6846032881772937E-002  0.74272560633922946     
  -1.0560560560560561       -4.8941484570855606E-002  0.69071140238354156     
  -1.0460460460460461       -4.2875108671466627E-002  0.64539559304566463     
  -1.0360360360360361       -3.8096667198462435E-002  0.60532532436617337     
  -1.0260260260260261       -3.4255305840723511E-002  0.56945028064461722     
  -1.0160160160160161       -3.1116912586563503E-002  0.53698771126929357     
  -1.0060060060060061       -2.8519499575266977E-002  0.50733908580331788     
 -0.99599599599599564       -2.6347633131027077E-002  0.48003648334548843     
 -0.98598598598598564       -2.4517049202817682E-002  0.45470687149312089     
 -0.97597597597597563       -2.2965016443831802E-002  0.43104756453898013     
 -0.96596596596596562       -2.1644093060879593E-002  0.40880889926131098     
 -0.95595595595595562       -2.0517967002733385E-002  0.38778170231208958     
 -0.94594594594594561       -1.9558619423186117E-002  0.36778801425583529     
 -0.93593593593593560       -1.8744354973684315E-002  0.34867406979178367     
 -0.92592592592592560       -1.8058416727803069E-002  0.33030486359754102     
 -0.91591591591591559       -1.7488007195059833E-002  0.31255983975229179     
 -0.90590590590590558       -1.7023600704123443E-002  0.29532937684464949     
 -0.89589589589589558       -1.6658473185850176E-002  0.27851182792756984     
 -0.88588588588588557       -1.6388402570976384E-002  0.26201093057953195     
 -0.87587587587587556       -1.6211512281852095E-002  0.24573343703875694     
 -0.86586586586586556       -1.6128245220729379E-002  0.22958683320681256     
 -0.85585585585585555       -1.6141468760431377E-002  0.21347702105785199     
 -0.84584584584584555       -1.6256724631630019E-002  0.19730583234123411     
 -0.83583583583583554       -1.6482653463726116E-002  0.18096822118742975     
 -0.82582582582582553       -1.6831644876791157E-002  0.16434894583428575     
 -0.81581581581581553       -1.7320794595709385E-002  0.14731848860489410     
 -0.80580580580580552       -1.7973296792994881E-002  0.12972786714601076     
 -0.79579579579579551       -1.8820474275467115E-002  0.11140183957581852     
 -0.78578578578578551       -1.9904771733039416E-002   9.2129768846627727E-002
 -0.77577577577577550       -2.1284246030767281E-002   7.1653030358713315E-002
 -0.76576576576576549       -2.3039455416604578E-002   4.9647220012723974E-002
 -0.75575575575575549       -2.5284322749689603E-002   2.5696360276129777E-002
 -0.74574574574574548       -2.8183833496495215E-002  -7.4554752924410194E-004
 -0.73573573573573547       -3.1984007906248446E-002  -3.0413623509827889E-002
 -0.72572572572572547       -3.7065064727325875E-002  -6.4326169638074013E-002
 -0.71571571571571546       -4.4041153590677895E-002 -0.10394043212705995     
 -0.70570570570570545       -5.3960816292470362E-002 -0.15142246978573976     
 -0.69569569569569545       -6.8746508321111288E-002 -0.21013844901186754     
 -0.68568568568568544       -9.2269812890591343E-002 -0.28559078584037206     
 -0.67567567567567544      -0.13340010262406465      -0.38723623601987250     
 -0.66566566566566543      -0.21651039445875755      -0.53094569682456838     
 -0.65565565565565542      -0.42123197477444974      -0.72353792146131790     
 -0.64564564564564542      -0.87099040188126697      -0.78239209280790878     
 -0.63563563563563541       -1.2810751258296547      -0.49177557865335125     
 -0.62562562562562540       -1.4625666027349267       -7.0341103663262725E-002
 -0.61561561561561540       -1.4582235959364038       0.35454786347382600     
 -0.60560560560560539       -1.3014370527871884       0.73648548907632083     
 -0.59559559559559538      -0.99834902471749587        1.0295721192705374     
 -0.58558558558558538      -0.57947785143800423        1.1206244666614658     
 -0.57557557557557537      -0.27969659993191431       0.96731841296428911     
 -0.56556556556556536      -0.15859827439185464       0.80624629684790705     
 -0.55555555555555536      -0.10417923924334888       0.69202076110586042     
 -0.54554554554554535       -7.4864753074722901E-002  0.60944440480035422     
 -0.53553553553553535       -5.7064528884202409E-002  0.54687595455947224     
 -0.52552552552552534       -4.5352212672786933E-002  0.49754160096488770     
 -0.51551551551551533       -3.7191391203088613E-002  0.45739370503421051     
 -0.50550550550550533       -3.1255308852347584E-002  0.42388663042015184     
 -0.49549549549549532       -2.6790047150740542E-002  0.39534204012848007     
 -0.48548548548548531       -2.3339202860802884E-002  0.37060830275996109     
 -0.47547547547547531       -2.0612320170098286E-002  0.34886830604541880     
 -0.46546546546546530       -1.8416908382713527E-002  0.32952570519132002     
 -0.45545545545545529       -1.6621045848242234E-002  0.31213469907496377     
 -0.44544544544544529       -1.5131726606649265E-002  0.29635506631455100     
 -0.43543543543543528       -1.3881774126495015E-002  0.28192245015638989     
 -0.42542542542542527       -1.2821640148978700E-002  0.26862817265148486     
 -0.41541541541541527       -1.1914102066518798E-002  0.25630518730622748     
 -0.40540540540540526       -1.1130740074102165E-002  0.24481809308369862     
 -0.39539539539539525       -1.0449540274679895E-002  0.23405589990150455     
 -0.38538538538538525       -9.8532290737624491E-003  0.22392669800285112     
 -0.37537537537537524       -9.3280937388092958E-003  0.21435366986871651     
 -0.36536536536536524       -8.8631329697057316E-003  0.20527206512739890     
 -0.35535535535535523       -8.4494357222394019E-003  0.19662687696916711     
 -0.34534534534534522       -8.0797206052710627E-003  0.18837103680900080     
 -0.33533533533533522       -7.7479899979985781E-003  0.18046399675558827     
 -0.32532532532532521       -7.4492672940037474E-003  0.17287060570575913     
 -0.31531531531531520       -7.1793951673507174E-003  0.16556021016642994     
 -0.30530530530530520       -6.9348791759282317E-003  0.15850592878623404     
 -0.29529529529529519       -6.7127654283787178E-003  0.15168406238960674     
 -0.28528528528528518       -6.5105441156185087E-003  0.14507361059492310     
 -0.27527527527527518       -6.3260728801363027E-003  0.13865587290748194     
 -0.26526526526526517       -6.1575155508301329E-003  0.13241411721890561     
 -0.25525525525525516       -6.0032928980930517E-003  0.12633330240830057     
 -0.24524524524524516       -5.8620428919533007E-003  0.12039984457029720     
 -0.23523523523523515       -5.7325885641754445E-003  0.11460141853207104     
 -0.22522522522522515       -5.6139120460987329E-003  0.10892678793566125     
 -0.21521521521521514       -5.5051337235420559E-003  0.10336565837219337     
 -0.20520520520520513       -5.4054957540268156E-003   9.7908548941420259E-002
 -0.19519519519519513       -5.3143494605959445E-003   9.2546678222625620E-002
 -0.18518518518518512       -5.2311463816059629E-003   8.7271861002150133E-002
 -0.17517517517517511       -5.1554330546957211E-003   8.2076412198305734E-002
 -0.16516516516516511       -5.0868500000133135E-003   7.6953054205424226E-002
 -0.15515515515515510       -5.0251359314249962E-003   7.1894823232981339E-002
 -0.14514514514514509       -4.9701391220768453E-003   6.6894968928193910E-002
 -0.13513513513513509       -4.9218393776976621E-003   6.1946839242075877E-002
 -0.12512512512512508       -4.8803868098614613E-003   5.7043738384474789E-002
 -0.11511511511511507       -4.8461687561081697E-003   5.2178738388814420E-002
 -0.10510510510510507       -4.8199263822110800E-003   4.7344411460599568E-002
  -9.5095095095095061E-002  -4.8029637469144612E-003   4.2532425148274974E-002
  -8.5085085085085055E-002  -4.7975391988689525E-003   3.7732893114742309E-002
  -7.5075075075075048E-002  -4.8076410845701023E-003   3.2933273363115766E-002
  -6.5065065065065042E-002  -4.8406404584905686E-003   2.8116389477625403E-002
  -5.5055055055055035E-002  -4.9111499014884031E-003   2.3256671132922992E-002
  -4.5045045045045029E-002  -5.0511533657603752E-003   1.8312675777986225E-002
  -3.5035035035035023E-002  -5.3409513633068412E-003   1.3212514476600455E-002
  -2.5025025025025016E-002  -6.0232524673827061E-003   7.8392215254975712E-003
  -1.5015015015015010E-002  -7.9712112704140876E-003   2.2645507026280826E-003
  -5.0050050050050032E-003  -1.2143137340160313E-002  -4.4182763583893743E-004
   5.0050050050050032E-003  -1.2092723302483293E-002   4.5703651436667281E-004
   1.5015015015015010E-002  -7.9306153482595551E-003  -2.3259233797910954E-003
   2.5025025025025016E-002  -6.0098410560070975E-003  -7.9028176929404059E-003
   3.5035035035035023E-002  -5.3356234540212367E-003  -1.3271722191897439E-002
   4.5045045045045029E-002  -5.0486707636761005E-003  -1.8369215243317590E-002
   5.5055055055055035E-002  -4.9099020387036512E-003  -2.3311754905635661E-002
   6.5065065065065042E-002  -4.8400233153549650E-003  -2.8170705506581833E-002
   7.5075075075075048E-002  -4.8073909877442995E-003  -3.2987231758539903E-002
   8.5085085085085055E-002  -4.7975275482001626E-003  -3.7786759336576950E-002
   9.5095095095095061E-002  -4.8031225719627375E-003  -4.2586386165104025E-002
  0.10510510510510507       -4.8202176959042543E-003  -4.7398609803056727E-002
  0.11511511511511507       -4.8465706237728230E-003  -5.2233290658368119E-002
  0.12512512512512508       -4.8808864988523510E-003  -5.7098745892735045E-002
  0.13513513513513509       -4.9224297709111820E-003  -6.2002394472414644E-002
  0.14514514514514509       -4.9708167453340231E-003  -6.6951159683431682E-002
  0.15515515515515510       -5.0258998281128824E-003  -7.1951735456708021E-002
  0.16516516516516511       -5.0877010747980445E-003  -7.7010774024986531E-002
  0.17517517517517511       -5.1563736901987902E-003  -8.2135027507482791E-002
  0.18518518518518512       -5.2321802221477927E-003  -8.7331462776660748E-002
  0.19519519519519513       -5.3154813040687697E-003  -9.2607361691792761E-002
  0.20520520520520513       -5.4067315185530969E-003  -9.7970414699497244E-002
  0.21521521521521514       -5.5064804701918432E-003 -0.10342881349014146     
  0.22522522522522515       -5.6153780477405692E-003 -0.10899134712159711     
  0.23523523523523515       -5.7341834162053214E-003 -0.11466750538248095     
  0.24524524524524516       -5.8637776646510388E-003 -0.12046759295234087     
  0.25525525525525516       -6.0051803335408899E-003 -0.12640285801509726     
  0.26526526526526517       -6.1595703102328564E-003 -0.13248563934411567     
  0.27527527527527518       -6.3283118503915112E-003 -0.13872953649274056     
  0.28528528528528518       -6.5129867874283978E-003 -0.14514960861400686     
  0.29529529529529519       -6.7154343624150859E-003 -0.15176260864722677     
  0.30530530530530520       -6.9378005789595817E-003 -0.15858726122799804     
  0.31531531531531520       -7.1825996073451772E-003 -0.16564459482113325     
  0.32532532532532521       -7.4527905927572347E-003 -0.17295834141378755     
  0.33533533533533522       -7.7518743528374751E-003 -0.18055542088057086     
  0.34534534534534522       -8.0840160093474910E-003 -0.18846653218796700     
  0.35535535535535523       -8.4542017780995585E-003 -0.19672688043500261     
  0.36536536536536524       -8.8684412265236691E-003 -0.20537707804470326     
  0.37537537537537524       -9.3340307350765848E-003 -0.21446427127237414     
  0.38538538538538525       -9.8599003423059505E-003 -0.22404356113597407     
  0.39539539539539525       -1.0457075678339294E-002 -0.23417981324336948     
  0.40540540540540526       -1.1139301008770303E-002 -0.24494998738133875     
  0.41541541541541527       -1.1923891327491637E-002 -0.25644617074198611     
  0.42542542542542527       -1.2832915664172828E-002 -0.26877957719971629     
  0.43543543543543528       -1.3894868415995541E-002 -0.28208589357995156     
  0.44544544544544529       -1.5147074910996615E-002 -0.29653253641834881     
  0.45545545545545529       -1.6639227708095488E-002 -0.31232867027307099     
  0.46546546546546530       -1.8438710682600869E-002 -0.32973930304883553     
  0.47547547547547531       -2.0638835541172532E-002 -0.34910554486087025     
  0.48548548548548531       -2.3371988511008589E-002 -0.37087443756037786     
  0.49549549549549532       -2.6831391478067894E-002 -0.39564410377842679     
  0.50550550550550533       -3.1308700272865621E-002 -0.42423428150264741     
  0.51551551551551533       -3.7262390067261397E-002 -0.45780061987562726     
  0.52552552552552534       -4.5450188443214766E-002 -0.49802786446026581     
  0.53553553553553535       -5.7206434423370298E-002 -0.54747237811152849     
  0.54554554554554535       -7.5084294712026073E-002 -0.61020071587447289     
  0.55555555555555536      -0.10455269333190624      -0.69302133147971490     
  0.56556556556556536      -0.15933229806496241      -0.80763248418439959     
  0.57557557557557537      -0.28146830274167184      -0.96917154117045046     
  0.58558558558558538      -0.58336633869296595       -1.1213315570887741     
  0.59559559559559538       -1.0018558945889278       -1.0276840707389021     
  0.60560560560560539       -1.3035710603097737      -0.73351437538770803     
  0.61561561561561540       -1.4590793222520775      -0.35114630166281213     
  0.62562562562562540       -1.4620963588158074        7.3839611931129756E-002
  0.63563563563563541       -1.2790213787232061       0.49485346153610843     
  0.64564564564564542      -0.86744417736251422       0.78357939874921312     
  0.65565565565565542      -0.41900263250887548       0.72240064764996692     
  0.66566566566566543      -0.21567471336975072       0.52993548097251320     
  0.67567567567567544      -0.13302514144036975       0.38657236450815985     
  0.68568568568568544       -9.2070820146177887E-002  0.28514444001475353     
  0.69569569569569545       -6.8628606964399208E-002  0.20982553663392386     
  0.70570570570570545       -5.3885549918684938E-002  0.15119529934462936     
  0.71571571571571546       -4.3990463389759031E-002  0.10377089866646681     
  0.72572572572572547       -3.7029540784840859E-002   6.4196855675649464E-002
  0.73573573573573547       -3.1958345468730082E-002   3.0313229190611701E-002
  0.74574574574574548       -2.8164854873771097E-002   6.6644980268642726E-004
  0.75575575575575549       -2.5270030542053824E-002  -2.5759476854738964E-002
  0.76576576576576549       -2.3028544153231290E-002  -4.9698168017357630E-002
  0.77577577577577550       -2.1275834597128753E-002  -7.1694612366432167E-002
  0.78578578578578551       -1.9898249303773690E-002  -9.2164090339932517E-002
  0.79579579579579551       -1.8815407838939952E-002 -0.11143051391609399     
  0.80580580580580552       -1.7969373655600623E-002 -0.12975215360932221     
  0.81581581581581553       -1.7317785542978189E-002 -0.14733938766727123     
  0.82582582582582553       -1.6829379954401289E-002 -0.16436726644795294     
  0.83583583583583554       -1.6481005703548192E-002 -0.18098462929727635     
  0.84584584584584555       -1.6255598917429042E-002 -0.19732088660014899     
  0.85585585585585555       -1.6140794103843475E-002 -0.21349119967516142     
  0.86586586586586556       -1.6127969357012419E-002 -0.22960055458986928     
  0.87587587587587556       -1.6211597885463998E-002 -0.24574707607063026     
  0.88588588588588557       -1.6388824636809157E-002 -0.26202483184460923     
  0.89589589589589558       -1.6659217281642817E-002 -0.27852631685002982     
  0.90590590590590558       -1.7024661907640279E-002 -0.29534476948071126     
  0.91591591591591559       -1.7489389607143815E-002 -0.31257645183895844     
  0.92592592592592560       -1.8060133513177659E-002 -0.33032301938671910     
  0.93593593593593560       -1.8746428935420455E-002 -0.34869411117851645     
  0.94594594594594561       -1.9561084172795926E-002 -0.36781031074065562     
  0.95595595595595562       -2.0520868855384910E-002 -0.38780666242608386     
  0.96596596596596562       -2.1647493876895907E-002 -0.40883698424438902     
  0.97597597597597563       -2.2968997772907177E-002 -0.43107930532677008     
  0.98598598598598564       -2.4521718298909940E-002 -0.45474289048843236     
  0.99599599599599564       -2.6353131751679169E-002 -0.48007752311672058     
   1.0060060060060056       -2.8526017067073670E-002 -0.50738604792343767     
   1.0160160160160157       -3.1124705798322216E-002 -0.53704171027022074     
   1.0260260260260257       -3.4264730324646366E-002 -0.56951272104300787     
   1.0360360360360357       -3.8108227875000469E-002 -0.60539801393955872     
   1.0460460460460457       -4.2889545738450781E-002 -0.64548091505775174     
   1.0560560560560557       -4.8959927065259014E-002 -0.69081258759668462     
   1.0660660660660657       -5.6870291651954626E-002 -0.74284718190818078     
   1.0760760760760757       -6.7536462339258127E-002 -0.80367129083518396     
   1.0860860860860857       -8.2601971419172734E-002 -0.87641429392280179     
   1.0960960960960957      -0.10534102793048157      -0.96601662310795167     
   1.1061061061061057      -0.14331293644726531       -1.0806311163867239     
   1.1161161161161157      -0.21786160113934147       -1.2325464121740721     
   1.1261261261261257      -0.39318702730843952       -1.4121679090417965     
   1.1361361361361357      -0.68933109312367091       -1.4841319505484132     
   1.1461461461461457      -0.95701616034732928       -1.4240716761844430     
   1.1561561561561557       -1.1670680442003716       -1.3114640856268618     
   1.1661661661661658       -1.3340555677012440       -1.1758864166667480     
   1.1761761761761758       -1.4684685617672288       -1.0271259790224236     
   1.1861861861861858       -1.5764246954493664      -0.86897403082539759     
   1.1961961961961958       -1.6613738190086897      -0.70297686683048033     
   1.2062062062062058       -1.7250271821289478      -0.52967772902053289     
   1.2162162162162158       -1.7678066556400052      -0.34911481881230749     
   1.2262262262262258       -1.7889429396201251      -0.16104199842252423     
   1.2362362362362358       -1.7863981047517228        3.4827549111619449E-002
   1.2462462462462458       -1.7565585199415348       0.23858868622109389     
   1.2562562562562558       -1.6938189638799974       0.44963300033966963     
   1.2662662662662658       -1.5891856177740629       0.66638351153452380     
   1.2762762762762758       -1.4276593859835016       0.88269144308053671     
   1.2862862862862858       -1.1854124758571749        1.0802427238014864     
   1.2962962962962958      -0.83305776861252578        1.1985754415314105     
   1.3063063063063058      -0.44864576809064399        1.1001393108526016     
   1.3163163163163158      -0.24885026983941413       0.88060556217919483     
   1.3263263263263259      -0.16458783309431604       0.70496863170502677     
   1.3363363363363359      -0.12136053793603510       0.57301487090344516     
   1.3463463463463459       -9.5634072412868865E-002  0.46956658120252659     
   1.3563563563563559       -7.8818418914846297E-002  0.38504968155248093     
   1.3663663663663659       -6.7132857686299979E-002  0.31368614696573366     
   1.3763763763763759       -5.8668437928483322E-002  0.25182007393147782     
   1.3863863863863859       -5.2355772214310675E-002  0.19700717952638924     
   1.3963963963963959       -4.7561585501449281E-002  0.14753883816511756     
   1.4064064064064059       -4.3881994857375525E-002  0.10217484631522714     
   1.4164164164164168       -4.1050697839870288E-002   5.9978407299516985E-002
   1.4264264264264268       -3.8887320235668675E-002   2.0219403478104411E-002
   1.4364364364364368       -3.7267308374049610E-002  -1.7689308927298513E-002
   1.4464464464464468       -3.6104101345783124E-002  -5.4235016546153848E-002
   1.4564564564564568       -3.5338223044052895E-002  -8.9835498973523026E-002
   1.4664664664664668       -3.4930517127308797E-002 -0.12486138535782089     
   1.4764764764764768       -3.4858021335337802E-002 -0.15965352611859407     
   1.4864864864864868       -3.5111657051220019E-002 -0.19453739478356022     
   1.4964964964964969       -3.5695307418341121E-002 -0.22983599049234069     
   1.5065065065065069       -3.6626122986409916E-002 -0.26588245280144335     
   1.5165165165165169       -3.7936113473307158E-002 -0.30303355451464214     
   1.5265265265265269       -3.9675323014852951E-002 -0.34168539406670734     
   1.5365365365365369       -4.1917218819012801E-002 -0.38229301237630620     
   1.5465465465465469       -4.4767469554742353E-002 -0.42539643324437088     
   1.5565565565565569       -4.8378284085451653E-002 -0.47165702860173109     
   1.5665665665665669       -5.2972429624422605E-002 -0.52191066174755529     
   1.5765765765765769       -5.8885138202950695E-002 -0.57724884438521396     
   1.5865865865865869       -6.6641362609120042E-002 -0.63914848585738060     
   1.5965965965965969       -7.7108709044066068E-002 -0.70968992269681086     
   1.6066066066066069       -9.1829361209178478E-002 -0.79194351597454249     
   1.6166166166166169      -0.11383309605496134      -0.89068978544931932     
   1.6266266266266269      -0.14997637307499898       -1.0137513712516542     
   1.6366366366366369      -0.21913997777339445       -1.1733060074971724     
   1.6466466466466469      -0.37994690809398496       -1.3673451005676545     
   1.6566566566566570      -0.67445497353010431       -1.4704204599900199     
   1.6666666666666670      -0.95037590408066297       -1.4285035895972480     
   1.6766766766766770       -1.1622070366491584       -1.3301509485302034     
   1.6866866866866870       -1.3266710584774788       -1.2121614273078363     
   1.6966966966966970       -1.4571313087517370       -1.0865106184742657     
   1.7067067067067070       -1.5619200286778385      -0.95783225646416292     
   1.7167167167167170       -1.6463822324162087      -0.82813203118532708     
   1.7267267267267270       -1.7140921560881552      -0.69830075276712011     
   1.7367367367367370       -1.7675090456651441      -0.56869610431071893     
   1.7467467467467470       -1.8083428452473413      -0.43939837211834376     
   1.7567567567567570       -1.8377662810729170      -0.31033465210437705     
   1.7667667667667670       -1.8565397481676078      -0.18134528160048879     
   1.7767767767767770       -1.8650912605505241       -5.2225317484684168E-002
   1.7867867867867870       -1.8635501488435171        7.7275911117983834E-002
   1.7967967967967970       -1.8517379741656996       0.20740549689957669     
   1.8068068068068071       -1.8291802005169038       0.33840113117860499     
   1.8168168168168171       -1.7950482061133726       0.47047296245986231     
   1.8268268268268271       -1.7480755253705329       0.60376375366644863     
   1.8368368368368371       -1.6864156877203647       0.73828162475207126     
   1.8468468468468471       -1.6074068406872875       0.87375960429264832     
   1.8568568568568571       -1.5072239651147556        1.0094048221630318     
   1.8668668668668671       -1.3800174393813558        1.1432872886190952     
   1.8768768768768771       -1.2171827351999862        1.2706202118082222     
   1.8868868868868871       -1.0040485073534373        1.3801160955180334     
   1.8968968968968971      -0.72118688718191581        1.4333311964594349     
   1.9069069069069071      -0.41189798797310168        1.3345459594936333     
   1.9169169169169171      -0.24545201424526469        1.1318329791129238     
   1.9269269269269271      -0.17941001322756711       0.97915786995143561     
   1.9369369369369371      -0.12873115159273957       0.85740280543273484     
   1.9469469469469471      -0.10010001006938615       0.75145562269120247     
   1.9569569569569571       -8.2862256694910055E-002  0.66321826729767097     
   1.9669669669669672       -7.1250374959422533E-002  0.58787375249599438     
   1.9769769769769772       -6.3013577142235447E-002  0.52188884964343307     
   1.9869869869869872       -5.7149464199302599E-002  0.46321933358671941     
   1.9969969969969972       -5.2067275679425137E-002  0.41029531426961252     
   2.0070070070070072       -4.7976124951247985E-002  0.36095379000068434     
   2.0170170170170172       -4.4898637519655088E-002  0.31483910660681730     
   2.0270270270270272       -4.2531094189000931E-002  0.27133699159552732     
   2.0370370370370372       -4.0706667047031526E-002  0.22988201955168602     
   2.0470470470470472       -3.9323461086261502E-002  0.19000197930004148     
   2.0570570570570572       -3.8317508891136151E-002  0.15129216188835864     
   2.0670670670670672       -3.7646994722415360E-002  0.11340488850319731     
   2.0770770770770772       -3.7282486809027453E-002   7.6025961725824778E-002
   2.0870870870870872       -3.7206813225340800E-002   3.8862412613024276E-002
   2.0970970970970972       -3.7413148511443617E-002   1.6326211143307754E-003
   2.1071071071071072       -3.7904178322595142E-002  -3.5943109694305780E-002
   2.1171171171171173       -3.8692185027987859E-002  -7.4151759755418920E-002
   2.1271271271271273       -3.9799972577909688E-002 -0.11329729468749433     
   2.1371371371371373       -4.1262751648078862E-002 -0.15371168760264056     
   2.1471471471471473       -4.3131292346076926E-002 -0.19576828536210497     
   2.1571571571571573       -4.5476914689742409E-002 -0.23989893320474240     
   2.1671671671671673       -4.8399326677494824E-002 -0.28661695695064576     
   2.1771771771771773       -5.2039118269262198E-002 -0.33654929682967888     
   2.1871871871871873       -5.6598262794228631E-002 -0.39048321055607327     
   2.1971971971971973       -6.2375148236895758E-002 -0.44943686677526029     
   2.2072072072072073       -6.9827640173510175E-002 -0.51477063495511544     
   2.2172172172172173       -7.9694344560038988E-002 -0.58837091950848086     
   2.2272272272272273       -9.3248206921705268E-002 -0.67296997866080677     
   2.2372372372372373      -0.11288793872197524      -0.77273251069831417     
   2.2472472472472473      -0.14373151490199423      -0.89436188858935795     
   2.2572572572572573      -0.19879601051211182       -1.0488285652628366     
   2.2672672672672673      -0.31847995314936078       -1.2468073856543818     
   2.2772772772772774      -0.58394090464809212       -1.4171555038608770     
   2.2872872872872874      -0.89324112775592235       -1.4202140784373500     
   2.2972972972972974       -1.1316279899308450       -1.3345816602082674     
   2.3073073073073074       -1.3104703802273119       -1.2225184977349497     
   2.3173173173173174       -1.4479580711128217       -1.1034675128747014     
   2.3273273273273274       -1.5557501085997854      -0.98426170572031679     
   2.3373373373373374       -1.6413024705259047      -0.86760574778833444     
   2.3473473473473474       -1.7096197526047761      -0.75459225923080231     
   2.3573573573573574       -1.7642136531935941      -0.64560506926088534     
   2.3673673673673674       -1.8076375380906302      -0.54069379448973154     
   2.3773773773773774       -1.8418005697371804      -0.43974566920825708     
   2.3873873873873874       -1.8681617371465615      -0.34256990821725974     
   2.3973973973973974       -1.8878547167733872      -0.24894086473623606     
   2.4074074074074074       -1.9017695405505095      -0.15861980968171882     
   2.4174174174174174       -1.9106016909389874       -7.1371589416661704E-002
   2.4274274274274275       -1.9148929648224542        1.2992217887463594E-002
   2.4374374374374375       -1.9152370594717745        9.4633123664501897E-002
   2.4474474474474475       -1.9119486911126302       0.17399803385110987     
   2.4574574574574575       -1.9052030929355863       0.25121692466470591     
   2.4674674674674675       -1.8951762698981045       0.32651784867272432     
   2.4774774774774775       -1.8819277907972067       0.40014820509980426     
   2.4874874874874875       -1.8653325219684522       0.47242022082518725     
   2.4974974974974975       -1.8448976684978355       0.54371935846953701     
   2.5075075075075075       -1.8192505668553616       0.61442681167561108     
   2.5175175175175175       -1.7848351026607678       0.68396855848256921     
   2.5275275275275275       -1.7321973168846010       0.74590258990930614     
   2.5375375375375375       -1.6726710110098559       0.75004302658234090     
   2.5475475475475475       -1.7085516987119285       0.77113158979324681     
   2.5575575575575575       -1.7071206693966270       0.85287107471058321     
   2.5675675675675675       -1.6796541842202399       0.92702361777552666     
   2.5775775775775776       -1.6431786580547032       0.99426197935653526     
   2.5875875875875876       -1.5995175465894851        1.0576105449436266     
   2.5975975975975976       -1.5447297527217227        1.1168491903066822     
   2.6076076076076076       -1.4682205849997485        1.1583937995654998     
   2.6176176176176176       -1.4126657551401780        1.1243765141408573     
   2.6276276276276276       -1.4602698914174295        1.1578689653878000     
   2.6376376376376376       -1.4404593372000734        1.2434816001427238     
   2.6476476476476476       -1.3945489033250797        1.3120212413042061     
   2.6576576576576576       -1.3425039025684324        1.3690688711881833     
   2.6676676676676676       -1.2890711552671612        1.4223072556447547     
   2.6776776776776776       -1.2308260267506881        1.4730995373481970     
   2.6876876876876876       -1.1687722980452746        1.5211689116740357     
   2.6976976976976976       -1.1022231549540893        1.5670770206500428     
   2.7077077077077076       -1.0305967510831484        1.6107629957656531     
   2.7177177177177176      -0.95291755898793196        1.6521294703424769     
   2.7277277277277276      -0.86772644867659798        1.6907391152858606     
   2.7377377377377377      -0.77286320563445621        1.7256105859627393     
   2.7477477477477477      -0.66495451863827837        1.7546047726955298     
   2.7577577577577577      -0.53849915655539893        1.7724447730633293     
   2.7677677677677677      -0.38616658524686037        1.7631559385101196     
   2.7777777777777777      -0.22703596546820892        1.6851261484153748     
   2.7877877877877877      -0.13741663675857935        1.5611038019258707     
   2.7977977977977977       -9.7794460945616737E-002   1.4572792008027600     
   2.8078078078078077       -7.6411852925127116E-002   1.3750697531419303     
   2.8178178178178177       -6.2919638243307222E-002   1.3076854896360515     
   2.8278278278278277       -5.3544764236894665E-002   1.2507039198337921     
   2.8378378378378377       -4.6607328132816837E-002   1.2013883231966875     
   2.8478478478478477       -4.1243057206137121E-002   1.1579595656854174     
   2.8578578578578577       -3.6959181893995691E-002   1.1191995566430126     
   2.8678678678678677       -3.3452657669121241E-002   1.0842371789880529     
   2.8778778778778777       -3.0526037543307370E-002   1.0524269181664572     
   2.8878878878878878       -2.8044702921941250E-002   1.0232763249271577     
   2.8978978978978978       -2.5913457762427306E-002  0.99640056643948893     
   2.9079079079079078       -2.4062938802657464E-002  0.97149276499823700     
   2.9179179179179178       -2.2441333892301570E-002  0.94830395034853676     
   2.9279279279279278       -2.1009128745063343E-002  0.92662909275280447     
   2.9379379379379378       -1.9735662108589506E-002  0.90629710946462572     
   2.9479479479479478       -1.8596805268993426E-002  0.88716353960471239     
   2.9579579579579578       -1.7573368047380387E-002  0.86910505034977836     
   2.9679679679679678       -1.6649994957895837E-002  0.85201521749517517     
   2.9779779779779778       -1.5814413339718589E-002  0.83580119239199235     
   2.9879879879879878       -1.5056964195659427E-002  0.82038096436069718     
   2.9979979979979978       -1.4370412156052493E-002  0.80568096925904942     
   3.0080080080080087       -1.3750129356683963E-002  0.79163377670713231     
   3.0180180180180187       -1.3194964159591866E-002  0.77817547594890102     
   3.0280280280280287       -1.2709706217052953E-002  0.76524207943968781     
   3.0380380380380387       -1.2312039937633856E-002  0.75276359670240534     
   3.0480480480480487       -1.2054610375114832E-002  0.74065371923891354     
   3.0580580580580587       -1.2109028543152493E-002  0.72880355520433882     
   3.0680680680680688       -1.3099679546750604E-002  0.71730887610741068     
   3.0780780780780788       -1.5088391046204755E-002  0.70842018704833454     
   3.0880880880880888       -1.4410138290973370E-002  0.70087108390165420     
   3.0980980980980988       -1.1922307406799653E-002  0.69213734705824503     
   3.1081081081081088       -1.0493225010537805E-002  0.68187882785883491     
   3.1181181181181188       -9.9211790913225351E-003  0.67189772052612695     
   3.1281281281281288       -9.7084441708413412E-003  0.66220180106519921     
   3.1381381381381388       -9.8109511878212517E-003  0.65260768936070646     
   3.1481481481481488       -1.0450619033226706E-002  0.64294732826698786     
   3.1581581581581588       -1.2177009918323883E-002  0.63305030041937449     
   3.1681681681681688       -1.6879059783197942E-002  0.62311751107349878     
   3.1781781781781788       -2.8081599636282949E-002  0.62176008476218159     
   3.1881881881881888       -2.0427324525497406E-002  0.62831536493800777     
   3.1981981981981988       -1.2700392689905448E-002  0.61940889048918935     
   3.2082082082082088       -1.0685309401559559E-002  0.61000680179766797     
   3.2182182182182189       -9.5639882546713680E-003  0.60217335507229008     
   3.2282282282282289       -8.7728221590198940E-003  0.59385635974753059     
   3.2382382382382389       -8.9567543516276809E-003  0.58542668356528371     
   3.2482482482482489       -1.0436309376071538E-002  0.57667543231991936     
   3.2582582582582589       -1.5556084564558811E-002  0.56805450240189792     
   3.2682682682682689       -2.4258600962819371E-002  0.56933300786970809     
   3.2782782782782789       -1.8753007116444086E-002  0.56993559332088162     
   3.2882882882882889       -1.9938238663386447E-002  0.56684922174621621     
   3.2982982982982989       -1.3507259298022042E-002  0.56643818947253366     
   3.3083083083083089       -9.2390522280246506E-003  0.55905022274208782     
   3.3183183183183189       -7.8415291962586793E-003  0.55256837050175278     
   3.3283283283283289       -6.5898583840132115E-003  0.54646259200725278     
   3.3383383383383389       -6.0516897897268688E-003  0.54055491183492010     
   3.3483483483483489       -5.7214261503952604E-003  0.53519490902966826     
   3.3583583583583589       -5.4537558351696455E-003  0.53008540506159707     
   3.3683683683683689       -5.1504637507139460E-003  0.52521431089050363     
   3.3783783783783790       -4.8394365434446113E-003  0.52040057252140948     
   3.3883883883883890       -4.6349595905759416E-003  0.51570009668643102     
   3.3983983983983990       -4.4810331811333502E-003  0.51115201275800881     
   3.4084084084084090       -4.3510687207099514E-003  0.50673919761863062     
   3.4184184184184190       -4.2356492772418850E-003  0.50244656924902487     
   3.4284284284284290       -4.1304632956026743E-003  0.49826303161096541     
   3.4384384384384390       -4.0331203871588339E-003  0.49418007807613407     
   3.4484484484484490       -3.9421223343885569E-003  0.49019087803493083     
   3.4584584584584590       -3.8564513589565931E-003  0.48628974326511598     
   3.4684684684684690       -3.7753764789856953E-003  0.48247180248601590     
   3.4784784784784790       -3.6983510832337635E-003  0.47873279162868432     
   3.4884884884884890       -3.6249539318277957E-003  0.47506891186394512     
   3.4984984984984990       -3.5548529921693339E-003  0.47147672934507395     
   3.5085085085085090       -3.4877822549284612E-003  0.46795310170541232     
   3.5185185185185190       -3.4235264148838062E-003  0.46449512224792006     
   3.5285285285285291       -3.3619105972603450E-003  0.46110007605550785     
   3.5385385385385391       -3.3027935180352901E-003  0.45776540415691186     
   3.5485485485485491       -3.2460631644936626E-003  0.45448867300300566     
   3.5585585585585591       -3.1916345664720160E-003  0.45126754714681716     
   3.5685685685685691       -3.1394497891778462E-003  0.44809976335581031     
   3.5785785785785791       -3.0894818183034287E-003  0.44498310499041133     
   3.5885885885885891       -3.0417487050883531E-003  0.44191538483542231     
   3.5985985985985991       -2.9962598064907230E-003  0.43889448055656810     
   3.6086086086086091       -2.9529688707842184E-003  0.43591801008996095     
   3.6186186186186191       -2.9121685710110021E-003  0.43298359330748898     
   3.6286286286286291       -2.8740664138659036E-003  0.43008876517384326     
   3.6386386386386391       -2.8389978525090939E-003  0.42723073821054147     
   3.6486486486486491       -2.8075081943623684E-003  0.42440631201103890     
   3.6586586586586591       -2.7804770755334544E-003  0.42161164793634182     
   3.6686686686686691       -2.7593754040016868E-003  0.41884188699800434     
   3.6786786786786791       -2.7468133960856607E-003  0.41609047696202223     
   3.6886886886886892       -2.7478279532285664E-003  0.41334791671969984     
   3.6986986986986992       -2.7733247161138325E-003  0.41059930792048510     
   3.7087087087087092       -2.8509478865466581E-003  0.40781985514563279     
   3.7187187187187192       -3.0666748204675703E-003  0.40497400033015013     
   3.7287287287287292       -3.7145418909279313E-003  0.40214035959955247     
   3.7387387387387392       -4.8324086778225080E-003  0.40044436233156894     
   3.7487487487487492       -3.9580419277063352E-003  0.39894699252013549     
   3.7587587587587592       -3.5108247701327181E-003  0.39596831816138472     
   3.7687687687687692       -4.0225200994290587E-003  0.39303131966159416     
   3.7787787787787792       -4.5053914255601245E-003  0.39133595689478179     
   3.7887887887887892       -3.8991370039546881E-003  0.38875664340890392     
   3.7987987987987992       -4.0959121334258964E-003  0.38537094850318937     
   3.8088088088088092       -5.6318331427063148E-003  0.38171890489887361     
   3.8188188188188192       -9.5195051060819325E-003  0.38034942539713679     
   3.8288288288288292       -9.1595221140276465E-003  0.38112427310554053     
   3.8388388388388393       -1.1426582134470849E-002  0.38006557784087919     
   3.8488488488488493       -8.7340622326005750E-003  0.38317206082784727     
   3.8588588588588593       -5.1685745752446301E-003  0.37996457555136703     
   3.8688688688688693       -4.2638102998731001E-003  0.37607061930900387     
   3.8788788788788793       -4.6898737016569285E-003  0.37227271578903026     
   3.8888888888888893       -7.2859632817697832E-003  0.36891395915375313     
   3.8988988988988993       -1.0612849645174898E-002  0.37125299270872408     
   3.9089089089089093       -6.6815680448076842E-003  0.37146656775470527     
   3.9189189189189193       -6.1492622131427560E-003  0.36809425131858986     
   3.9289289289289293       -7.2398161342589803E-003  0.36814279555572538     
   3.9389389389389393       -4.4833319452717048E-003  0.36729521186739550     
   3.9489489489489493       -3.1047844921565570E-003  0.36456192982451169     
   3.9589589589589593       -2.5734230589494317E-003  0.36196483769962323     
   3.9689689689689693       -2.3554536532273706E-003  0.35959682516065994     
   3.9789789789789793       -2.3374790612714965E-003  0.35740845647331509     
   3.9889889889889893       -2.3531339362030048E-003  0.35557344556218978     
   3.9989989989989994       -2.1353490082639732E-003  0.35365663896847666     
   4.0090090090090094       -2.1075169655876192E-003  0.35166055625008941     
   4.0190190190190194       -2.3185714711153140E-003  0.34984781977910573     
   4.0290290290290294       -2.2731660522263258E-003  0.34847661838521127     
   4.0390390390390394       -1.9415773914589702E-003  0.34676515960790938     
   4.0490490490490494       -1.8000674719665269E-003  0.34496371952177834     
   4.0590590590590594       -1.7304957395705809E-003  0.34321460573557988     
   4.0690690690690694       -1.6852319202432227E-003  0.34151164837077941     
   4.0790790790790794       -1.6505348695277677E-003  0.33984526767821732     
   4.0890890890890894       -1.6214671456306542E-003  0.33820945098185051     
   4.0990990990990994       -1.5958739273918374E-003  0.33660035870556576     
   4.1091091091091094       -1.5726658052347248E-003  0.33501535289050671     
   4.1191191191191194       -1.5512277402961469E-003  0.33345249300957441     
   4.1291291291291294       -1.5311825328254236E-003  0.33191026919257616     
   4.1391391391391394       -1.5122842256381803E-003  0.33038745231998445     
   4.1491491491491495       -1.4943653448383873E-003  0.32888300421187500     
   4.1591591591591595       -1.4773088830828799E-003  0.32739602041147264     
   4.1691691691691695       -1.4610330295266869E-003  0.32592569159262424     
   4.1791791791791795       -1.4454844211806480E-003  0.32447127783225699     
   4.1891891891891895       -1.4306231466609479E-003  0.32303210396177456     
   4.1991991991991995       -1.4163919118464895E-003  0.32160748172106229     
   4.2092092092092095       -1.4028232633168771E-003  0.32019674454582636     
   4.2192192192192195       -1.3899267488056300E-003  0.31879925597274883     
   4.2292292292292295       -1.3777288040613277E-003  0.31741434385519213     
   4.2392392392392395       -1.3662846026070144E-003  0.31604129490475452     
   4.2492492492492495       -1.3556879230087917E-003  0.31467932805066062     
   4.2592592592592595       -1.3460964265792862E-003  0.31332755352312325     
   4.2692692692692695       -1.3377976780595789E-003  0.31198491348023627     
   4.2792792792792795       -1.3314215580737265E-003  0.31065017021297364     
   4.2892892892892895       -1.3279047449211460E-003  0.30932280834961856     
   4.2992992992992995       -1.3253553045169350E-003  0.30800012772456581     
   4.3093093093093096       -1.3285519291487324E-003  0.30667599794363715     
   4.3193193193193196       -1.3438886687662664E-003  0.30534619252194578     
   4.3293293293293296       -1.3884210728749376E-003  0.30400145323781269     
   4.3393393393393396       -1.5255054693738310E-003  0.30264343179795045     
   4.3493493493493496       -1.8603677591516380E-003  0.30151313772363897     
   4.3593593593593596       -1.6957582765175585E-003  0.30064123711912250     
   4.3693693693693696       -1.4896096324284521E-003  0.29935540919418657     
   4.3793793793793796       -1.4018771847194465E-003  0.29799869804482543     
   4.3893893893893896       -1.3882629082250879E-003  0.29662715592853584     
   4.3993993993993996       -1.4154580541172221E-003  0.29523989520099586     
   4.4094094094094096       -1.4844222204874788E-003  0.29381092479603033     
   4.4194194194194196       -1.6279120718068563E-003  0.29230325105693772     
   4.4294294294294296       -1.9565860962790418E-003  0.29068259602662955     
   4.4394394394394396       -2.6177244701923504E-003  0.28914880592266895     
   4.4494494494494496       -3.4381912851584062E-003  0.28738140272019408     
   4.4594594594594597       -6.3275748280498430E-003  0.28605105723706009     
   4.4694694694694697       -8.0373991297110463E-003  0.28969146611032931     
   4.4794794794794797       -4.3079852747412040E-003  0.29024767348983321     
   4.4894894894894897       -2.7581186686231572E-003  0.28798949317329769     
   4.4994994994994997       -2.4611150660922318E-003  0.28575792161575614     
   4.5095095095095097       -2.9453863696037477E-003  0.28355020594215657     
   4.5195195195195197       -4.9499343008262142E-003  0.28191645664053600     
   4.5295295295295297       -5.8271042052830185E-003  0.28363979894203367     
   4.5395395395395397       -4.4249895244657701E-003  0.28245075043377083     
   4.5495495495495497       -5.3320109727938575E-003  0.28111765623724522     
   4.5595595595595597       -7.2445220452510492E-003  0.28152494254026250     
   4.5695695695695697       -5.0400588799241917E-003  0.28397006448072265     
   4.5795795795795797       -2.6707183686847805E-003  0.28233560823492554     
   4.5895895895895897       -1.8543797511919949E-003  0.28049081164935885     
   4.5995995995995997       -1.5139717944023133E-003  0.27892402155285689     
   4.6096096096096097       -1.3417427316648899E-003  0.27754110179365571     
   4.6196196196196198       -1.2451960619191979E-003  0.27626995564714457     
   4.6296296296296298       -1.1945222845606864E-003  0.27506741498246201     
   4.6396396396396398       -1.1941592085148182E-003  0.27390750555383020     
   4.6496496496496498       -1.2959186005938952E-003  0.27283095678315294     
   4.6596596596596598       -1.2845968804634546E-003  0.27197939340802463     
   4.6696696696696698       -1.1668935343455138E-003  0.27094537645131822     
   4.6796796796796798       -1.2183593035048990E-003  0.26990996098377235     
   4.6896896896896898       -1.2453713264817077E-003  0.26909568786528743     
   4.6996996996996998       -1.1056477632020688E-003  0.26820211862857080     
   4.7097097097097098       -1.0077501574507195E-003  0.26722363650994474     
   4.7197197197197198       -9.6415683490040497E-004  0.26625287608145215     
   4.7297297297297298       -9.3948724710969916E-004  0.26530502707941556     
   4.7397397397397398       -9.2212145970196511E-004  0.26437538888024653     
   4.7497497497497498       -9.0831188796938495E-004  0.26346036956859176     
   4.7597597597597598       -8.9656044608009671E-004  0.26255771762605984     
   4.7697697697697699       -8.8616117864299428E-004  0.26166594225731632     
   4.7797797797797799       -8.7675289778248102E-004  0.26078399744612840     
   4.7897897897897899       -8.6806561096380722E-004  0.25991116962878213     
   4.7997997997997999       -8.5986396718637471E-004  0.25904667498628620     
   4.8098098098098099       -8.5219611386499312E-004  0.25818999879706495     
   4.8198198198198199       -8.4497613821361286E-004  0.25734073676568842     
   4.8298298298298299       -8.3814821758212011E-004  0.25649848806248549     
   4.8398398398398399       -8.3168082950907255E-004  0.25566288379345747     
   4.8498498498498499       -8.2555705110535713E-004  0.25483357687474006     
   4.8598598598598599       -8.1977176111204476E-004  0.25401023069864331     
   4.8698698698698699       -8.1433144459752411E-004  0.25319250828245332     
   4.8798798798798799       -8.0925587331284255E-004  0.25238006064229873     
   4.8898898898898899       -8.0458210622366233E-004  0.25157251270309572     
   4.8998998998998999       -8.0037227970811847E-004  0.25076944424755215     
   4.9099099099099099       -7.9672856182718614E-004  0.24997036163344175     
   4.9199199199199199       -7.9382313082108956E-004  0.24917465222783064     
   4.9299299299299300       -7.9196295224945442E-004  0.24838150527341663     
   4.9399399399399400       -7.9174472775133352E-004  0.24758976462861226     
   4.9499499499499500       -7.9447761674315799E-004  0.24679764125798406     
   4.9599599599599600       -8.0354727028545119E-004  0.24600218995798750     
   4.9699699699699700       -8.2977397948939705E-004  0.24519932132773212     
   4.9799799799799800       -9.1246246402904669E-004  0.24440179758711775     
   4.9899899899899900       -1.0195560840758205E-003  0.24376992154313157     
   5.0000000000000000       -8.9483127060744759E-004  0.24308230844541756     
