  -5.0000000000000000       -9.3884011838523014E-004 -0.22412662713811737     
  -4.9899899899899900       -9.1441394683232455E-004 -0.22499078291874813     
  -4.9799799799799800       -1.0301759369158703E-003 -0.22587935420964969     
  -4.9699699699699700       -1.4492951484145168E-003 -0.22678723807715942     
  -4.9599599599599600       -2.2955327002070740E-003 -0.22704847639465384     
  -4.9499499499499500       -2.3417342615670183E-003 -0.22676178141101547     
  -4.9399399399399400       -1.7568915457644070E-003 -0.22706756705295839     
  -4.9299299299299300       -1.6542702297417584E-003 -0.22754325538481621     
  -4.9199199199199199       -1.1908209731952210E-003 -0.22813606240852294     
  -4.9099099099099099       -1.0589276286604281E-003 -0.22903821324814763     
  -4.8998998998998999       -1.2883983179763157E-003 -0.22981921658903701     
  -4.8898898898898899       -1.3586881605217377E-003 -0.23004151789107657     
  -4.8798798798798799       -1.0664716079799893E-003 -0.23069526983239391     
  -4.8698698698698699       -1.1218809765073674E-003 -0.23135023829729981     
  -4.8598598598598599       -9.4166953409561844E-004 -0.23184204746220324     
  -4.8498498498498499       -7.8574043266098912E-004 -0.23257253799061861     
  -4.8398398398398399       -7.3085295904889525E-004 -0.23330446885589803     
  -4.8298298298298299       -7.0871712506454432E-004 -0.23401635453229819     
  -4.8198198198198199       -6.9984574325027225E-004 -0.23471729086522383     
  -4.8098098098098099       -6.9867338077626926E-004 -0.23541431555590497     
  -4.7997997997997999       -7.0481952620434949E-004 -0.23611296872244306     
  -4.7897897897897899       -7.2359073950510719E-004 -0.23681893363197815     
  -4.7797797797797799       -7.7789861612304252E-004 -0.23753469079702610     
  -4.7697697697697699       -9.2566723780046381E-004 -0.23818147755197680     
  -4.7597597597597598       -8.8875872570173462E-004 -0.23865417311047701     
  -4.7497497497497498       -7.6954179555178677E-004 -0.23934554884788398     
  -4.7397397397397398       -7.3363016855178514E-004 -0.24007314186779372     
  -4.7297297297297298       -7.2459971236360390E-004 -0.24079611170946499     
  -4.7197197197197198       -7.2582626835003300E-004 -0.24151880079227370     
  -4.7097097097097098       -7.3383903754896970E-004 -0.24224632025147647     
  -4.6996996996996998       -7.5093851949331440E-004 -0.24298371210703992     
  -4.6896896896896898       -7.8978557135039591E-004 -0.24373611399668757     
  -4.6796796796796798       -8.9702402966098001E-004 -0.24448161085095521     
  -4.6696696696696698       -9.8735258212308600E-004 -0.24504524005066314     
  -4.6596596596596598       -8.6696890846459790E-004 -0.24573588809334149     
  -4.6496496496496498       -8.4173758855382119E-004 -0.24654049776233208     
  -4.6396396396396398       -8.9206104694334622E-004 -0.24736387021794018     
  -4.6296296296296298       -1.0678820668194519E-003 -0.24814725958620457     
  -4.6196196196196198       -1.1302991278570648E-003 -0.24869133187770939     
  -4.6096096096096097       -1.0491427276984259E-003 -0.24950698693551718     
  -4.5995995995995997       -1.2560648890415414E-003 -0.25038762792188279     
  -4.5895895895895897       -1.5699856178198748E-003 -0.25074459797556942     
  -4.5795795795795797       -1.1691889783828227E-003 -0.25127832460108501     
  -4.5695695695695697       -9.9205792696589875E-004 -0.25220026779362881     
  -4.5595595595595597       -9.6468379259278267E-004 -0.25313628467759197     
  -4.5495495495495497       -1.0167137264430609E-003 -0.25408772649615580     
  -4.5395395395395397       -1.2008414744561922E-003 -0.25506604073190492     
  -4.5295295295295297       -1.5882674293443472E-003 -0.25586621213868077     
  -4.5195195195195197       -1.9919650842297925E-003 -0.25639257165298096     
  -4.5095095095095097       -1.6936307526269716E-003 -0.25656876299753301     
  -4.4994994994994997       -1.2946544502698480E-003 -0.25758420056516890     
  -4.4894894894894897       -1.2515050653393802E-003 -0.25874078154669738     
  -4.4794794794794797       -1.4253761542165119E-003 -0.25996434435469429     
  -4.4694694694694697       -2.0136259571229224E-003 -0.26130328248501822     
  -4.4594594594594597       -3.7787690827846346E-003 -0.26203944348095726     
  -4.4494494494494496       -3.8893606054649713E-003 -0.26006001107923327     
  -4.4394394394394396       -2.1052956484027595E-003 -0.26074025788604521     
  -4.4294294294294296       -1.5259749399447124E-003 -0.26214871906026971     
  -4.4194194194194196       -1.3842923282661600E-003 -0.26348463726031834     
  -4.4094094094094096       -1.4564708674957433E-003 -0.26480930741959141     
  -4.3993993993993996       -1.8180298945509742E-003 -0.26619163551697750     
  -4.3893893893893896       -2.7989428045429362E-003 -0.26751895253418256     
  -4.3793793793793796       -4.7494317988542147E-003 -0.26708166750454304     
  -4.3693693693693696       -3.2014616639694676E-003 -0.26597176868911310     
  -4.3593593593593596       -2.1876681527050520E-003 -0.26743065360097912     
  -4.3493493493493496       -2.4576683167245911E-003 -0.26880820763356489     
  -4.3393393393393396       -2.5727842265435945E-003 -0.26889933871182026     
  -4.3293293293293296       -1.7448756482013517E-003 -0.26987619467706703     
  -4.3193193193193196       -1.4962514001895118E-003 -0.27126536148492547     
  -4.3093093093093096       -1.5492058531986323E-003 -0.27266861898494771     
  -4.2992992992992995       -1.9506102041108684E-003 -0.27412933878854745     
  -4.2892892892892895       -3.1225144587293356E-003 -0.27517321072661061     
  -4.2792792792792795       -3.6436702166121465E-003 -0.27509253232373088     
  -4.2692692692692695       -3.6425184741144105E-003 -0.27498007280718390     
  -4.2592592592592595       -3.2290689348754772E-003 -0.27583593503357862     
  -4.2492492492492495       -3.2522535797028405E-003 -0.27566453358720344     
  -4.2392392392392395       -1.9723548741351336E-003 -0.27647168959743418     
  -4.2292292292292295       -1.4662951493073166E-003 -0.27786516875560174     
  -4.2192192192192195       -1.2855583444122036E-003 -0.27915933879225119     
  -4.2092092092092095       -1.2249979665284231E-003 -0.28037554979273999     
  -4.1991991991991995       -1.2593156674941014E-003 -0.28155000287895482     
  -4.1891891891891895       -1.4364010806296101E-003 -0.28256661687414464     
  -4.1791791791791795       -1.3212778746389559E-003 -0.28337971944101892     
  -4.1691691691691695       -1.1644615654418677E-003 -0.28446895761168139     
  -4.1591591591591595       -1.1125072986055617E-003 -0.28557942490087279     
  -4.1491491491491495       -1.0938324568139394E-003 -0.28667519149175069     
  -4.1391391391391394       -1.0875639691645190E-003 -0.28776343759441608     
  -4.1291291291291294       -1.0873067046593056E-003 -0.28885005601169078     
  -4.1191191191191194       -1.0906553154622117E-003 -0.28993887670228219     
  -4.1091091091091094       -1.0965957292249022E-003 -0.29103262011427072     
  -4.0990990990990994       -1.1047397428212832E-003 -0.29213348779780496     
  -4.0890890890890894       -1.1150942589502535E-003 -0.29324353312860502     
  -4.0790790790790794       -1.1280623229804744E-003 -0.29436497247812549     
  -4.0690690690690694       -1.1446637663422858E-003 -0.29550056722922569     
  -4.0590590590590594       -1.1672086170520109E-003 -0.29665425055816913     
  -4.0490490490490494       -1.2013348015714655E-003 -0.29783228938867667     
  -4.0390390390390394       -1.2632036483310163E-003 -0.29904491897163205     
  -4.0290290290290294       -1.4089462969496323E-003 -0.30029746523571055     
  -4.0190190190190194       -1.7613516046375696E-003 -0.30143431760291733     
  -4.0090090090090094       -1.9541605124191791E-003 -0.30212983749875105     
  -3.9989989989989989       -1.5695892628575824E-003 -0.30309691155535623     
  -3.9889889889889889       -1.3972575732085887E-003 -0.30442671392561860     
  -3.9789789789789789       -1.3641451331961928E-003 -0.30577180895405043     
  -3.9689689689689689       -1.3856299657800909E-003 -0.30712901015560540     
  -3.9589589589589589       -1.4534361297512293E-003 -0.30852464074475372     
  -3.9489489489489489       -1.6100717734981536E-003 -0.30998935857895388     
  -3.9389389389389389       -2.0363024211387955E-003 -0.31150002832607609     
  -3.9289289289289289       -2.8249161367221104E-003 -0.31231093709135982     
  -3.9189189189189189       -2.2879591497410221E-003 -0.31301814912949122     
  -3.9089089089089089       -2.0347767356151025E-003 -0.31472867565318785     
  -3.8988988988988988       -2.3376208469585752E-003 -0.31655616773590090     
  -3.8888888888888888       -3.0786898873998987E-003 -0.31786539320899598     
  -3.8788788788788788       -3.0316922222763170E-003 -0.31932116016135825     
  -3.8688688688688688       -3.9928323364272003E-003 -0.32177478538628007     
  -3.8588588588588588       -7.7471788644177851E-003 -0.32318328441849359     
  -3.8488488488488488       -8.6949919028941440E-003 -0.31808215493515640     
  -3.8388388388388388       -4.3751386821793180E-003 -0.31860887516266950     
  -3.8288288288288288       -2.9253673779683440E-003 -0.32118341525230254     
  -3.8188188188188188       -2.6339533273877290E-003 -0.32351168359179405     
  -3.8088088088088088       -2.8208328421621617E-003 -0.32564424045822066     
  -3.7987987987987988       -4.0411264302010379E-003 -0.32742714649001692     
  -3.7887887887887888       -4.4584841555960868E-003 -0.32672106075422330     
  -3.7787787787787788       -2.7909554467838017E-003 -0.32797468902830917     
  -3.7687687687687688       -2.2108167056510059E-003 -0.33005739050986510     
  -3.7587587587587588       -2.0653434253851389E-003 -0.33208016270255480     
  -3.7487487487487487       -2.1142515130949907E-003 -0.33409605846347673     
  -3.7387387387387387       -2.3719167683652386E-003 -0.33621257792444270     
  -3.7287287287287287       -3.1165442973328850E-003 -0.33853499323164399     
  -3.7187187187187187       -5.4072364200110834E-003 -0.34052921846998424     
  -3.7087087087087087       -7.1987264643202783E-003 -0.33822245004678136     
  -3.6986986986986987       -4.3248111078133897E-003 -0.33868264599016679     
  -3.6886886886886887       -3.8016087082340280E-003 -0.34124051456721377     
  -3.6786786786786787       -4.6460407333493879E-003 -0.34222117072404851     
  -3.6686686686686687       -3.2828754978159540E-003 -0.34297689274369531     
  -3.6586586586586587       -2.5006697117142345E-003 -0.34519502742264263     
  -3.6486486486486487       -2.3174738238885455E-003 -0.34743195233884239     
  -3.6386386386386387       -2.4428378511671491E-003 -0.34965393066952488     
  -3.6286286286286287       -3.0545542566584017E-003 -0.35181100783159153     
  -3.6186186186186187       -3.8667081461666590E-003 -0.35316173117312655     
  -3.6086086086086087       -4.1439272504942863E-003 -0.35421952037316889     
  -3.5985985985985987       -4.0317334946084610E-003 -0.35613578824805442     
  -3.5885885885885886       -5.8167650701217684E-003 -0.35739421804389121     
  -3.5785785785785786       -4.9788139643433720E-003 -0.35624930819461359     
  -3.5685685685685686       -3.0737054877028563E-003 -0.35811308093318173     
  -3.5585585585585586       -2.4172008457469109E-003 -0.36047109184189091     
  -3.5485485485485486       -2.1726222161409393E-003 -0.36266679701247995     
  -3.5385385385385386       -2.0655232886256330E-003 -0.36475126422041276     
  -3.5285285285285286       -2.0154887834766678E-003 -0.36677727905074448     
  -3.5185185185185186       -1.9935257373505048E-003 -0.36877512352634262     
  -3.5085085085085086       -1.9872548642695708E-003 -0.37076240509649594     
  -3.4984984984984986       -1.9906975796287443E-003 -0.37275007362504403     
  -3.4884884884884886       -2.0007009414855980E-003 -0.37474545257011688     
  -3.4784784784784786       -2.0155022492971985E-003 -0.37675380372272410     
  -3.4684684684684686       -2.0340901533473857E-003 -0.37877918452709275     
  -3.4584584584584586       -2.0558995570340655E-003 -0.38082495286705181     
  -3.4484484484484486       -2.0806627660211185E-003 -0.38289409223017845     
  -3.4384384384384385       -2.1083447522944596E-003 -0.38498944897087145     
  -3.4284284284284285       -2.1391362609432239E-003 -0.38711393853538600     
  -3.4184184184184185       -2.1735066787438085E-003 -0.38927076767283780     
  -3.4084084084084085       -2.2123524116340492E-003 -0.39146373016667951     
  -3.3983983983983985       -2.2573511084629373E-003 -0.39369767304281544     
  -3.3883883883883881       -2.3118556626556598E-003 -0.39597932413321463     
  -3.3783783783783781       -2.3834769394150755E-003 -0.39831883263064521     
  -3.3683683683683681       -2.4930830417569383E-003 -0.40073190489989058     
  -3.3583583583583581       -2.7115969738505806E-003 -0.40322821224119931     
  -3.3483483483483480       -3.1834193499256955E-003 -0.40560194234368108     
  -3.3383383383383380       -3.3518140950296463E-003 -0.40761820858176268     
  -3.3283283283283280       -3.2412897121677198E-003 -0.41009686664395001     
  -3.3183183183183180       -3.4350647823568762E-003 -0.41254981754222148     
  -3.3083083083083080       -3.2569616652076711E-003 -0.41522624627309213     
  -3.2982982982982980       -3.3662424949699216E-003 -0.41835041629081055     
  -3.2882882882882880       -3.8342442994244888E-003 -0.42173635434021267     
  -3.2782782782782780       -5.0129967344189437E-003 -0.42535663537536328     
  -3.2682682682682680       -6.9787365018828427E-003 -0.42871169495290179     
  -3.2582582582582580       -1.1828192118384944E-002 -0.43151863319379619     
  -3.2482482482482480       -1.3798108778937846E-002 -0.42584937544587331     
  -3.2382382382382380       -8.3042435196551880E-003 -0.42726043287824561     
  -3.2282282282282280       -7.5454522070598365E-003 -0.43217144321490281     
  -3.2182182182182180       -9.8690746803527848E-003 -0.43375726174468765     
  -3.2082082082082080       -7.1266974973566103E-003 -0.43438498255878677     
  -3.1981981981981980       -5.7806341330853550E-003 -0.43878785941311665     
  -3.1881881881881879       -7.0720586933949395E-003 -0.44269502026943330     
  -3.1781781781781779       -7.4764941640262398E-003 -0.44298713481188212     
  -3.1681681681681679       -5.1060864361572016E-003 -0.44597714090550644     
  -3.1581581581581579       -4.2935908613652438E-003 -0.45008765086281544     
  -3.1481481481481479       -4.1052766576794809E-003 -0.45412211254042051     
  -3.1381381381381379       -4.1953609258639415E-003 -0.45817207461659187     
  -3.1281281281281279       -4.5550907556524359E-003 -0.46240203969096993     
  -3.1181181181181179       -5.4398329004441085E-003 -0.46702134152699948     
  -3.1081081081081079       -7.8762714956527435E-003 -0.47216354378831160     
  -3.0980980980980979       -1.4869524660038434E-002 -0.47475347997228573     
  -3.0880880880880879       -1.4750373117735917E-002 -0.46729401530542408     
  -3.0780780780780779       -8.3569753307042426E-003 -0.47029733071962870     
  -3.0680680680680679       -6.8248725214423616E-003 -0.47526091532848236     
  -3.0580580580580579       -5.7839643741232419E-003 -0.47900169427563327     
  -3.0480480480480479       -4.8687993909997500E-003 -0.48350560624705208     
  -3.0380380380380378       -4.6174097347285014E-003 -0.48798282625758765     
  -3.0280280280280278       -4.5397990250676213E-003 -0.49219069837666746     
  -3.0180180180180178       -4.4131344946677920E-003 -0.49648190490716304     
  -3.0080080080080078       -4.4121172611740729E-003 -0.50085021597293156     
  -2.9979979979979978       -4.4864352249482818E-003 -0.50527554708792410     
  -2.9879879879879878       -4.6312716962306454E-003 -0.50980241797419545     
  -2.9779779779779778       -4.8958810510438917E-003 -0.51449187035362265     
  -2.9679679679679678       -5.4654981911637299E-003 -0.51942315904296155     
  -2.9579579579579578       -7.0372674549743297E-003 -0.52441704087891383     
  -2.9479479479479478       -9.5140330451716701E-003 -0.52659551974607643     
  -2.9379379379379378       -7.3005606076691964E-003 -0.52882192898040026     
  -2.9279279279279278       -5.9196215137488403E-003 -0.53400900243061644     
  -2.9179179179179178       -5.4792410855725509E-003 -0.53938258927759863     
  -2.9079079079079078       -5.3732803778395316E-003 -0.54472331001589758     
  -2.8978978978978978       -5.3922022689434938E-003 -0.55006969839414288     
  -2.8878878878878878       -5.4597240466266982E-003 -0.55547512811222566     
  -2.8778778778778777       -5.5586893251461569E-003 -0.56097767050871372     
  -2.8678678678678677       -5.6794373891312826E-003 -0.56659468534628410     
  -2.8578578578578577       -5.8161606509016988E-003 -0.57234220702292726     
  -2.8478478478478477       -5.9663319604854725E-003 -0.57823401850957967     
  -2.8378378378378377       -6.1288947196558464E-003 -0.58428261210447752     
  -2.8278278278278277       -6.3035672741473276E-003 -0.59050000102864086     
  -2.8178178178178177       -6.4905440225358742E-003 -0.59689824002016290     
  -2.8078078078078077       -6.6903570862039078E-003 -0.60348978663625397     
  -2.7977977977977977       -6.9038152314719291E-003 -0.61028778487916013     
  -2.7877877877877877       -7.1319866979206959E-003 -0.61730631858690921     
  -2.7777777777777777       -7.3762129622495440E-003 -0.62456066602019655     
  -2.7677677677677677       -7.6381514628083404E-003 -0.63206758155258502     
  -2.7577577577577577       -7.9198553689649974E-003 -0.63984563171550701     
  -2.7477477477477477       -8.2239177122681670E-003 -0.64791561488675475     
  -2.7377377377377377       -8.5537040051685467E-003 -0.65630101970294097     
  -2.7277277277277276       -8.9132190165490347E-003 -0.66502895962792130     
  -2.7177177177177176       -9.3089074781406156E-003 -0.67413205356978656     
  -2.7077077077077076       -9.7507950007914412E-003 -0.68364905400000453     
  -2.6976976976976976       -1.0256693241628406E-002 -0.69362932205920180     
  -2.6876876876876876       -1.0867327400123479E-002 -0.70413783261057239     
  -2.6776776776776776       -1.1705987034297918E-002 -0.71524281947313906     
  -2.6676676676676676       -1.3081474067024900E-002 -0.72668146565133074     
  -2.6576576576576576       -1.3819518863961940E-002 -0.73797504490030241     
  -2.6476476476476476       -1.4371123047813954E-002 -0.75117320498108076     
  -2.6376376376376376       -1.6045563606913362E-002 -0.76554252974403580     
  -2.6276276276276276       -1.8693914312437609E-002 -0.77977725910481399     
  -2.6176176176176176       -2.0117335391920742E-002 -0.79583403644333195     
  -2.6076076076076076       -2.4355434645919549E-002 -0.81574638059742899     
  -2.5975975975975976       -3.6396168945393069E-002 -0.83851575068334427     
  -2.5875875875875876       -6.8416208590947575E-002 -0.84729833727850967     
  -2.5775775775775776       -6.1525688935206595E-002 -0.81897735802013949     
  -2.5675675675675675       -3.6312963100328131E-002 -0.83779645913484790     
  -2.5575575575575575       -2.9050633006043859E-002 -0.86511951759527084     
  -2.5475475475475475       -2.7635508472041749E-002 -0.89199467803239008     
  -2.5375375375375375       -2.8433575575916522E-002 -0.91937848276938738     
  -2.5275275275275275       -3.0548808201354090E-002 -0.94838616170758516     
  -2.5175175175175175       -3.3938638092998602E-002 -0.98004764238600084     
  -2.5075075075075075       -3.9162151561639075E-002  -1.0155908834356460     
  -2.4974974974974975       -4.7963051133230045E-002  -1.0567960568358237     
  -2.4874874874874875       -6.6061310629923320E-002  -1.1059821310167461     
  -2.4774774774774775      -0.11392524043404226       -1.1559138653442882     
  -2.4674674674674675      -0.16966631077828653       -1.1261697445524723     
  -2.4574574574574575      -0.11284122648831396       -1.1350998527899838     
  -2.4474474474474475       -9.3810774358850754E-002  -1.2121184006985735     
  -2.4374374374374375      -0.10238291720360085       -1.3010086068363551     
  -2.4274274274274275      -0.13178599600248736       -1.4056070033511909     
  -2.4174174174174174      -0.19782733525649271       -1.5292848592574209     
  -2.4074074074074074      -0.32973498035324506       -1.6533376616657978     
  -2.3973973973973974      -0.52057649149031038       -1.7074857805168899     
  -2.3873873873873874      -0.69205538756992202       -1.6933853486780133     
  -2.3773773773773774      -0.83525247696626992       -1.6527624597064883     
  -2.3673673673673674      -0.95888352353118822       -1.5996208754538090     
  -2.3573573573573574       -1.0684990010948316       -1.5385293887571092     
  -2.3473473473473474       -1.1675048340897636       -1.4713272052513182     
  -2.3373373373373374       -1.2580399697448663       -1.3987110905480895     
  -2.3273273273273274       -1.3414669608149097       -1.3208446775043088     
  -2.3173173173173174       -1.4186353223380024       -1.2375865817135838     
  -2.3073073073073074       -1.4899940758981007       -1.1486182471429447     
  -2.2972972972972974       -1.5558442147649121       -1.0535304697188126     
  -2.2872872872872874       -1.6161433338186033      -0.95147376675250239     
  -2.2772772772772774       -1.6704422510255366      -0.84164503506579458     
  -2.2672672672672673       -1.7180557924337665      -0.72302972513533836     
  -2.2572572572572573       -1.7578539823959725      -0.59439124590785963     
  -2.2472472472472473       -1.7881197733322589      -0.45425186629655151     
  -2.2372372372372373       -1.8062837839517620      -0.30087723868834315     
  -2.2272272272272273       -1.8084974004544727      -0.13230070306666411     
  -2.2172172172172173       -1.7889082949056894        5.3540459973759190E-002
  -2.2072072072072073       -1.7383841373202338       0.25834658680026701     
  -2.1971971971971973       -1.6421695741048763       0.48204287006089808     
  -2.1871871871871873       -1.4755173081236899       0.71822701858887372     
  -2.1771771771771773       -1.1973353940449982       0.93758519488550551     
  -2.1671671671671673      -0.77420707082389917        1.0280586860576200     
  -2.1571571571571573      -0.39864712939820668       0.84657126405138539     
  -2.1471471471471473      -0.23498229072825089       0.61527992824905298     
  -2.1371371371371373      -0.16219940653300377       0.44011887612043532     
  -2.1271271271271273      -0.12282729244120988       0.30676498017386594     
  -2.1171171171171173       -9.8589272503114805E-002  0.20050206493777745     
  -2.1071071071071072       -8.2392989278859435E-002  0.11248149308147802     
  -2.0970970970970972       -7.0964704347449059E-002   3.7307597778619847E-002
  -2.0870870870870872       -6.2595382111934522E-002  -2.8492694504861370E-002
  -2.0770770770770772       -5.6309938005514627E-002  -8.7273999210096903E-002
  -2.0670670670670672       -5.1514523155129950E-002 -0.14070647296163299     
  -2.0570570570570572       -4.7829756565569620E-002 -0.19002243489293028     
  -2.0470470470470472       -4.5004438500522950E-002 -0.23616386462993591     
  -2.0370370370370372       -4.2870088146987242E-002 -0.27987462868472601     
  -2.0270270270270272       -4.1299848192976281E-002 -0.32176546081898744     
  -2.0170170170170172       -4.0225145680412980E-002 -0.36237753673981976     
  -2.0070070070070072       -3.9652639281955081E-002 -0.40217516646562762     
  -1.9969969969969972       -3.9567923561587219E-002 -0.44154585846135769     
  -1.9869869869869872       -4.0217077320643904E-002 -0.48091911973858337     
  -1.9769769769769772       -4.2031133410509521E-002 -0.51969076561676841     
  -1.9669669669669672       -4.2204083396508309E-002 -0.55809986002399625     
  -1.9569569569569571       -4.2660309351338299E-002 -0.59944354188428628     
  -1.9469469469469471       -4.4294288508822020E-002 -0.64253742943670900     
  -1.9369369369369371       -4.6821203995166663E-002 -0.68775005621286689     
  -1.9269269269269271       -5.0404226561060632E-002 -0.73587481180859793     
  -1.9169169169169171       -5.5632631238846188E-002 -0.78798193950623063     
  -1.9069069069069071       -6.4227168740137799E-002 -0.84548023948373874     
  -1.8968968968968971       -8.2031765962876521E-002 -0.90785086814053773     
  -1.8868868868868871      -0.10660497511598425      -0.95391644823920463     
  -1.8768768768768771       -9.9755653512668879E-002  -1.0146524514935724     
  -1.8668668668668671      -0.10756180479257178       -1.1074475541235296     
  -1.8568568568568571      -0.13270563017254958       -1.2192473416580609     
  -1.8468468468468471      -0.18487997863769182       -1.3586910936585905     
  -1.8368368368368371      -0.30693304408108329       -1.5254829630379882     
  -1.8268268268268271      -0.53147672199335749       -1.6272405552827343     
  -1.8168168168168171      -0.74706358992469746       -1.6223811901134515     
  -1.8068068068068071      -0.91935859894893734       -1.5745609222411936     
  -1.7967967967967970       -1.0596626733169334       -1.5114991635701795     
  -1.7867867867867866       -1.1789188346894071       -1.4408561171363943     
  -1.7767767767767766       -1.2815492002603197       -1.3653916043653807     
  -1.7667667667667666       -1.3710606584788680       -1.2870410008829327     
  -1.7567567567567566       -1.4499093479868865       -1.2066066320396442     
  -1.7467467467467466       -1.5198636785141928       -1.1245500032826430     
  -1.7367367367367366       -1.5822654557997469       -1.0408144058246629     
  -1.7267267267267266       -1.6378601112123026      -0.95536532615715419     
  -1.7167167167167166       -1.6872785007350877      -0.86812491989029683     
  -1.7067067067067065       -1.7309575607271166      -0.77891583718107016     
  -1.6966966966966965       -1.7691656272633600      -0.68750291852547873     
  -1.6866866866866865       -1.8020235323491181      -0.59360225240406184     
  -1.6766766766766765       -1.8295115418978987      -0.49688255058332159     
  -1.6666666666666665       -1.8514647381675531      -0.39696341466965201     
  -1.6566566566566565       -1.8675563872564904      -0.29341325549787478     
  -1.6466466466466465       -1.8772786021587025      -0.18575044277576422     
  -1.6366366366366365       -1.8798924413470486       -7.3409762325734387E-002
  -1.6266266266266265       -1.8743375206645170        4.4220227214831112E-002
  -1.6166166166166165       -1.8591608244001172       0.16780631926480627     
  -1.6066066066066065       -1.8323420505613721       0.29805457226693099     
  -1.5965965965965965       -1.7910425795544915       0.43564891183660498     
  -1.5865865865865865       -1.7311981371970118       0.58110939188095856     
  -1.5765765765765765       -1.6468282747395522       0.73444903982386678     
  -1.5665665665665665       -1.5288103954585153       0.89430072154462126     
  -1.5565565565565564       -1.3626305153752547        1.0554633073796482     
  -1.5465465465465464       -1.1247229011145614        1.2008476065815732     
  -1.5365365365365364      -0.78702548459400845        1.2713520921762387     
  -1.5265265265265264      -0.43150471736048640        1.1392012897031412     
  -1.5165165165165164      -0.25175948120669367       0.90857185472297108     
  -1.5065065065065064      -0.17476157122478575       0.72254746533391379     
  -1.4964964964964964      -0.13456756262439820       0.57778859797812210     
  -1.4864864864864864      -0.11037188016341357       0.45995941058314682     
  -1.4764764764764764       -9.4507075653088593E-002  0.36006144577623683     
  -1.4664664664664664       -8.3561277195554076E-002  0.27257491824136271     
  -1.4564564564564564       -7.5800629856023677E-002  0.19391462299495871     
  -1.4464464464464464       -7.0260730041853264E-002  0.12160349002972687     
  -1.4364364364364364       -6.6373225544239051E-002   5.3826371215185610E-002
  -1.4264264264264264       -6.3794245708196529E-002  -1.0825583228636608E-002
  -1.4164164164164164       -6.2319480937370136E-002  -7.3512231163781097E-002
  -1.4064064064064064       -6.1840984912034373E-002 -0.13524980952762569     
  -1.3963963963963963       -6.2326889475646581E-002 -0.19698956290623651     
  -1.3863863863863863       -6.3816577914592096E-002 -0.25968455207063967     
  -1.3763763763763763       -6.6424008907634224E-002 -0.32435470599988042     
  -1.3663663663663663       -7.0362285903541669E-002 -0.39218497241208095     
  -1.3563563563563563       -7.6007461827352255E-002 -0.46461512183781539     
  -1.3463463463463463       -8.3977503850748536E-002 -0.54352247624253647     
  -1.3363363363363363       -9.5352194246176511E-002 -0.63150304394113954     
  -1.3263263263263263      -0.11214163875805891      -0.73237954383224524     
  -1.3163163163163163      -0.13852524404437283      -0.85214451351877796     
  -1.3063063063063063      -0.18464801743312137       -1.0004947040903731     
  -1.2962962962962963      -0.28008924661801987       -1.1902101552865343     
  -1.2862862862862863      -0.50488575995143392       -1.3873336221374739     
  -1.2762762762762763      -0.82184081567800393       -1.4322224530077756     
  -1.2662662662662663       -1.0779063024920086       -1.3605259867852026     
  -1.2562562562562563       -1.2691807290159502       -1.2520559387075156     
  -1.2462462462462462       -1.4154543919438669       -1.1326558972075011     
  -1.2362362362362362       -1.5298370805442709       -1.0108543916695050     
  -1.2262262262262262       -1.6204816825126425      -0.88982484342196289     
  -1.2162162162162162       -1.6925596733831547      -0.77096502681534096     
  -1.2062062062062062       -1.7503368840764717      -0.65494293058042929     
  -1.1961961961961962       -1.7961979953258329      -0.54097150861962728     
  -1.1861861861861862       -1.8316589677313651      -0.42918442800686635     
  -1.1761761761761762       -1.8581245140537226      -0.31942658206877594     
  -1.1661661661661662       -1.8765897033631005      -0.21142977152139295     
  -1.1561561561561562       -1.8877549001031924      -0.10491161448803324     
  -1.1461461461461462       -1.8920971997754334        4.0546337593669514E-004
  -1.1361361361361362       -1.8899118501055026       0.10478745745299053     
  -1.1261261261261262       -1.8813363188676679       0.20848312350673295     
  -1.1161161161161162       -1.8663762421670540       0.31172197636278037     
  -1.1061061061061062       -1.8448850204797571       0.41473663586143183     
  -1.0960960960960962       -1.8165623296743147       0.51771356550255254     
  -1.0860860860860861       -1.7809556840561684       0.62081671538555894     
  -1.0760760760760761       -1.7374177802221880       0.72417466974403377     
  -1.0660660660660661       -1.6850607286277672       0.82786083927422749     
  -1.0560560560560561       -1.6226827957488206       0.93186251052290558     
  -1.0460460460460461       -1.5486521345957800        1.0360243567057825     
  -1.0360360360360361       -1.4607178148731275        1.1399399151398877     
  -1.0260260260260261       -1.3556896283610549        1.2427280632806528     
  -1.0160160160160161       -1.2288675352137466        1.3425257070168641     
  -1.0060060060060061       -1.0729843960231873        1.4351714689672590     
 -0.99599599599599564      -0.87642033901055594        1.5101136661590973     
 -0.98598598598598564      -0.62452161404392803        1.5352171437687987     
 -0.97597597597597563      -0.35638575405229800        1.4321259264706911     
 -0.96596596596596562      -0.20855117769233084        1.2468002202154269     
 -0.95595595595595562      -0.14461647065086877        1.0931967146356196     
 -0.94594594594594561      -0.11101119052463321       0.97350597819575557     
 -0.93593593593593560       -9.0417388509780497E-002  0.87655035818992522     
 -0.92592592592592560       -7.6548052164239488E-002  0.79511205159002718     
 -0.91591591591591559       -6.6623398903697506E-002  0.72476154304911056     
 -0.90590590590590558       -5.9226749367685058E-002  0.66263993372531182     
 -0.89589589589589558       -5.3560004287712210E-002  0.60679898603011651     
 -0.88588588588588557       -4.9139790251434598E-002  0.55584620407825258     
 -0.87587587587587556       -4.5657467266344225E-002  0.50874419022609785     
 -0.86586586586586556       -4.2908426409676202E-002  0.46469081142464841     
 -0.85585585585585555       -4.0753786526850112E-002  0.42304381864298118     
 -0.84584584584584555       -3.9098528082308917E-002  0.38327103021298664     
 -0.83583583583583554       -3.7878573173361026E-002  0.34491572177779162     
 -0.82582582582582553       -3.7053072443198380E-002  0.30757121903002910     
 -0.81581581581581553       -3.6599958717797004E-002  0.27086098991283436     
 -0.80580580580580552       -3.6513763389738281E-002  0.23442176221498645     
 -0.79579579579579551       -3.6805234809788312E-002  0.19788781598193828     
 -0.78578578578578551       -3.7502674742201265E-002  0.16087483356359933     
 -0.77577577577577550       -3.8655252651229224E-002  0.12296161165922749     
 -0.76576576576576549       -4.0338982175823393E-002   8.3667529211753730E-002
 -0.75575575575575549       -4.2666701971838403E-002   4.2422796381772827E-002
 -0.74574574574574548       -4.5804569267267642E-002  -1.4731065927405297E-003
 -0.73573573573573547       -4.9999826281488295E-002  -4.8912354360474974E-002
 -0.72572572572572547       -5.5629264471368831E-002 -0.10107216741815872     
 -0.71571571571571546       -6.3288202445126188E-002 -0.15956455869638114     
 -0.70570570570570545       -7.3964973041126078E-002 -0.22668821418256552     
 -0.69569569569569545       -8.9413310419899097E-002 -0.30587391717109175     
 -0.68568568568568544      -0.11303009440180194      -0.40251124552037815     
 -0.67567567567567544      -0.15228084118275295      -0.52556108718033456     
 -0.66566566566566543      -0.22679934557717904      -0.68990643528837281     
 -0.65565565565565542      -0.39888680764463519      -0.90749640497114037     
 -0.64564564564564542      -0.78404266160007940       -1.0544876184165455     
 -0.63563563563563541       -1.1949090701136926      -0.92982892577453857     
 -0.62562562562562540       -1.4636000124197577      -0.68143218140664030     
 -0.61561561561561540       -1.6207957518582321      -0.40885474527281335     
 -0.60560560560560539       -1.7010930501848669      -0.14032645405270561     
 -0.59559559559559538       -1.7252157072480596       0.11607892119472876     
 -0.58558558558558538       -1.7050715219412789       0.35828282621126312     
 -0.57557557557557537       -1.6471365681316013       0.58600828805920424     
 -0.56556556556556536       -1.5539688720545222       0.79918884634480780     
 -0.55555555555555536       -1.4247704905218437       0.99682931893229454     
 -0.54554554554554535       -1.2549390956588682        1.1755751546130617     
 -0.53553553553553535       -1.0345206746288371        1.3256565014376207     
 -0.52552552552552534      -0.74841679952076223        1.4163589119702331     
 -0.51551551551551533      -0.42516444379300294        1.3621150573457736     
 -0.50550550550550533      -0.22927813066683697        1.1809822936693473     
 -0.49549549549549532      -0.14698219751121633        1.0256482848845818     
 -0.48548548548548531      -0.10590887394903856       0.91009608354531168     
 -0.47547547547547531       -8.1739535871139538E-002  0.82109625562314192     
 -0.46546546546546530       -6.5960838325250765E-002  0.74978049056180474     
 -0.45545545545545529       -5.4927475830917442E-002  0.69082089623954834     
 -0.44544544544544529       -4.6828554208832217E-002  0.64087985804929670     
 -0.43543543543543528       -4.0664636302650312E-002  0.59775746700203103     
 -0.42542542542542527       -3.5839872144636430E-002  0.55993834062491521     
 -0.41541541541541527       -3.1977525623892583E-002  0.52633984288083135     
 -0.40540540540540526       -2.8828140906912745E-002  0.49616481738474510     
 -0.39539539539539525       -2.6220270605848531E-002  0.46881132406165887     
 -0.38538538538538525       -2.4032406172415560E-002  0.44381502680813029     
 -0.37537537537537524       -2.2176183235561663E-002  0.42081112087762385     
 -0.36536536536536524       -2.0585914083510657E-002  0.39950840970004575     
 -0.35535535535535523       -1.9211834327514596E-002  0.37967119158290935     
 -0.34534534534534522       -1.8015614930915483E-002  0.36110631458014775     
 -0.33533533533533522       -1.6967302179235998E-002  0.34365373953136474     
 -0.32532532532532521       -1.6043183872646145E-002  0.32717953853014070     
 -0.31531531531531520       -1.5224271597289648E-002  0.31157061813979348     
 -0.30530530530530520       -1.4495202006602004E-002  0.29673068598386548     
 -0.29529529529529519       -1.3843428800492023E-002  0.28257712811009483     
 -0.28528528528528518       -1.3258620020274905E-002  0.26903856315760777     
 -0.27527527527527518       -1.2732202725228525E-002  0.25605290603403114     
 -0.26526526526526517       -1.2257015046211826E-002  0.24356581968552563     
 -0.25525525525525516       -1.1827037555116087E-002  0.23152946561332208     
 -0.24524524524524516       -1.1437183990177293E-002  0.21990148653196864     
 -0.23523523523523515       -1.1083136967850885E-002  0.20864417089476564     
 -0.22522522522522515       -1.0761218237013918E-002  0.19772376086271004     
 -0.21521521521521514       -1.0468285838967801E-002  0.18710987396023729     
 -0.20520520520520513       -1.0201652592158257E-002  0.17677501501996115     
 -0.19519519519519513       -9.9590218759787463E-003  0.16669415965953854     
 -0.18518518518518512       -9.7384379291531910E-003  0.15684439384411400     
 -0.17517517517517511       -9.5382489581657300E-003  0.14720459629834426     
 -0.16516516516516511       -9.3570824219589375E-003  0.13775515173498143     
 -0.15515515515515510       -9.1938331100668777E-003  0.12847768300369583     
 -0.14514514514514509       -9.0476663518105141E-003  0.11935478907156545     
 -0.13513513513513509       -8.9180413921380597E-003  0.11036977263502114     
 -0.12512512512512508       -8.8047646199255845E-003  0.10150633495395905     
 -0.11511511511511507       -8.7080909318413245E-003   9.2748203883186470E-002
 -0.10510510510510507       -8.6289083813206689E-003   8.4078639450655759E-002
  -9.5095095095095061E-002  -8.5690763323449781E-003   7.5479720216573079E-002
  -8.5085085085085055E-002  -8.5320650037658992E-003   6.6931232732465984E-002
  -7.5075075075075048E-002  -8.5242292009950812E-003   5.8408820333952033E-002
  -6.5065065065065042E-002  -8.5575287723047531E-003   4.9880691276755020E-002
  -5.5055055055055035E-002  -8.6558898169306463E-003   4.1301396731988890E-002
  -4.5045045045045029E-002  -8.8719252382347211E-003   3.2599487862867212E-002
  -3.5035035035035023E-002  -9.3380950248858636E-003   2.3653531812941855E-002
  -2.5025025025025016E-002  -1.0455680273037430E-002   1.4268744156319717E-002
  -1.5015015015015010E-002  -1.3667520817254317E-002   4.5739968003718021E-003
  -5.0050050050050032E-003  -2.0430811444505089E-002  -3.5548673824184132E-004
   5.0050050050050032E-003  -2.0439940579901887E-002   3.4478831171548996E-004
   1.5015015015015010E-002  -1.3675259230480121E-002  -4.5703893273882608E-003
   2.5025025025025016E-002  -1.0458284866341440E-002  -1.4264691765976893E-002
   3.5035035035035023E-002  -9.3391861913095092E-003  -2.3650374294051348E-002
   4.5045045045045029E-002  -8.8725010632494227E-003  -3.2596928200418852E-002
   5.5055055055055035E-002  -8.6562569753378237E-003  -4.1299230605134386E-002
   6.5065065065065042E-002  -8.5578027058232416E-003  -4.9878814194626621E-002
   7.5075075075075048E-002  -8.5244609692800340E-003  -5.8407181374419664E-002
   8.5085085085085055E-002  -8.5322802923441365E-003  -6.6929809567171053E-002
   9.5095095095095061E-002  -8.5692895896423513E-003  -7.5478506824945807E-002
  0.10510510510510507       -8.6291286475621305E-003  -8.4077639930122100E-002
  0.11511511511511507       -8.7083245043652977E-003  -9.2747429226069933E-002
  0.12512512512512508       -8.8050163831738196E-003 -0.10150580134373188     
  0.13513513513513509       -8.9183155364695888E-003 -0.11036950056942565     
  0.14514514514514509       -9.0479667947210071E-003 -0.11935480296712206     
  0.15515515515515510       -9.1941637663284174E-003 -0.12847801110314871     
  0.16516516516516511       -9.3574473960136382E-003 -0.13775582622396773     
  0.17517517517517511       -9.5386526980940373E-003 -0.14720565358302801     
  0.18518518518518512       -9.7388853650355201E-003 -0.15684587496760058     
  0.19519519519519513       -9.9595185573029647E-003 -0.16669611085117131     
  0.20520520520520513       -1.0202204835007399E-002 -0.17677748838300350     
  0.21521521521521514       -1.0468900892151406E-002 -0.18711292831263135     
  0.22522522522522515       -1.0761904476201914E-002 -0.19772746275422126     
  0.23523523523523515       -1.1083904127750255E-002 -0.20864859583295373     
  0.24524524524524516       -1.1438043446764200E-002 -0.21990672046003784     
  0.25525525525525516       -1.1828002672993517E-002 -0.23153560669596673     
  0.26526526526526517       -1.2258101610567285E-002 -0.24357298047551521     
  0.27527527527527518       -1.2733429484074734E-002 -0.25606121611402344     
  0.28528528528528518       -1.3260009371376929E-002 -0.26904817238047513     
  0.29529529529529519       -1.3845007669701722E-002 -0.28258821059985301     
  0.30530530530530520       -1.4497002981890165E-002 -0.29674344511220080     
  0.31531531531531520       -1.5226334408142177E-002 -0.31158529276622676     
  0.32532532532532521       -1.6045557341673327E-002 -0.32719641089614054     
  0.33533533533533522       -1.6970046828217664E-002 -0.34367314534392324     
  0.34534534534534522       -1.8018806507462633E-002 -0.36112865602968169     
  0.35535535535535523       -1.9215568648376362E-002 -0.37969695434728368     
  0.36536536536536524       -2.0590313795869081E-002 -0.39953818544490338     
  0.37537537537537524       -2.2181407430363141E-002 -0.42084563746173115     
  0.38538538538538525       -2.4038664338023423E-002 -0.44385518949119129     
  0.39539539539539525       -2.6227843362766678E-002 -0.46885827275204889     
  0.40540540540540526       -2.8837411660173760E-002 -0.49622000782446979     
  0.41541541541541527       -3.1989030414438881E-002 -0.52640516451602537     
  0.42542542542542527       -3.5854381094033452E-002 -0.56001629243595408     
  0.43543543543543528       -4.0683292604024660E-002 -0.59785142816110914     
  0.44544544544544529       -4.6853124169682667E-002 -0.64099452008810054     
  0.45545545545545529       -5.4960828911219645E-002 -0.69096298319038396     
  0.46546546546546530       -6.6007947411750090E-002 -0.74996001893390152     
  0.47547547547547531       -8.1809794313947068E-002 -0.82132885442815751     
  0.48548548548548531      -0.10602226881939453      -0.91040740164423639     
  0.49549549549549532      -0.14718907139242429       -1.0260812768200684     
  0.50550550550550533      -0.22973466613048971       -1.1815859953335401     
  0.51551551551551533      -0.42623863009993435       -1.3626166381880032     
  0.52552552552552534      -0.74965011342066246       -1.4161539588987877     
  0.53553553553553535       -1.0355111999836364       -1.3250892439555018     
  0.54554554554554535       -1.2557241803606602       -1.1748339205887690     
  0.55555555555555536       -1.4253905619919984      -0.99596897147479124     
  0.56556556556556536       -1.5544406985093606      -0.79822589500628649     
  0.57557557557557537       -1.6474592922703208      -0.58494599193451602     
  0.58558558558558538       -1.7052292610890369      -0.35711935991563182     
  0.59559559559559538       -1.7251750368432393      -0.11481171501076166     
  0.60560560560560539       -1.7007968084461735       0.14169438104289941     
  0.61561561561561540       -1.6201490358966759       0.41030180780872727     
  0.62562562562562540       -1.4624440989319130       0.68287820103102648     
  0.63563563563563541       -1.1929991912175510       0.93098924054268040     
  0.64564564564564542      -0.78145181282483311        1.0544237721060665     
  0.65565565565565542      -0.39738583536659783       0.90617190183837903     
  0.66566566566566543      -0.22619576384844589       0.68880913405663258     
  0.67567567567567544      -0.15198353331032094       0.52475561584090824     
  0.68568568568568544      -0.11285757056557355       0.40189575960999957     
  0.69569569569569545       -8.9302073111842128E-002  0.30538321254401790     
  0.70570570570570545       -7.3888065543665338E-002  0.22628378188634896     
  0.71571571571571546       -6.3232293842881732E-002  0.15922251881762606     
  0.72572572572572547       -5.5587076333920092E-002  0.10077690743227648     
  0.73573573573573547       -4.9967065383736700E-002   4.8653197036876518E-002
  0.74574574574574548       -4.5778548153187631E-002   1.2424660206406470E-003
  0.75575575575575549       -4.2645657874035715E-002  -4.2630485077067140E-002
  0.76576576576576549       -4.0321714665603060E-002  -8.3856460943319777E-002
  0.77577577577577550       -3.8640918983086650E-002 -0.12313502421728237     
  0.78578578578578551       -3.7490668494584621E-002 -0.16103527906129167     
  0.79579579579579551       -3.6795110985854418E-002 -0.19803734516720919     
  0.80580580580580552       -3.6505190670744918E-002 -0.23456205335160688     
  0.81581581581581553       -3.6592688264548645E-002 -0.27099344148206128     
  0.82582582582582553       -3.7046917202693368E-002 -0.30769701838478292     
  0.83583583583583554       -3.7873394165881182E-002 -0.34503589770226506     
  0.84584584584584555       -3.9094225619048996E-002 -0.38338649486313620     
  0.85585585585585555       -4.0750295252933298E-002 -0.42315540291668946     
  0.86586586586586556       -4.2905713779942116E-002 -0.46479929710958851     
  0.87587587587587556       -4.5655535767286017E-002 -0.50885034218578240     
  0.88588588588588557       -4.9138684649022948E-002 -0.55595080634198979     
  0.89589589589589558       -5.3559826886556514E-002 -0.60690288729677477     
  0.90590590590590558       -5.9227689803687457E-002 -0.66274411132263433     
  0.91591591591591559       -6.6625793213566611E-002 -0.72486720175597763     
  0.92592592592592560       -7.6552507149006355E-002 -0.79522078939699792     
  0.93593593593593560       -9.0425069588403989E-002 -0.87666446492173733     
  0.94594594594594561      -0.11102458221762243      -0.97362899928764957     
  0.95595595595595562      -0.14464177448704019       -1.0933344205497006     
  0.96596596596596562      -0.20860744587816682       -1.2469599422820841     
  0.97597597597597563      -0.35652522176212359       -1.4322795047567971     
  0.98598598598598564      -0.62469097778156357       -1.5352623372625787     
  0.99599599599599564      -0.87653952560775761       -1.5101063429714776     
   1.0060060060060056       -1.0730640627765287       -1.4351523101744041     
   1.0160160160160157       -1.2289208339803726       -1.3425067564278366     
   1.0260260260260257       -1.3557250051070346       -1.2427132187535463     
   1.0360360360360357       -1.4607407393973078       -1.1399304132886057     
   1.0460460460460457       -1.5486663156247849       -1.0360204137208580     
   1.0560560560560557       -1.6226908505917943      -0.93186391408860036     
   1.0660660660660657       -1.6850645625318208      -0.82786719293596711     
   1.0760760760760757       -1.7374188131862194      -0.72418550293746564     
   1.0860860860860857       -1.7809549934072597      -0.62083153527314983     
   1.0960960960960957       -1.8165607435010207      -0.51773188138941362     
   1.1061061061061057       -1.8448831810510666      -0.41475796972724349     
   1.1161161161161157       -1.8663746494469693      -0.31174586407102339     
   1.1261261261261257       -1.8813353536507649      -0.20850912133029170     
   1.1361361361361357       -1.8899118159062371      -0.10481513430146441     
   1.1461461461461457       -1.8920983160261264       -4.3439144438840992E-004
   1.1561561561561557       -1.8877573184375864       0.10488185712280579     
   1.1661661661661658       -1.8765935114757246       0.21139960928257187     
   1.1761761761761758       -1.8581297335448483       0.31939644863202243     
   1.1861861861861858       -1.8316655459973112       0.42915477381913536     
   1.1961961961961958       -1.7962057891680625       0.54094281452046178     
   1.2062062062062058       -1.7503455706425042       0.65491577855545713     
   1.2162162162162158       -1.6925683685925892       0.77093936685974573     
   1.2262262262262258       -1.6204911050985245       0.88980116633055906     
   1.2362362362362358       -1.5298459299322722        1.0108338840961746     
   1.2462462462462458       -1.4154610830578851        1.1326389054884765     
   1.2562562562562558       -1.2691830314406496        1.2520424562783281     
   1.2662662662662658       -1.0779006632886641        1.3605147912839732     
   1.2762762762762758      -0.82182222632916990        1.4322077771844139     
   1.2862862862862858      -0.50485957355318967        1.3872985960356083     
   1.2962962962962958      -0.28008025373641804        1.1901649677990487     
   1.3063063063063058      -0.18464317965081661        1.0004537168141054     
   1.3163163163163158      -0.13852315257438319       0.85210331276658580     
   1.3263263263263259      -0.11214105394360029       0.73233889350411652     
   1.3363363363363359       -9.5352318868462974E-002  0.63146241780785595     
   1.3463463463463459       -8.3978057106609008E-002  0.54348143594684351     
   1.3563563563563559       -7.6008332054197103E-002  0.46457333859286071     
   1.3663663663663659       -7.0363430945429753E-002  0.39214217595177958     
   1.3763763763763759       -6.6425414931526344E-002  0.32431064275538751     
   1.3863863863863859       -6.3818254619620124E-002  0.25963895321428920     
   1.3963963963963959       -6.2328875640201911E-002  0.19694214536624621     
   1.4064064064064059       -6.1843331327456050E-002  0.13520024931719440     
   1.4164164164164168       -6.2322262760880952E-002   7.3460141817595748E-002
   1.4264264264264268       -6.3797570658256739E-002   1.0770491218172659E-002
   1.4364364364364368       -6.6377248612534384E-002  -5.3885062766693338E-002
   1.4464464464464468       -7.0265679302770653E-002 -0.12166655532841152     
   1.4564564564564568       -7.5806852879815159E-002 -0.19398309777467188     
   1.4664664664664668       -8.3569329280376498E-002 -0.27265023764975332     
   1.4764764764764768       -9.4517900801732960E-002 -0.36014568219807436     
   1.4864864864864868      -0.11038722102919608      -0.46005570666607398     
   1.4964964964964969      -0.13459101856846342      -0.57790198925273650     
   1.5065065065065069      -0.17480184173344443      -0.72268635471988607     
   1.5165165165165169      -0.25184247039198154      -0.90874816916624690     
   1.5265265265265269      -0.43170875317781998       -1.1393884903263916     
   1.5365365365365369      -0.78730859029375433       -1.2713763185072919     
   1.5465465465465469       -1.1249258903451049       -1.2007740647890874     
   1.5565565565565569       -1.3627656986678267       -1.0553705221020404     
   1.5665665665665669       -1.5289016740588173      -0.89421088163597506     
   1.5765765765765769       -1.6468907200497438      -0.73436837888161499     
   1.5865865865865869       -1.7312411012131763      -0.58103937117750171     
   1.5965965965965969       -1.7910721183156109      -0.43558938514967277     
   1.6066066066066069       -1.8323622540935338      -0.29800484313288733     
   1.6166166166166169       -1.8591745555924108      -0.16776553521458795     
   1.6266266266266269       -1.8743468457223962       -4.4187534084513445E-002
   1.6366366366366369       -1.8798988925332343        7.3435161369284949E-002
   1.6466466466466469       -1.8772833456968572       0.18576926747513448     
   1.6566566566566570       -1.8675603345534812       0.29342615158086099     
   1.6666666666666670       -1.8514686152156477       0.39697095277555905     
   1.6766766766766770       -1.8295159496270863       0.49688523774586529     
   1.6866866866866870       -1.8020289812866517       0.59360054200587820     
   1.6966966966966970       -1.7691725664372522       0.68749721886225035     
   1.7067067067067070       -1.7309663998495965       0.77890652044739561     
   1.7167167167167170       -1.6872896276155784       0.86811233078469674     
   1.7267267267267270       -1.6378739022996245       0.95534978764910550     
   1.7367367367367370       -1.5822822768343274        1.0407961956600802     
   1.7467467467467470       -1.5198840894325825        1.1245291752704116     
   1.7567567567567570       -1.4499342779884270        1.2065842629161214     
   1.7667667667667670       -1.3710898782126042        1.2870171888103403     
   1.7767767767767770       -1.2815837191308483        1.3653666660891619     
   1.7867867867867870       -1.1789596288593751        1.4408308047212790     
   1.7967967967967970       -1.0597105477124997        1.5114744657429993     
   1.8068068068068071      -0.91941697190553251        1.5745367945205224     
   1.8168168168168171      -0.74713638890058554        1.6223651962351233     
   1.8268268268268271      -0.53156352408669072        1.6272464683897079     
   1.8368368368368371      -0.30700129350358774        1.5255248580655150     
   1.8468468468468471      -0.18491626253179869        1.3587238156896266     
   1.8568568568568571      -0.13273755624850780        1.2192576049250001     
   1.8668668668668671      -0.10761421054994989        1.1074339856831585     
   1.8768768768768771       -9.9891783998064504E-002   1.0146446850542663     
   1.8868868868868871      -0.10670044056528155       0.95415273402737855     
   1.8968968968968971       -8.1950539035691994E-002  0.90791030659913641     
   1.9069069069069071       -6.4205181374341225E-002  0.84549551895203867     
   1.9169169169169171       -5.5627758182973074E-002  0.78799677279202995     
   1.9269269269269271       -5.0404162079909602E-002  0.73588935697159519     
   1.9369369369369371       -4.6822861568115506E-002  0.68776312847535725     
   1.9469469469469471       -4.4296990789701216E-002  0.64254833024203239     
   1.9569569569569571       -4.2664804423559174E-002  0.59945198260194499     
   1.9669669669669672       -4.2213297390869826E-002  0.55810955730692069     
   1.9769769769769772       -4.2028379822125095E-002  0.51970591596633398     
   1.9869869869869872       -4.0214886402433564E-002  0.48092116507301164     
   1.9969969969969972       -3.9568712341899896E-002  0.44154505726084714     
   2.0070070070070072       -3.9654621397241956E-002  0.40217137332795672     
   2.0170170170170172       -4.0228356816386972E-002  0.36237206197340049     
   2.0270270270270272       -4.1302774852390089E-002  0.32175710662676260     
   2.0370370370370372       -4.2873704485548697E-002  0.27986226175298029     
   2.0470470470470472       -4.5008786545959405E-002  0.23614782754027078     
   2.0570570570570572       -4.7834822471406968E-002  0.19000184225515446     
   2.0670670670670672       -5.1520589282438578E-002  0.14068044482041908     
   2.0770770770770772       -5.6317378635044386E-002   8.7241399648036594E-002
   2.0870870870870872       -6.2604752357931670E-002   2.8451969814805037E-002
   2.0970970970970972       -7.0976877761977669E-002  -3.7358640193175738E-002
   2.1071071071071072       -8.2409439334701060E-002 -0.11254607591588735     
   2.1171171171171173       -9.8612704317163319E-002 -0.20058504020391602     
   2.1271271271271273      -0.12286301635912859      -0.30687417551311186     
   2.1371371371371373      -0.16225977656104895      -0.44026746738280659     
   2.1471471471471473      -0.23510195191472288      -0.61548894320115932     
   2.1571571571571573      -0.39893968726101242      -0.84683675423109062     
   2.1671671671671673      -0.77474840523211452       -1.0280923855660986     
   2.1771771771771773       -1.1977509022821990      -0.93734616472726806     
   2.1871871871871873       -1.4757746809612555      -0.71792461754357118     
   2.1971971971971973       -1.6423232840409143      -0.48174142433727724     
   2.2072072072072073       -1.7384699438556843      -0.25806283244425643     
   2.2172172172172173       -1.7889476525050203       -5.3278003152144003E-002
   2.2272272272272273       -1.8085036318405685       0.13254228836069043     
   2.2372372372372373       -1.8062654965288460       0.30109961198807278     
   2.2472472472472473       -1.7880827041637570       0.45445696069689401     
   2.2572572572572573       -1.7578020349049521       0.59458092616874836     
   2.2672672672672673       -1.7179916435945843       0.72320567252691725     
   2.2772772772772774       -1.6703677228363090       0.84180871511207134     
   2.2872872872872874       -1.6160596350963867       0.95162645845828642     
   2.2972972972972974       -1.5557520124716655        1.0536734234278382     
   2.3073073073073074       -1.4898932037132269        1.1487518559448326     
   2.3173173173173174       -1.4185264480423148        1.2377117471376420     
   2.3273273273273274       -1.3413491784489529        1.3209621503520617     
   2.3373373373373374       -1.2579121113553813        1.3988211071995180     
   2.3473473473473474       -1.1673650859573674        1.4714297095884510     
   2.3573573573573574       -1.0683445356985832        1.5386238468448319     
   2.3673673673673674      -0.95870971411247718        1.5997061628108731     
   2.3773773773773774      -0.83504726141510088        1.6528354193028485     
   2.3873873873873874      -0.69181337437231161        1.6934176463472819     
   2.3973973973973974      -0.52029006770012487        1.7074630621736382     
   2.4074074074074074      -0.32943550267806232        1.6531709686391070     
   2.4174174174174174      -0.19766558131734066        1.5289952338167470     
   2.4274274274274275      -0.13175778608275898        1.4053582469435861     
   2.4374374374374375      -0.10240904270415685        1.3007762226463331     
   2.4474474474474475       -9.3935674150043849E-002   1.2118643161822329     
   2.4574574574574575      -0.11327430828918934        1.1349108723072001     
   2.4674674674674675      -0.16998508092683284        1.1269328784614805     
   2.4774774774774775      -0.11346887522838972        1.1559846209863784     
   2.4874874874874875       -6.5909841212153930E-002   1.1058615189346275     
   2.4974974974974975       -4.7907910946456432E-002   1.0567043703661314     
   2.5075075075075075       -3.9136828159926078E-002   1.0155239636027578     
   2.5175175175175175       -3.3924837423787095E-002  0.97999585124696298     
   2.5275275275275275       -3.0540423767013138E-002  0.94834388836975703     
   2.5375375375375375       -2.8428278271804136E-002  0.91934246292388755     
   2.5475475475475475       -2.7632563357765514E-002  0.89196275256106106     
   2.5575575575575575       -2.9050743832415290E-002  0.86508998607425847     
   2.5675675675675675       -3.6320542396640350E-002  0.83776900102958263     
   2.5775775775775776       -6.1549887784367582E-002  0.81897171718053696     
   2.5875875875875876       -6.8388383206432451E-002  0.84730669339076770     
   2.5975975975975976       -3.6380068730835415E-002  0.83849443894987896     
   2.6076076076076076       -2.4348133305393541E-002  0.81572722286412769     
   2.6176176176176176       -2.0110187809293301E-002  0.79581740726534445     
   2.6276276276276276       -1.8688811376758655E-002  0.77975361116877073     
   2.6376376376376376       -1.6048775079561036E-002  0.76552734391692268     
   2.6476476476476476       -1.4372432658680503E-002  0.75116108436751072     
   2.6576576576576576       -1.3821803298140574E-002  0.73796645223734347     
   2.6676676676676676       -1.3076065549342077E-002  0.72667410757647954     
   2.6776776776776776       -1.1702965308083671E-002  0.71523152214690600     
   2.6876876876876876       -1.0865905199913666E-002  0.70412734343880645     
   2.6976976976976976       -1.0255786252028439E-002  0.69361973617744843     
   2.7077077077077076       -9.7501078282371846E-003  0.68364019416981292     
   2.7177177177177176       -9.3083421177891680E-003  0.67412379546714718     
   2.7277277277277276       -8.9127369812204496E-003  0.66502122299437871     
   2.7377377377377377       -8.5532691334535005E-003  0.65629374562167497     
   2.7477477477477477       -8.2235271871191149E-003  0.64790874247182584     
   2.7577577577577577       -7.9195026434616175E-003  0.63983912720788461     
   2.7677677677677677       -7.6378301756997377E-003  0.63206141221743639     
   2.7777777777777777       -7.3759188440377524E-003  0.62455480317028356     
   2.7877877877877877       -7.1317165684486369E-003  0.61730073697510723     
   2.7977977977977977       -6.9035666002212042E-003  0.61028246197853342     
   2.8078078078078077       -6.6901279459879509E-003  0.60348470210210536     
   2.8178178178178177       -6.4903327082260704E-003  0.59689337528915309     
   2.8278278278278277       -6.3033723152098736E-003  0.59049533902794193     
   2.8378378378378377       -6.1287145702048221E-003  0.58427813708691301     
   2.8478478478478477       -5.9661642588524043E-003  0.57822971610503204     
   2.8578578578578577       -5.8159996915300933E-003  0.57233806469079762     
   2.8678678678678677       -5.6792638970379746E-003  0.56659069265784379     
   2.8778778778778777       -5.5584220536138394E-003  0.56097380266585595     
   2.8878878878878878       -5.4590488239120724E-003  0.55547102815652016     
   2.8978978978978978       -5.3932265180810278E-003  0.55006363017642612     
   2.9079079079079078       -5.3757600178742241E-003  0.54472139880884951     
   2.9179179179179178       -5.4795058222393443E-003  0.53938162237123033     
   2.9279279279279278       -5.9179760291651947E-003  0.53400843882676419     
   2.9379379379379378       -7.2944244206060438E-003  0.52881840352887766     
   2.9479479479479478       -9.5177802134904510E-003  0.52658423549554723     
   2.9579579579579578       -7.0410771749973202E-003  0.52441554101721743     
   2.9679679679679678       -5.4665823650286135E-003  0.51942206897890131     
   2.9779779779779778       -4.8960882844205659E-003  0.51449057065785497     
   2.9879879879879878       -4.6309417163495244E-003  0.50980118392303275     
   2.9979979979979978       -4.4852623999985580E-003  0.50527474174361864     
   3.0080080080080087       -4.4085911445031541E-003  0.50085028614971316     
   3.0180180180180187       -4.4009764801737853E-003  0.49648109355092357     
   3.0280280280280287       -4.5158386677264734E-003  0.49215425274419450     
   3.0380380380380387       -4.6703668546948223E-003  0.48796220508002963     
   3.0480480480480487       -4.8921082419128899E-003  0.48352338948027640     
   3.0580580580580587       -5.7940702439209218E-003  0.47902101535824443     
   3.0680680680680688       -6.8185121498210242E-003  0.47528182560637466     
   3.0780780780780788       -8.3351576944962272E-003  0.47031273889223274     
   3.0880880880880888       -1.4702511730976902E-002  0.46725956545794600     
   3.0980980980980988       -1.4931514950465328E-002  0.47472318453482082     
   3.1081081081081088       -7.9027502176989926E-003  0.47218860560207315     
   3.1181181181181188       -5.4466643727409531E-003  0.46704573886121808     
   3.1281281281281288       -4.5540650860090934E-003  0.46242587762299381     
   3.1381381381381388       -4.1872200611562521E-003  0.45819940738432124     
   3.1481481481481488       -4.0833557192470104E-003  0.45415855744691680     
   3.1581581581581588       -4.2312226654300728E-003  0.45014012304717044     
   3.1681681681681688       -4.8922433159863154E-003  0.44600931168308255     
   3.1781781781781788       -7.0805596142182398E-003  0.44231669666689366     
   3.1881881881881888       -8.4698228515296577E-003  0.44263379389618063     
   3.1981981981981988       -5.9861430480406203E-003  0.43996497981256483     
   3.2082082082082088       -5.8576148145918199E-003  0.43535092054465874     
   3.2182182182182189       -8.3469583045131870E-003  0.43137550745291731     
   3.2282282282282289       -9.9091066409347714E-003  0.43195061397883022     
   3.2382382382382389       -8.6142164289932065E-003  0.42869114970503358     
   3.2482482482482489       -1.2475381891439260E-002  0.42616406861456246     
   3.2582582582582589       -1.2024406388288425E-002  0.43093414643150607     
   3.2682682682682689       -7.1222449165454635E-003  0.42870829729134891     
   3.2782782782782789       -5.0457298216491668E-003  0.42537959307546086     
   3.2882882882882889       -3.8449393759666609E-003  0.42174828413944820     
   3.2982982982982989       -3.3711630221104848E-003  0.41835771736942295     
   3.3083083083083089       -3.2612416322934335E-003  0.41523236530444696     
   3.3183183183183189       -3.4349708157773054E-003  0.41256327179811353     
   3.3283283283283289       -3.2285256091483783E-003  0.41010312794504733     
   3.3383383383383389       -3.3428830720578901E-003  0.40760381791010108     
   3.3483483483483489       -3.1872846316913605E-003  0.40560030929532614     
   3.3583583583583589       -2.7118943768516045E-003  0.40322734516277275     
   3.3683683683683689       -2.4931053503503410E-003  0.40073095480877036     
   3.3783783783783790       -2.3834465357609209E-003  0.39831791804941824     
   3.3883883883883890       -2.3118153962557344E-003  0.39597845407597310     
   3.3983983983983990       -2.2573120748332308E-003  0.39369684502629104     
   3.4084084084084090       -2.2123171449409300E-003  0.39146293976145663     
   3.4184184184184190       -2.1734753382062614E-003  0.38927001050552262     
   3.4284284284284290       -2.1391084025466941E-003  0.38711321078139987     
   3.4384384384384390       -2.1083198353408312E-003  0.38498874740961908     
   3.4484484484484490       -2.0806402753795689E-003  0.38289341418806633     
   3.4584584584584590       -2.0558789974916107E-003  0.38082429616020680     
   3.4684684684684690       -2.0340709833378914E-003  0.37877854745065903     
   3.4784784784784790       -2.0154837482213245E-003  0.37675318512586559     
   3.4884884884884890       -2.0006819459246197E-003  0.37474485208372937     
   3.4984984984984990       -1.9906759125311261E-003  0.37274949218638204     
   3.5085085085085090       -1.9872259866098572E-003  0.37076184609825891     
   3.5185185185185190       -1.9934792617189467E-003  0.36877459535587576     
   3.5285285285285291       -2.0153984785427821E-003  0.36677680081081504     
   3.5385385385385391       -2.0653145982266474E-003  0.36475087828053432     
   3.5485485485485491       -2.1720491037346881E-003  0.36266658797254475     
   3.5585585585585591       -2.4152899177502908E-003  0.36047108304584913     
   3.5685685685685691       -3.0662280563758856E-003  0.35811065191926594     
   3.5785785785785791       -4.9759981079537637E-003  0.35621247976452891     
   3.5885885885885891       -5.8756937526870962E-003  0.35741636239756147     
   3.5985985985985991       -4.0330439389928748E-003  0.35619263010084301     
   3.6086086086086091       -4.0849922756253914E-003  0.35427257798117978     
   3.6186186186186191       -3.7326667419761944E-003  0.35307348239263270     
   3.6286286286286291       -3.1671760132553654E-003  0.35173796189819279     
   3.6386386386386391       -2.4894747416316235E-003  0.34968006830804149     
   3.6486486486486491       -2.3326797832565315E-003  0.34745516762503559     
   3.6586586586586591       -2.5070444157907360E-003  0.34521327376282229     
   3.6686686686686691       -3.2882760144158267E-003  0.34299574365963226     
   3.6786786786786791       -4.6385342813205065E-003  0.34225491453992818     
   3.6886886886886892       -3.7727300138641466E-003  0.34126809619028081     
   3.6986986986986992       -4.2466189708074741E-003  0.33870132594784219     
   3.7087087087087092       -7.1115785146715791E-003  0.33804024074085925     
   3.7187187187187192       -5.5692715459302565E-003  0.34050895593231600     
   3.7287287287287292       -3.1710928063098851E-003  0.33859314305982252     
   3.7387387387387392       -2.3872786658561897E-003  0.33626360037778458     
   3.7487487487487492       -2.1133136144836631E-003  0.33414411794383569     
   3.7587587587587592       -2.0486680041797555E-003  0.33213382634648270     
   3.7687687687687692       -2.1599070310798284E-003  0.33012628609783029     
   3.7787787787787792       -2.6258563462822067E-003  0.32804399463513562     
   3.7887887887887892       -4.1147761685361751E-003  0.32638511417255917     
   3.7987987987987992       -4.5431260439705327E-003  0.32721218867881008     
   3.8088088088088092       -3.0222991772766742E-003  0.32583706748328267     
   3.8188188188188192       -2.6741915550418153E-003  0.32370007985418731     
   3.8288288288288292       -2.8747958965363619E-003  0.32137297142495025     
   3.8388388388388393       -4.1490914098035831E-003  0.31880014176048388     
   3.8488488488488493       -8.1827453781781398E-003  0.31778756335192876     
   3.8588588588588593       -8.1292085904859836E-003  0.32289434595361677     
   3.8688688688688693       -4.1534343944991592E-003  0.32185535212705652     
   3.8788788788788793       -3.0803059940226543E-003  0.31939617262343833     
   3.8888888888888893       -3.0932703670684104E-003  0.31792471669727290     
   3.8988988988988993       -2.3332733295748612E-003  0.31661394315866992     
   3.9089089089089093       -2.0016843816771848E-003  0.31479282242287698     
   3.9189189189189193       -2.1734217061132846E-003  0.31306852304342564     
   3.9289289289289293       -2.7214394900221483E-003  0.31211831260336659     
   3.9389389389389393       -2.1493248397078668E-003  0.31146555071476895     
   3.9489489489489493       -1.6473145219036988E-003  0.31001245963626745     
   3.9589589589589593       -1.4657440059685984E-003  0.30854262547539640     
   3.9689689689689693       -1.3901575947050527E-003  0.30714245446753813     
   3.9789789789789793       -1.3651709716363848E-003  0.30578334445585520     
   3.9889889889889893       -1.3953217247719735E-003  0.30443835543233205     
   3.9989989989989994       -1.5619740302950681E-003  0.30311062473407846     
   4.0090090090090094       -1.9253863669958179E-003  0.30213996251797381     
   4.0190190190190194       -1.7537635315004031E-003  0.30139149131043569     
   4.0290290290290294       -1.4250716764966571E-003  0.30029465126791755     
   4.0390390390390394       -1.2680161330831223E-003  0.29904746722972714     
   4.0490490490490494       -1.2029717659811886E-003  0.29783397744650808     
   4.0590590590590594       -1.1678847323818298E-003  0.29665528577359296     
   4.0690690690690694       -1.1449805478852286E-003  0.29550125093879309     
   4.0790790790790794       -1.1282180741240839E-003  0.29436547083376835     
   4.0890890890890894       -1.1151641330876174E-003  0.29324393848562114     
   4.0990990990990994       -1.1047529387038122E-003  0.29213385856499252     
   4.1091091091091094       -1.0965592191167068E-003  0.29103300193251536     
   4.1191191191191194       -1.0905589890170676E-003  0.28993931643748433     
   4.1291291291291294       -1.0871163704918546E-003  0.28885061624254360     
   4.1391391391391394       -1.0871933105972306E-003  0.28776421952685055     
   4.1491491491491495       -1.0930507963041762E-003  0.28667637777014215     
   4.1591591591591595       -1.1105931048921672E-003  0.28558133075523512     
   4.1691691691691695       -1.1586720772181168E-003  0.28447151352298422     
   4.1791791791791795       -1.3039951597046541E-003  0.28337194735224330     
   4.1891891891891895       -1.4576064553632399E-003  0.28253940628039187     
   4.1991991991991995       -1.2756072846182771E-003  0.28155844366961919     
   4.2092092092092095       -1.2299342310535337E-003  0.28038476965603243     
   4.2192192192192195       -1.2867379607342389E-003  0.27916732082732093     
   4.2292292292292295       -1.4652423633310034E-003  0.27787314351983594     
   4.2392392392392395       -1.9679894268586910E-003  0.27648070536671288     
   4.2492492492492495       -3.2426050289072993E-003  0.27567277359241510     
   4.2592592592592595       -3.2021693839551653E-003  0.27584986495182273     
   4.2692692692692695       -3.5937201110370085E-003  0.27491829838155962     
   4.2792792792792795       -3.6926031740615608E-003  0.27507059877234502     
   4.2892892892892895       -3.1576827378460761E-003  0.27517697068297703     
   4.2992992992992995       -1.9656477279559213E-003  0.27414820826841796     
   4.3093093093093096       -1.5536538697330058E-003  0.27268509006918062     
   4.3193193193193196       -1.4955990690996392E-003  0.27128063516371714     
   4.3293293293293296       -1.7374417553935372E-003  0.26989145570782219     
   4.3393393393393396       -2.5572153524761735E-003  0.26890179909701045     
   4.3493493493493496       -2.4582440453166103E-003  0.26882135501199639     
   4.3593593593593596       -2.1586541099923831E-003  0.26745810276662174     
   4.3693693693693696       -3.0958589812746778E-003  0.26595857709470561     
   4.3793793793793796       -4.8186808547318622E-003  0.26686873703299296     
   4.3893893893893896       -2.9166340423959799E-003  0.26756322552307521     
   4.3993993993993996       -1.8589908842913576E-003  0.26625072445820719     
   4.4094094094094096       -1.4659916821078197E-003  0.26486767650284737     
   4.4194194194194196       -1.3737598127637187E-003  0.26354495146208712     
   4.4294294294294296       -1.4844284098896707E-003  0.26222136958093084     
   4.4394394394394396       -1.9699100350192935E-003  0.26082031789436599     
   4.4494494494494496       -3.5595270110746965E-003  0.25985200050049351     
   4.4594594594594597       -4.1439088464745267E-003  0.26177721093602507     
   4.4694694694694697       -2.1846051727473278E-003  0.26141951726342477     
   4.4794794794794797       -1.4715475115587089E-003  0.26007845165414040     
   4.4894894894894897       -1.2468639573355311E-003  0.25884643938731877     
   4.4994994994994997       -1.2288608672154143E-003  0.25769594231816390     
   4.5095095095095097       -1.4716729642717682E-003  0.25660556337714147     
   4.5195195195195197       -2.0048804923530083E-003  0.25611223022644730     
   4.5295295295295297       -1.6936452733252942E-003  0.25586044964086130     
   4.5395395395395397       -1.2347305500215895E-003  0.25508963848650240     
   4.5495495495495497       -1.0284337883349247E-003  0.25410501355346249     
   4.5595595595595597       -9.6921795422191782E-004  0.25314888572916194     
   4.5695695695695697       -9.9326587437294678E-004  0.25221070002957352     
   4.5795795795795797       -1.1672643898498673E-003  0.25128775373365736     
   4.5895895895895897       -1.5666812333255309E-003  0.25075023750942049     
   4.5995995995995997       -1.2523179432942521E-003  0.25039837548455884     
   4.6096096096096097       -1.0322307243649882E-003  0.24952014068175737     
   4.6196196196196198       -1.0881973032503289E-003  0.24867163977875759     
   4.6296296296296298       -1.0979338033744383E-003  0.24811656486134781     
   4.6396396396396398       -9.0673534839373778E-004  0.24736889026645825     
   4.6496496496496498       -8.4642318801824248E-004  0.24654540171255451     
   4.6596596596596598       -8.6885011435518006E-004  0.24573926909655469     
   4.6696696696696698       -9.8811192725474506E-004  0.24504799570680935     
   4.6796796796796798       -8.9703125388581543E-004  0.24448347019301828     
   4.6896896896896898       -7.8978982658455118E-004  0.24373765856729784     
   4.6996996996996998       -7.5083527007857771E-004  0.24298525637299964     
   4.7097097097097098       -7.3355163709253534E-004  0.24224801898448356     
   4.7197197197197198       -7.2521210755541285E-004  0.24152085397584794     
   4.7297297297297298       -7.2328142784017040E-004  0.24079885033409743     
   4.7397397397397398       -7.3043122849141820E-004  0.24007711446618557     
   4.7497497497497498       -7.6002611266074490E-004  0.23935063567705295     
   4.7597597597597598       -8.6200643039642750E-004  0.23864234359398337     
   4.7697697697697699       -9.5353476314275485E-004  0.23814796715211239     
   4.7797797797797799       -7.9650109015556554E-004  0.23754317444841724     
   4.7897897897897899       -7.2950538350462224E-004  0.23682780196783410     
   4.7997997997997999       -7.0688465656458088E-004  0.23612000784907952     
   4.8098098098098099       -6.9911575291437716E-004  0.23542057609886063     
   4.8198198198198199       -6.9909939891291931E-004  0.23472369521708111     
   4.8298298298298299       -7.0631632658052046E-004  0.23402387711852007     
   4.8398398398398399       -7.2474730268827503E-004  0.23331448736733554     
   4.8498498498498499       -7.6820401297294962E-004  0.23258610346573039     
   4.8598598598598599       -8.8598407182648262E-004  0.23183762591054177     
   4.8698698698698699       -1.1398155445035347E-003  0.23123818384903816     
   4.8798798798798799       -1.1277787926091470E-003  0.23070776467757795     
   4.8898898898898899       -1.3778791025575807E-003  0.23005031947960239     
   4.8998998998998999       -1.3275087812807235E-003  0.22985720680980273     
   4.9099099099099099       -1.0513407706037297E-003  0.22909897016829164     
   4.9199199199199199       -1.1148896652845202E-003  0.22818585357851359     
   4.9299299299299300       -1.5726096425789915E-003  0.22738885505314665     
   4.9399399399399400       -1.8892592942190375E-003  0.22714754721813235     
   4.9499499499499500       -2.2584837407947124E-003  0.22678748200428639     
   4.9599599599599600       -2.2295458737474389E-003  0.22693082948092966     
   4.9699699699699700       -1.5331335923621106E-003  0.22677745178757347     
   4.9799799799799800       -1.0574141553988683E-003  0.22590562929728286     
   4.9899899899899900       -9.2285108442730144E-004  0.22501268325194562     
   5.0000000000000000       -9.3995084047280002E-004  0.22414587949424242     
