  -5.0000000000000000       -1.0167304399409636E-003 -0.20877043004430743     
  -4.9899899899899900       -1.6807522483873671E-003 -0.20954815469139570     
  -4.9799799799799800       -2.5711999238526339E-003 -0.20958425494665017     
  -4.9699699699699700       -2.6768604623272321E-003 -0.20907665413090373     
  -4.9599599599599600       -2.2801700729168537E-003 -0.20982443746871768     
  -4.9499499499499500       -3.5240661103966386E-003 -0.21044814696229297     
  -4.9399399399399400       -3.9861156798885015E-003 -0.20925253679994149     
  -4.9299299299299300       -3.2315690166786547E-003 -0.20823059699492646     
  -4.9199199199199199       -1.9535654527605244E-003 -0.20869810774031444     
  -4.9099099099099099       -1.3012215464403758E-003 -0.20934968611968338     
  -4.8998998998998999       -9.0524262410567199E-004 -0.21018225181524633     
  -4.8898898898898899       -7.4193827587527785E-004 -0.21094273995633622     
  -4.8798798798798799       -6.6190520943578497E-004 -0.21162292460641541     
  -4.8698698698698699       -6.1677808560635893E-004 -0.21225271488127082     
  -4.8598598598598599       -5.8906634479123903E-004 -0.21285083970314467     
  -4.8498498498498499       -5.7114146931281371E-004 -0.21342835469079119     
  -4.8398398398398399       -5.5920013377867199E-004 -0.21399208877684625     
  -4.8298298298298299       -5.5115866001308298E-004 -0.21454648352750952     
  -4.8198198198198199       -5.4579669002582118E-004 -0.21509456658264695     
  -4.8098098098098099       -5.4237038845884140E-004 -0.21563849344115660     
  -4.7997997997997999       -5.4043424583129630E-004 -0.21617986949757309     
  -4.7897897897897899       -5.3979948031325595E-004 -0.21671995548842235     
  -4.7797797797797799       -5.4074017408838970E-004 -0.21725972901481469     
  -4.7697697697697699       -5.4456956927024559E-004 -0.21779849167395091     
  -4.7597597597597598       -5.4568185488995896E-004 -0.21833307507787322     
  -4.7497497497497498       -5.4404038548225991E-004 -0.21887406562459971     
  -4.7397397397397398       -5.4521778665555685E-004 -0.21941822656674306     
  -4.7297297297297298       -5.4796160171366091E-004 -0.21996473475408465     
  -4.7197197197197198       -5.5242253913743045E-004 -0.22051444385581384     
  -4.7097097097097098       -5.6068050388066650E-004 -0.22106831036750069     
  -4.6996996996996998       -5.8005482402459843E-004 -0.22162232283567337     
  -4.6896896896896898       -5.9376682438985013E-004 -0.22215421150536849     
  -4.6796796796796798       -5.9266882346670116E-004 -0.22270865227475342     
  -4.6696696696696698       -6.0373957279535395E-004 -0.22324885244377235     
  -4.6596596596596598       -5.8487249688288277E-004 -0.22380442412360374     
  -4.6496496496496498       -5.7915504149556212E-004 -0.22437963557974089     
  -4.6396396396396398       -5.8050233926223570E-004 -0.22495818020326686     
  -4.6296296296296298       -5.8459821568874603E-004 -0.22554042661312490     
  -4.6196196196196198       -5.9055318061906371E-004 -0.22612778948543399     
  -4.6096096096096097       -5.9872318694369642E-004 -0.22672182230232252     
  -4.5995995995995997       -6.1088378224830031E-004 -0.22732462840503809     
  -4.5895895895895897       -6.3294971399480214E-004 -0.22793904989979458     
  -4.5795795795795797       -6.8579521635710498E-004 -0.22855978116382716     
  -4.5695695695695697       -7.5703270747640009E-004 -0.22911574570186091     
  -4.5595595595595597       -7.7508660220141409E-004 -0.22968720939365070     
  -4.5495495495495497       -7.5616658478975217E-004 -0.23021349476527406     
  -4.5395395395395397       -6.9061155810193494E-004 -0.23084949689783912     
  -4.5295295295295297       -6.7680251986207494E-004 -0.23151687505063281     
  -4.5195195195195197       -6.8402468333296528E-004 -0.23219102641023076     
  -4.5095095095095097       -7.0742985989045559E-004 -0.23287772625145517     
  -4.4994994994994997       -7.6553277362260985E-004 -0.23357764043795723     
  -4.4894894894894897       -8.7283818576982847E-004 -0.23421148312852044     
  -4.4794794794794797       -8.6211393030102422E-004 -0.23482065022906132     
  -4.4694694694694697       -8.1807970022003591E-004 -0.23550668184362247     
  -4.4594594594594597       -8.0061476521214197E-004 -0.23627547411186675     
  -4.4494494494494496       -8.2021854072504541E-004 -0.23707497982129030     
  -4.4394394394394396       -8.6039261322085937E-004 -0.23790797503028446     
  -4.4294294294294296       -9.2125961587244995E-004 -0.23878961417363695     
  -4.4194194194194196       -1.0117715152900377E-003 -0.23974121899501888     
  -4.4094094094094096       -1.1524344329571067E-003 -0.24079571535785110     
  -4.3993993993993996       -1.3893085955505185E-003 -0.24200861512422306     
  -4.3893893893893896       -1.8393012010714713E-003 -0.24347891990832463     
  -4.3793793793793796       -2.8600178834659786E-003 -0.24536884810715678     
  -4.3693693693693696       -5.7674414542180120E-003 -0.24755093466877320     
  -4.3593593593593596       -1.2211022954437697E-002 -0.24478090474310188     
  -4.3493493493493496       -8.1585524419664907E-003 -0.23805094629119600     
  -4.3393393393393396       -4.0789467842295962E-003 -0.23997015143166023     
  -4.3293293293293296       -3.1290619108228254E-003 -0.24263595833045062     
  -4.3193193193193196       -3.7287326190274055E-003 -0.24519471180512190     
  -4.3093093093093096       -6.4777225553431933E-003 -0.24664709717435232     
  -4.2992992992992995       -8.0138733927711259E-003 -0.24522762093605602     
  -4.2892892892892895       -8.5576665300023721E-003 -0.24273274176014561     
  -4.2792792792792795       -5.4891001421864191E-003 -0.24312312785812179     
  -4.2692692692692695       -6.3204979196653764E-003 -0.24567017746846090     
  -4.2592592592592595       -9.0325507876447553E-003 -0.24356763539241430     
  -4.2492492492492495       -6.5236425115707507E-003 -0.24075171408563092     
  -4.2392392392392395       -3.2530047335983391E-003 -0.24177528536950657     
  -4.2292292292292295       -1.9966201787456972E-003 -0.24367596361741287     
  -4.2192192192192195       -1.4943782603836393E-003 -0.24523502202624300     
  -4.2092092092092095       -1.2477541998610479E-003 -0.24653873930286549     
  -4.1991991991991995       -1.1085983041373374E-003 -0.24768678084102988     
  -4.1891891891891895       -1.0229042199640960E-003 -0.24873701113232086     
  -4.1791791791791795       -9.6740478731528105E-004 -0.24972325934468045     
  -4.1691691691691695       -9.3108529940512830E-004 -0.25066669135755759     
  -4.1591591591591595       -9.0923122104237660E-004 -0.25158179991439877     
  -4.1491491491491495       -9.0321558535791651E-004 -0.25247951427616455     
  -4.1391391391391394       -9.2935822036311418E-004 -0.25336208321533288     
  -4.1291291291291294       -9.8834824558797661E-004 -0.25415920346620907     
  -4.1191191191191194       -9.3963262871504295E-004 -0.25493802471905863     
  -4.1091091091091094       -8.8828889108409431E-004 -0.25576687893177702     
  -4.0990990990990994       -8.5961715032777130E-004 -0.25662045380352017     
  -4.0890890890890894       -8.4946272246780915E-004 -0.25747077373745830     
  -4.0790790790790794       -8.4622681324364685E-004 -0.25831747419800305     
  -4.0690690690690694       -8.4643599792953305E-004 -0.25916350552718825     
  -4.0590590590590594       -8.4897240975126962E-004 -0.26001117497044784     
  -4.0490490490490494       -8.5355589875195544E-004 -0.26086240487235868     
  -4.0390390390390394       -8.6049695959845482E-004 -0.26171909643516372     
  -4.0290290290290294       -8.7115169458445573E-004 -0.26258349944020526     
  -4.0190190190190194       -8.9019572114061520E-004 -0.26345828011415873     
  -4.0090090090090094       -9.3417155612385576E-004 -0.26433837946622235     
  -3.9989989989989989       -9.8364397188711351E-004 -0.26516609024027893     
  -3.9889889889889889       -9.7818877491810891E-004 -0.26603640699579095     
  -3.9789789789789789       -1.0291841084383315E-003 -0.26688818553985011     
  -3.9689689689689689       -9.7964432007740057E-004 -0.26773659675486305     
  -3.9589589589589589       -9.5362415749953016E-004 -0.26867021373182998     
  -3.9489489489489489       -9.5655939347522045E-004 -0.26961823297033238     
  -3.9389389389389389       -9.7147461861226737E-004 -0.27057902552750429     
  -3.9289289289289289       -9.9624849884741816E-004 -0.27155896056719292     
  -3.9189189189189189       -1.0366548469567429E-003 -0.27256639510305580     
  -3.9089089089089089       -1.1150418863423201E-003 -0.27361193097235292     
  -3.8988988988988988       -1.3111400232647299E-003 -0.27467146904555539     
  -3.8888888888888888       -1.5527160216576292E-003 -0.27546954176542859     
  -3.8788788788788788       -1.5695420520084136E-003 -0.27637156961583964     
  -3.8688688688688688       -1.5322558424925817E-003 -0.27712594858612155     
  -3.8588588588588588       -1.3023158019633127E-003 -0.27822149795384366     
  -3.8488488488488488       -1.2480346155613090E-003 -0.27943758526537776     
  -3.8388388388388388       -1.2615519001937551E-003 -0.28067483938376853     
  -3.8288288288288288       -1.3066020950833733E-003 -0.28194901946358442     
  -3.8188188188188188       -1.3770815085150832E-003 -0.28328089858155897     
  -3.8088088088088088       -1.4786709680143738E-003 -0.28469408604403401     
  -3.7987987987987988       -1.6306480528401614E-003 -0.28621975627679064     
  -3.7887887887887888       -1.8899312506054033E-003 -0.28789438264592859     
  -3.7787787787787788       -2.3821085068965590E-003 -0.28962861975558712     
  -3.7687687687687688       -2.6923804567269096E-003 -0.29136664223838471     
  -3.7587587587587588       -3.2091387665772707E-003 -0.29388721073206381     
  -3.7487487487487487       -4.7031717864535402E-003 -0.29706292877048845     
  -3.7387387387387387       -8.5202524163822176E-003 -0.29987903836270252     
  -3.7287287287287287       -1.1268047526578397E-002 -0.30023612520880499     
  -3.7187187187187187       -1.7672751241146766E-002 -0.30385459351471761     
  -3.7087087087087087       -2.6561158689744853E-002 -0.29496264884201723     
  -3.6986986986986987       -2.5278558784844939E-002 -0.28515346699546507     
  -3.6886886886886887       -1.3672062158555383E-002 -0.28123415687715786     
  -3.6786786786786787       -8.2427192792064799E-003 -0.28710236430169661     
  -3.6686686686686687       -8.2812176212610916E-003 -0.29277067533297846     
  -3.6586586586586587       -1.1513120075466149E-002 -0.29443934955204010     
  -3.6486486486486487       -9.5624370641889077E-003 -0.29570962772113840     
  -3.6386386386386387       -1.1082647319909166E-002 -0.30226626585656452     
  -3.6286286286286287       -2.1689522292801806E-002 -0.30880742781183046     
  -3.6186186186186187       -4.1100033209917015E-002 -0.29459859476290950     
  -3.6086086086086087       -2.6602359960590034E-002 -0.27208308114108470     
  -3.5985985985985987       -1.1355220437752249E-002 -0.27584253496834665     
  -3.5885885885885886       -6.1735113198505658E-003 -0.28178603426206822     
  -3.5785785785785786       -4.1156716480955065E-003 -0.28616258174394321     
  -3.5685685685685686       -3.1263977291360544E-003 -0.28949846990522077     
  -3.5585585585585586       -2.5946820948442397E-003 -0.29222479942467128     
  -3.5485485485485486       -2.3126133143599979E-003 -0.29458974379410047     
  -3.5385385385385386       -2.2510688305321961E-003 -0.29673557075044671     
  -3.5285285285285286       -2.5669587211962848E-003 -0.29854134152583700     
  -3.5185185185185186       -2.4643525250662721E-003 -0.29952174406475007     
  -3.5085085085085086       -1.9208456548631418E-003 -0.30111749223180639     
  -3.4984984984984986       -1.7097477432257062E-003 -0.30282283448774977     
  -3.4884884884884886       -1.6294969874658827E-003 -0.30445002326845294     
  -3.4784784784784786       -1.6294170298189498E-003 -0.30598743234327169     
  -3.4684684684684686       -1.5774861772388123E-003 -0.30741402809121338     
  -3.4584584584584586       -1.5056536530570557E-003 -0.30889824837760521     
  -3.4484484484484486       -1.4751509655426937E-003 -0.31037736541474981     
  -3.4384384384384385       -1.4615689875679188E-003 -0.31184213025510732     
  -3.4284284284284285       -1.4572016725973923E-003 -0.31329964715462821     
  -3.4184184184184185       -1.4603975658972126E-003 -0.31475646833582555     
  -3.4084084084084085       -1.4736173831014817E-003 -0.31621840630140441     
  -3.3983983983983985       -1.5097726210362909E-003 -0.31768528872593121     
  -3.3883883883883881       -1.5619708433012916E-003 -0.31910443059415472     
  -3.3783783783783781       -1.5318584162631280E-003 -0.32054887899252815     
  -3.3683683683683681       -1.5293719847412728E-003 -0.32205868932502252     
  -3.3583583583583581       -1.5522058206201893E-003 -0.32359150636090461     
  -3.3483483483483480       -1.5996884151716149E-003 -0.32515266225741646     
  -3.3383383383383380       -1.7072858376692775E-003 -0.32673938228839849     
  -3.3283283283283280       -1.8814787609280177E-003 -0.32820140093310157     
  -3.3183183183183180       -1.8059332323391709E-003 -0.32969762650563184     
  -3.3083083083083080       -1.8207522609590223E-003 -0.33141324992794496     
  -3.2982982982982980       -2.0128812702956099E-003 -0.33317869486256180     
  -3.2882882882882880       -2.4057864435625899E-003 -0.33465719508907427     
  -3.2782782782782780       -2.2109150794677656E-003 -0.33607946821933232     
  -3.2682682682682680       -2.1695260621807911E-003 -0.33801478973588822     
  -3.2582582582582580       -2.5269623504890876E-003 -0.33997665636014440     
  -3.2482482482482480       -2.9379081837695364E-003 -0.34125714943998531     
  -3.2382382382382380       -2.4917526323898361E-003 -0.34296636606230768     
  -3.2282282282282280       -2.4208441723515763E-003 -0.34520204091547035     
  -3.2182182182182180       -2.6872077643200149E-003 -0.34755106438528466     
  -3.2082082082082080       -3.4973339840880724E-003 -0.34969586169656847     
  -3.1981981981981980       -3.6532554307317777E-003 -0.35096416413140363     
  -3.1881881881881879       -3.4379488268056033E-003 -0.35322414013296710     
  -3.1781781781781779       -3.2587403333948738E-003 -0.35558069910723800     
  -3.1681681681681679       -3.2040523562698636E-003 -0.35852244287630647     
  -3.1581581581581579       -3.4324779788379957E-003 -0.36174500237926255     
  -3.1481481481481479       -3.8631688416943710E-003 -0.36530494407590164     
  -3.1381381381381379       -4.5559587986384806E-003 -0.36937597964620755     
  -3.1281281281281279       -5.7146344141532400E-003 -0.37423304103125016     
  -3.1181181181181179       -7.8871137730181645E-003 -0.38034039329697777     
  -3.1081081081081079       -1.2808550668765377E-002 -0.38834787520542774     
  -3.0980980980980979       -2.6371295854146996E-002 -0.39611558537009606     
  -3.0880880880880879       -4.4201171694874683E-002 -0.38371861377658989     
  -3.0780780780780779       -3.3217277737840098E-002 -0.37400735266711338     
  -3.0680680680680679       -3.6576021347397215E-002 -0.38670639856222666     
  -3.0580580580580579       -5.8674468224867597E-002 -0.37655129475203952     
  -3.0480480480480479       -5.2276862001284487E-002 -0.35134261209395318     
  -3.0380380380380378       -2.7280617940397725E-002 -0.35004031324292123     
  -3.0280280280280278       -1.7577141950922911E-002 -0.36421281836182906     
  -3.0180180180180178       -1.6653784115847118E-002 -0.37855731891662980     
  -3.0080080080080078       -2.1738460160709513E-002 -0.39439901375078235     
  -2.9979979979979978       -3.8833927998218880E-002 -0.41340444419010391     
  -2.9879879879879878       -8.3416364830306511E-002 -0.41747829698606004     
  -2.9779779779779778      -0.12361560772636891      -0.37163098011216639     
  -2.9679679679679678      -0.10087468203271036      -0.30849366726932836     
  -2.9579579579579578       -4.7134943517496405E-002 -0.29787039460724052     
  -2.9479479479479478       -2.2656690573861316E-002 -0.31584516417937852     
  -2.9379379379379378       -1.3689892339077572E-002 -0.33013921613799951     
  -2.9279279279279278       -9.7437197426537021E-003 -0.34052554646805760     
  -2.9179179179179178       -7.9491039119518325E-003 -0.34865718208078245     
  -2.9079079079079078       -7.7977859964859560E-003 -0.35547875255398559     
  -2.8978978978978978       -1.0022067321705141E-002 -0.35965448082145662     
  -2.8878878878878878       -8.2766643304877999E-003 -0.35988529227981342     
  -2.8778778778778777       -5.4596752596973545E-003 -0.36410623978878492     
  -2.8678678678678677       -4.3833264779379651E-003 -0.36852871648728353     
  -2.8578578578578577       -3.8934983940591256E-003 -0.37251189495103232     
  -2.8478478478478477       -3.6695676653104958E-003 -0.37618407906313117     
  -2.8378378378378377       -3.6770304689016224E-003 -0.37953433719443991     
  -2.8278278278278277       -3.4789243189719357E-003 -0.38251539572046767     
  -2.8178178178178177       -3.2357035731030498E-003 -0.38568559454091789     
  -2.8078078078078077       -3.1389531173132480E-003 -0.38882623470390515     
  -2.7977977977977977       -3.1312048250492419E-003 -0.39190537190820390     
  -2.7877877877877877       -3.1811169214602817E-003 -0.39484632242165890     
  -2.7777777777777777       -3.0893728513121761E-003 -0.39778029117266583     
  -2.7677677677677677       -3.0506307816940050E-003 -0.40080823659288767     
  -2.7577577577577577       -3.0589648549150402E-003 -0.40385164509870208     
  -2.7477477477477477       -3.0933139715723819E-003 -0.40692091395088770     
  -2.7377377377377377       -3.1517510225056371E-003 -0.41003524087700316     
  -2.7277277277277276       -3.2432032182949959E-003 -0.41321706609843839     
  -2.7177177177177176       -3.3994261662145349E-003 -0.41649271948537558     
  -2.7077077077077076       -3.7221164165334667E-003 -0.41983554973518850     
  -2.6976976976976976       -4.0293381244172555E-003 -0.42298042211158726     
  -2.6876876876876876       -4.1609987720720529E-003 -0.42659697297648985     
  -2.6776776776776776       -4.9048037298523211E-003 -0.43065042625848149     
  -2.6676676676676676       -7.1185820789195072E-003 -0.43439706324588917     
  -2.6576576576576576       -9.0307103748673585E-003 -0.43515948641120283     
  -2.6476476476476476       -7.4569400677836238E-003 -0.43599391380205643     
  -2.6376376376376376       -5.4961944959416292E-003 -0.44013593645213672     
  -2.6276276276276276       -5.0308772402576597E-003 -0.44493496807061123     
  -2.6176176176176176       -5.1733164864935363E-003 -0.44983635432140101     
  -2.6076076076076076       -5.8077801481281610E-003 -0.45505114198023444     
  -2.5975975975975976       -7.4689187767027461E-003 -0.46082291264724667     
  -2.5875875875875876       -1.2355552360738490E-002 -0.46615298819961926     
  -2.5775775775775776       -1.6836247108152035E-002 -0.46237533547240145     
  -2.5675675675675675       -1.0257326086923362E-002 -0.46380556798543893     
  -2.5575575575575575       -7.6808961115683071E-003 -0.47060197683518695     
  -2.5475475475475475       -7.1250650287149539E-003 -0.47749431891582345     
  -2.5375375375375375       -7.3026233047360977E-003 -0.48447771785605043     
  -2.5275275275275275       -8.0083262422328862E-003 -0.49184890303842899     
  -2.5175175175175175       -9.6388055577754511E-003 -0.49962946849647649     
  -2.5075075075075075       -1.1555991393338421E-002 -0.50617601325062089     
  -2.4974974974974975       -1.1401439304247075E-002 -0.51472606581156632     
  -2.4874874874874875       -1.2796415425328845E-002 -0.52589608167585145     
  -2.4774774774774775       -1.6234195456503973E-002 -0.53887285645285621     
  -2.4674674674674675       -2.2446588375114287E-002 -0.55175615523865273     
  -2.4574574574574575       -2.6004057972794935E-002 -0.56740280394507814     
  -2.4474474474474475       -3.5246456269636274E-002 -0.59291370330491600     
  -2.4374374374374375       -5.9664542175078078E-002 -0.62862504160095456     
  -2.4274274274274275      -0.13060429245568553      -0.66922492946807843     
  -2.4174174174174174      -0.27151957110379560      -0.58775938682422746     
  -2.4074074074074074      -0.17738285066578038      -0.43789868447087171     
  -2.3973973973973974       -8.7030614971107423E-002 -0.47600621580998187     
  -2.3873873873873874       -6.5538914560624009E-002 -0.53229519812516057     
  -2.3773773773773774       -7.3377643351269700E-002 -0.59006658578118432     
  -2.3673673673673674      -0.11550214362677395      -0.65921704634284273     
  -2.3573573573573574      -0.25065748089793227      -0.72326050098342254     
  -2.3473473473473474      -0.45521797837246958      -0.55115567167786383     
  -2.3373373373373374      -0.30597530878423923      -0.37447235690297070     
  -2.3273273273273274      -0.26704716738684986      -0.41080144351608283     
  -2.3173173173173174      -0.23580863363146032      -0.37507914629765171     
  -2.3073073073073074      -0.26412343426958290      -0.37993026297513327     
  -2.2972972972972974      -0.23239019098130920      -0.26846535714484226     
  -2.2872872872872874      -0.11303453398027362      -0.26754179067880163     
  -2.2772772772772774       -6.4934577227144810E-002 -0.32151047349509054     
  -2.2672672672672673       -5.6168064905370539E-002 -0.36690227435794437     
  -2.2572572572572573       -8.0504693362051766E-002 -0.39083991153433445     
  -2.2472472472472473       -7.7565233469418113E-002 -0.35510773995368705     
  -2.2372372372372373       -3.8443301179298027E-002 -0.36647339365018544     
  -2.2272272272272273       -2.3783005943362280E-002 -0.38928993165034792     
  -2.2172172172172173       -1.7900654387623387E-002 -0.40788807679929495     
  -2.2072072072072073       -1.5426050393456913E-002 -0.42336967598505715     
  -2.1971971971971973       -1.5770514863340253E-002 -0.43659089219268088     
  -2.1871871871871873       -1.7642959925593168E-002 -0.44399628866766527     
  -2.1771771771771773       -1.3942919893820713E-002 -0.45159034901183981     
  -2.1671671671671673       -1.3469930214300860E-002 -0.46103989127326778     
  -2.1571571571571573       -1.2045188528060890E-002 -0.46708605109349194     
  -2.1471471471471473       -9.5373287457336236E-003 -0.47553983945938849     
  -2.1371371371371373       -8.5001705223652028E-003 -0.48411107426189237     
  -2.1271271271271273       -7.9980846874004828E-003 -0.49222350334767223     
  -2.1171171171171173       -7.7269441126896809E-003 -0.50001910950842721     
  -2.1071071071071072       -7.6097800153671138E-003 -0.50762783623288843     
  -2.0970970970970972       -7.6858745537241252E-003 -0.51513766113286519     
  -2.0870870870870872       -8.1310712030264760E-003 -0.52235612601127113     
  -2.0770770770770772       -8.0950537121464387E-003 -0.52899576299614992     
  -2.0670670670670672       -7.8375317397775847E-003 -0.53620610246757883     
  -2.0570570570570572       -7.8379940854479257E-003 -0.54354813399608781     
  -2.0470470470470472       -7.7815036162279909E-003 -0.55100488306780493     
  -2.0370370370370372       -7.8918446866269969E-003 -0.55873840447626844     
  -2.0270270270270272       -8.2037384412184597E-003 -0.56668107293168835     
  -2.0170170170170172       -8.9143587741298009E-003 -0.57486091136827022     
  -2.0070070070070072       -1.0531459190000987E-002 -0.58236298244596574     
  -1.9969969969969972       -9.5360887163749141E-003 -0.58904683638956856     
  -1.9869869869869872       -9.2880789090811072E-003 -0.59842355918889600     
  -1.9769769769769772       -9.6708443101762472E-003 -0.60785090759659499     
  -1.9669669669669672       -1.0286467419781575E-002 -0.61772273653341869     
  -1.9569569569569571       -1.1284993912854854E-002 -0.62826412727304559     
  -1.9469469469469471       -1.3258058758009289E-002 -0.63964618784309735     
  -1.9369369369369371       -1.7807504714864298E-002 -0.65041953451105194     
  -1.9269269269269271       -2.0676053257171440E-002 -0.65625911595591757     
  -1.9169169169169171       -1.7084206022190334E-002 -0.66607059727641582     
  -1.9069069069069071       -1.6045535612103545E-002 -0.68079056549790051     
  -1.8968968968968971       -1.6826329166595957E-002 -0.69670693319976273     
  -1.8868868868868871       -1.8551732293136301E-002 -0.71403371916705571     
  -1.8768768768768771       -2.1286812956107355E-002 -0.73341846357000195     
  -1.8668668668668671       -2.5882509065724518E-002 -0.75562179281942843     
  -1.8568568568568571       -3.4815963409082225E-002 -0.77988380096922993     
  -1.8468468468468471       -4.5283748635545976E-002 -0.80190913626917082     
  -1.8368368368368371       -5.0229773702072808E-002 -0.82729525847080887     
  -1.8268268268268271       -6.0526470758243932E-002 -0.86924186981225005     
  -1.8168168168168171       -8.2610465673693359E-002 -0.91396505581529575     
  -1.8068068068068071      -0.10962785429037365      -0.98215837050904486     
  -1.7967967967967970      -0.18802810087051941       -1.0820662485414367     
  -1.7867867867867866      -0.39081664010700007       -1.1750091444121833     
  -1.7767767767767766      -0.71467704500460727       -1.0229522536975812     
  -1.7667667667667666      -0.72029914386887128      -0.60355925765404661     
  -1.7567567567567566      -0.39072826938665323      -0.51736648677314045     
  -1.7467467467467466      -0.27799750035945636      -0.69540709852565263     
  -1.7367367367367366      -0.38141131402054068      -0.87675118357798087     
  -1.7267267267267266      -0.69585479081874646      -0.83673405580161198     
  -1.7167167167167166      -0.76501213238628962      -0.46040776644606707     
  -1.7067067067067065      -0.46144762610349865      -0.28846172294298561     
  -1.6966966966966965      -0.30215399524805703      -0.44324037643086495     
  -1.6866866866866865      -0.39596887733890379      -0.56755353908012485     
  -1.6766766766766765      -0.51425985125144824      -0.43757737581236111     
  -1.6666666666666665      -0.38937679249348472      -0.27176974988385699     
  -1.6566566566566565      -0.27942419184814238      -0.33212732753563123     
  -1.6466466466466465      -0.25361392321418536      -0.28525978409680297     
  -1.6366366366366365      -0.12992323986418666      -0.31449841866965789     
  -1.6266266266266265       -8.1451209284677722E-002 -0.38825381516939228     
  -1.6166166166166165       -7.0795585330944377E-002 -0.44994130635439805     
  -1.6066066066066065       -9.3243250288029975E-002 -0.49068721326459502     
  -1.5965965965965965       -9.6071856658130353E-002 -0.46645278237843274     
  -1.5865865865865865       -5.3287001005102065E-002 -0.48531253961228138     
  -1.5765765765765765       -3.5827976341840373E-002 -0.51933239772837292     
  -1.5665665665665665       -2.8563940252030177E-002 -0.54889401367273660     
  -1.5565565565565564       -2.4928542270959437E-002 -0.57459908755830935     
  -1.5465465465465464       -2.3017281386077493E-002 -0.59788082212994398     
  -1.5365365365365364       -2.2360877766375197E-002 -0.61983493586899208     
  -1.5265265265265264       -2.3798089592725072E-002 -0.64098381020206630     
  -1.5165165165165164       -2.8507759340788068E-002 -0.65895941047641904     
  -1.5065065065065064       -3.1913394767095996E-002 -0.66865335454209363     
  -1.4964964964964964       -2.4255321311662331E-002 -0.68175804421358810     
  -1.4864864864864864       -2.0442831056316311E-002 -0.70117687066058676     
  -1.4764764764764764       -1.9228402205769518E-002 -0.72036458664013414     
  -1.4664664664664664       -1.8896099563828688E-002 -0.73919680673561527     
  -1.4564564564564564       -1.8994617930068108E-002 -0.75800932446040314     
  -1.4464464464464464       -1.9440885150938857E-002 -0.77707067210274050     
  -1.4364364364364364       -2.0428809738419186E-002 -0.79651811422752605     
  -1.4264264264264264       -2.1989131858053828E-002 -0.81553662973245955     
  -1.4164164164164164       -2.2129464002665248E-002 -0.83504335288455855     
  -1.4064064064064064       -2.2614882530089288E-002 -0.85662827898580651     
  -1.3963963963963963       -2.4049296881413870E-002 -0.87947776428488689     
  -1.3863863863863863       -2.6896544916015269E-002 -0.90324850618250807     
  -1.3763763763763763       -3.0139123490623948E-002 -0.92580682662403369     
  -1.3663663663663663       -3.0220805155791598E-002 -0.95017811652433426     
  -1.3563563563563563       -3.1135969200317869E-002 -0.97919921613660577     
  -1.3463463463463463       -3.3920969006601118E-002  -1.0106370455142524     
  -1.3363363363363363       -3.6774607981936637E-002  -1.0435709722462798     
  -1.3263263263263263       -4.0204677035202453E-002  -1.0830204249288620     
  -1.3163163163163163       -4.6762194228107103E-002  -1.1262352208803239     
  -1.3063063063063063       -5.6298277515449274E-002  -1.1751390882329966     
  -1.2962962962962963       -7.0486658692571300E-002  -1.2273087459769545     
  -1.2862862862862863       -8.0784853953155600E-002  -1.2893400989356463     
  -1.2762762762762763      -0.10075577178048095       -1.3725789778840860     
  -1.2662662662662663      -0.14158743049421432       -1.4793568273404072     
  -1.2562562562562563      -0.23496818238945200       -1.6117470185153551     
  -1.2462462462462462      -0.41627803543578656       -1.7033532177621840     
  -1.2362362362362362      -0.60325362500865110       -1.7067333334327641     
  -1.2262262262262262      -0.76133686255923250       -1.6699071623717330     
  -1.2162162162162162      -0.89901431736711035       -1.6141728134812801     
  -1.2062062062062062       -1.0227798283788272       -1.5446589167862963     
  -1.1961961961961962       -1.1363733700349825       -1.4624954230499183     
  -1.1861861861861862       -1.2417796696937631       -1.3662212492558672     
  -1.1761761761761762       -1.3383469465562381       -1.2518892031297753     
  -1.1661661661661662       -1.4162899982158492       -1.1154915556596630     
  -1.1561561561561562       -1.4744042069717709      -0.98482863075632143     
  -1.1461461461461462       -1.5537520786058843      -0.81793910331580566     
  -1.1361361361361362       -1.5947172912966743      -0.58514191447201680     
  -1.1261261261261262       -1.5453372954384215      -0.29165047907150643     
  -1.1161161161161162       -1.3099832515518410        6.2232373877473468E-004
  -1.1061061061061062      -0.89025811473103778       -5.2311022629140426E-003
  -1.0960960960960962      -0.87031193368105275      -0.25159425085145437     
  -1.0860860860860861       -1.0073110285261149      -0.10694273191746127     
  -1.0760760760760761      -0.74470945423738977       0.17992932714173598     
  -1.0660660660660661      -0.38119376489298357        5.2383683539067243E-002
  -1.0560560560560561      -0.25909022028519313      -0.17248424521206415     
  -1.0460460460460461      -0.27456787775526048      -0.36295321855785267     
  -1.0360360360360361      -0.43549828986118627      -0.40554222006207408     
  -1.0260260260260261      -0.35299732483437285      -0.22864671798216504     
  -1.0160160160160161      -0.18362304270475682      -0.30902203418022278     
  -1.0060060060060061      -0.13208585910160786      -0.42483709178342677     
 -0.99599599599599564      -0.13445151604752786      -0.50206886408038953     
 -0.98598598598598564      -0.10613507456544710      -0.53964548043120497     
 -0.97597597597597563       -7.7584107748024461E-002 -0.60865183853813010     
 -0.96596596596596562       -6.6285518425784812E-002 -0.67573257016361332     
 -0.95595595595595562       -6.1418138124183931E-002 -0.73769015030998963     
 -0.94594594594594561       -6.0094604015347518E-002 -0.79627206450370225     
 -0.93593593593593560       -5.9505637525649267E-002 -0.85215306298172455     
 -0.92592592592592560       -5.9428613212918577E-002 -0.90983430862192793     
 -0.91591591591591559       -6.1524601478332760E-002 -0.96946546488773511     
 -0.90590590590590558       -6.5757046764527191E-002  -1.0321266377172367     
 -0.89589589589589558       -7.3145910575392381E-002  -1.0997506214929138     
 -0.88588588588588557       -8.7163126799132504E-002  -1.1744995408678092     
 -0.87587587587587556      -0.11457735011310861       -1.2517273124922315     
 -0.86586586586586556      -0.14867315606867368       -1.3336161875822090     
 -0.85585585585585555      -0.21415740645025516       -1.3889390714000878     
 -0.84584584584584555      -0.20615021183066340       -1.4550255590735699     
 -0.83583583583583554      -0.26183678929712956       -1.6079935480839491     
 -0.82582582582582553      -0.42266849063917028       -1.7205207751570664     
 -0.81581581581581553      -0.58905924651309582       -1.7419674641170664     
 -0.80580580580580552      -0.72270508824477853       -1.7258153922543991     
 -0.79579579579579551      -0.83188798510559203       -1.6953828020131056     
 -0.78578578578578551      -0.92065473351902105       -1.6577155635406025     
 -0.77577577577577550      -0.99500010253425364       -1.6263358622166069     
 -0.76576576576576549       -1.0687476278280661       -1.5924311607419803     
 -0.75575575575575549       -1.1349375940236488       -1.5543918390061504     
 -0.74574574574574548       -1.1945723464346394       -1.5151455993290184     
 -0.73573573573573547       -1.2490588981933524       -1.4753524438161165     
 -0.72572572572572547       -1.2993375528251665       -1.4351803425595004     
 -0.71571571571571546       -1.3460761286360736       -1.3946638541961194     
 -0.70570570570570545       -1.3897775424525673       -1.3537827547059844     
 -0.69569569569569545       -1.4308348825649551       -1.3124858764226646     
 -0.68568568568568544       -1.4695628127677325       -1.2707000504783825     
 -0.67567567567567544       -1.5062171156194111       -1.2283335094458729     
 -0.66566566566566543       -1.5410075349348926       -1.1852765673545924     
 -0.65565565565565542       -1.5741064257478350       -1.1414005780669794     
 -0.64564564564564542       -1.6056545151366384       -1.0965554908193125     
 -0.63563563563563541       -1.6357644478277840       -1.0505660428653898     
 -0.62562562562562540       -1.6645224040002102       -1.0032263406825996     
 -0.61561561561561540       -1.6919876696897047      -0.95429232490087190     
 -0.60560560560560539       -1.7181893834689586      -0.90347109285291416     
 -0.59559559559559538       -1.7431175042410199      -0.85040499373322742     
 -0.58558558558558538       -1.7666943174149485      -0.79464781687908026     
 -0.57557557557557537       -1.7886543918439024      -0.73567838869897162     
 -0.56556556556556536       -1.8086747278172906      -0.67352951033868136     
 -0.55555555555555536       -1.8278750371266295      -0.60701217349605463     
 -0.54554554554554535       -1.8447326530066257      -0.53426030507432865     
 -0.53553553553553535       -1.8584204389692784      -0.45449933598255832     
 -0.52552552552552534       -1.8679412353455791      -0.36603724691145023     
 -0.51551551551551533       -1.8715067517754591      -0.26651202292855353     
 -0.50550550550550533       -1.8660172986945809      -0.15272153229370447     
 -0.49549549549549532       -1.8458612046266627       -2.0364293479404612E-002
 -0.48548548548548531       -1.8000219242364031       0.13578205413604158     
 -0.47547547547547531       -1.7051782771424300       0.31684135984353817     
 -0.46546546546546530       -1.5392260458885760       0.49733695062451860     
 -0.45545545545545529       -1.2627695610475107       0.68959837722775563     
 -0.44544544544544529      -0.78607756975547627       0.68990334498601336     
 -0.43543543543543528      -0.45740044735691077       0.37666274259048305     
 -0.42542542542542527      -0.35621734225397866        4.7260642008188657E-002
 -0.41541541541541527      -0.38585018700787682      -0.25405279567269662     
 -0.40540540540540526      -0.61485002973884606      -0.48196234241425490     
 -0.39539539539539525      -0.88793693519486261      -0.28537982122254157     
 -0.38538538538538525      -0.61507789651200473       -4.3088712378917197E-002
 -0.37537537537537524      -0.34102873545759349      -0.23083468477097369     
 -0.36536536536536524      -0.25543683061126171      -0.47129617928015499     
 -0.35535535535535523      -0.24123155887739453      -0.69796324855067715     
 -0.34534534534534522      -0.27250688477416485      -0.93211057940406217     
 -0.33533533533533522      -0.37871442495634039       -1.1925460723744523     
 -0.32532532532532521      -0.63612247180066017       -1.4077831878711509     
 -0.31531531531531520      -0.92816841814830242       -1.4419320751748754     
 -0.30530530530530520       -1.1398791255325502       -1.3893466285254721     
 -0.29529529529529519       -1.2904951704066387       -1.3161874724981026     
 -0.28528528528528518       -1.4023644667580106       -1.2406758625964622     
 -0.27527527527527518       -1.4887779862491424       -1.1678589803480128     
 -0.26526526526526517       -1.5576439834080931       -1.0989614655956088     
 -0.25525525525525516       -1.6138923610847027       -1.0339613119593729     
 -0.24524524524524516       -1.6607286674662056      -0.97239490760416003     
 -0.23523523523523515       -1.7002874968747534      -0.91360209785611401     
 -0.22522522522522515       -1.7339432685165150      -0.85673313964812459     
 -0.21521521521521514       -1.7622907486389892      -0.80055766551126173     
 -0.20520520520520513       -1.7842415276771788      -0.74299383448040823     
 -0.19519519519519513       -1.7917944417971989      -0.68190616523018521     
 -0.18518518518518512       -1.7646819666440343      -0.64719656258940439     
 -0.17517517517517511       -1.7928059704401647      -0.65898577751427267     
 -0.16516516516516511       -1.8358747431688052      -0.62128169951609491     
 -0.15515515515515510       -1.8612926531731813      -0.57566163250686009     
 -0.14514514514514509       -1.8790300498975256      -0.53149138827412734     
 -0.13513513513513509       -1.8924995304707588      -0.48885748936191192     
 -0.12512512512512508       -1.9015372652281071      -0.44817767148914878     
 -0.11511511511511507       -1.9102855770270490      -0.41395281100141879     
 -0.10510510510510507       -1.9222879463374523      -0.37715643381967934     
  -9.5095095095095061E-002  -1.9313992910071200      -0.33930737954237083     
  -8.5085085085085055E-002  -1.9387336644835078      -0.30212882094605681     
  -7.5075075075075048E-002  -1.9448834748471882      -0.26559086802837772     
  -6.5065065065065042E-002  -1.9500720255275816      -0.22956253091683537     
  -5.5055055055055035E-002  -1.9544082881081997      -0.19393700129295788     
  -4.5045045045045029E-002  -1.9579566186702211      -0.15862886112659710     
  -3.5035035035035023E-002  -1.9607588148525694      -0.12356625133182352     
  -2.5025025025025016E-002  -1.9628417029701160       -8.8685555684137607E-002
  -1.5015015015015010E-002  -1.9642163980888176       -5.3929281652771978E-002
  -5.0050050050050032E-003  -1.9648694271407676       -1.9270026623725355E-002
   5.0050050050050032E-003  -1.9649044766199193        1.5275510714319282E-002
   1.5015015015015010E-002  -1.9643222879437015        4.9935559913949004E-002
   2.5025025025025016E-002  -1.9630185509844131        8.4694045994588588E-002
   3.5035035035035023E-002  -1.9610067806829075       0.11957821265080928     
   4.5045045045045029E-002  -1.9582759736914208       0.15464565830471494     
   5.5055055055055035E-002  -1.9547993845569027       0.18996018664432068     
   6.5065065065065042E-002  -1.9505352797413729       0.22559391979668242     
   7.5075075075075048E-002  -1.9454193511113220       0.26163264122285446     
   8.5085085085085055E-002  -1.9393426535293514       0.29818369078965501     
   9.5095095095095061E-002  -1.9320818599321357       0.33537893883004161     
  0.10510510510510507       -1.9230441522282655       0.37325025716014021     
  0.11511511511511507       -1.9111084544663599       0.41007890895035981     
  0.12512512512512508       -1.9024172440402216       0.44431719594909097     
  0.13513513513513509       -1.8934618193552937       0.48502439867131325     
  0.14514514514514509       -1.8800671898884092       0.52770449774385053     
  0.15515515515515510       -1.8623971851023218       0.57193610132358119     
  0.16516516516516511       -1.8370330692388497       0.61764312025145762     
  0.17517517517517511       -1.7939566444123478       0.65549017823194156     
  0.18518518518518512       -1.7655779821649655       0.64364096738622190     
  0.19519519519519513       -1.7929448144075002       0.67814821120201840     
  0.20520520520520513       -1.7855709513469920       0.73937201804253305     
  0.21521521521521514       -1.7636901178460827       0.79709910477666401     
  0.22522522522522515       -1.7353618625998137       0.85345166754255131     
  0.23523523523523515       -1.7016795529994975       0.91052395182882562     
  0.24524524524524516       -1.6620351205402348       0.96955819786636566     
  0.25525525525525516       -1.6150270816647121        1.0314155638166522     
  0.26526526526526517       -1.5584747494660309        1.0967666737393926     
  0.27527527527527518       -1.4890942232411528        1.1660804482938254     
  0.28528528528528518       -1.4018179782389588        1.2393643508661445     
  0.29529529529529519       -1.2884856629084538        1.3153102448868368     
  0.30530530530530520       -1.1353342567302547        1.3885388493492692     
  0.31531531531531520      -0.91929740181559694        1.4394980599305442     
  0.32532532532532521      -0.62308307416705766        1.3975620291849227     
  0.33533533533533522      -0.37223994188260312        1.1740425929872085     
  0.34534534534534522      -0.27162128487406578       0.91315186880681065     
  0.35535535535535523      -0.24356977748753517       0.67801620350913661     
  0.36536536536536524      -0.26238514742171481       0.44845909866920530     
  0.37537537537537524      -0.36057265827589352       0.20458775445640448     
  0.38538538538538525      -0.66192790764785836        4.1478626141891101E-002
  0.39539539539539525      -0.88611713736929121       0.32572440880164649     
  0.40540540540540526      -0.58209550563854850       0.47024449406833962     
  0.41541541541541527      -0.37877685795263832       0.22153626506272425     
  0.42542542542542527      -0.36405098013250548       -8.4175529407527233E-002
  0.43543543543543528      -0.48565753119625366      -0.41973748385858783     
  0.44544544544544529      -0.85231809041492379      -0.71095951308204153     
  0.45545545545545529       -1.3134940524264689      -0.66460092601690346     
  0.46546546546546530       -1.5637986364129106      -0.47180427241716089     
  0.47547547547547531       -1.7214945591878219      -0.29197656332543509     
  0.48548548548548531       -1.8083653312552963      -0.11411021676386404     
  0.49549549549549532       -1.8500206143683482        3.8254569044988959E-002
  0.50550550550550533       -1.8678883144416392       0.16752000992276711     
  0.51551551551551533       -1.8720528540596293       0.27886625019724404     
  0.52552552552552534       -1.8676975949350407       0.37644666765497931     
  0.53553553553553535       -1.8577054230963472       0.46333929586231176     
  0.54554554554554535       -1.8437498309460030       0.54181431047202333     
  0.55555555555555536       -1.8267750858849749       0.61350631372330233     
  0.56556556556556536       -1.8075535993197107       0.67922218667726941     
  0.57557557557557537       -1.7874132016446833       0.74068388794200524     
  0.58558558558558538       -1.7654211491033236       0.79897778926836183     
  0.59559559559559538       -1.7418732548302787       0.85415513542333754     
  0.60560560560560539       -1.7170010674341658       0.90672113694334322     
  0.61561561561561540       -1.6908715914149919       0.95710540518139919     
  0.62562562562562540       -1.6634900286089869        1.0056537592835839     
  0.63563563563563541       -1.6348245480513923        1.0526503020942148     
  0.64564564564564542       -1.6048142836217572        1.0983322848091319     
  0.65565565565565542       -1.5733721828759453        1.1429002012923692     
  0.66566566566566543       -1.5403852385610737        1.1865249634871600     
  0.67567567567567544       -1.5057127753744199        1.2293530784456295     
  0.68568568568568544       -1.4691828506602034        1.2715103035271416     
  0.69569569569569545       -1.4305864938579436        1.3131039630547743     
  0.70570570570570545       -1.3896690989541358        1.3542239262051388     
  0.71571571571571546       -1.3461176759082847        1.3949418933113920     
  0.72572572572572547       -1.2995414940593146        1.4353080176598427     
  0.73573573573573547       -1.2494410423421456        1.4753421090037246     
  0.74574574574574548       -1.1951537289638776        1.5150103290776027     
  0.75575575575575549       -1.1357480293245446        1.5541488710142224     
  0.76576576576576549       -1.0698302214070747        1.5921184667342700     
  0.77577577577577550      -0.99632962279030424        1.6260726135694974     
  0.78578578578578551      -0.92214142173575653        1.6571943819904205     
  0.79579579579579551      -0.83400032763158261        1.6948360424801441     
  0.80580580580580552      -0.72543535180700081        1.7254312697799750     
  0.81581581581581553      -0.59261538176314188        1.7420184691710694     
  0.82582582582582553      -0.42712868625152056        1.7219618938877888     
  0.83583583583583554      -0.26506498415743956        1.6116451570983803     
  0.84584584584584555      -0.20753793246400087        1.4583050934542838     
  0.85585585585585555      -0.21543126145068089        1.3914081986131155     
  0.86586586586586556      -0.14960109369777233        1.3362879858130841     
  0.87587587587587556      -0.11540428093555483        1.2540674675908443     
  0.88588588588588557       -8.7682087586540905E-002   1.1768985881910237     
  0.89589589589589558       -7.3432171583863573E-002   1.1019102084010948     
  0.90590590590590558       -6.5946167219724586E-002   1.0340833900245512     
  0.91591591591591559       -6.1659791797139110E-002  0.97127050530177927     
  0.92592592592592560       -5.9522966356630888E-002  0.91152445420660588     
  0.93593593593593560       -5.9559923762265932E-002  0.85374330027805856     
  0.94594594594594561       -6.0147278823848620E-002  0.79780833919181771     
  0.95595595595595562       -6.1404733799388211E-002  0.73922471405823964     
  0.96596596596596562       -6.6155093981851626E-002  0.67730022184380312     
  0.97597597597597563       -7.7154637311273200E-002  0.61031915814398074     
  0.98598598598598564      -0.10478338344145278       0.54113923733226210     
  0.99599599599599564      -0.13292405818736627       0.50159169315616114     
   1.0060060060060056      -0.13205495279082405       0.42376347338131043     
   1.0160160160160157      -0.18510858557466148       0.30787977075159234     
   1.0260260260260257      -0.35726726495469363       0.23023248407218977     
   1.0360360360360357      -0.43398767240668423       0.41046065841618595     
   1.0460460460460457      -0.27258537241529285       0.36456939512068093     
   1.0560560560560557      -0.25687663355732882       0.17454285922446222     
   1.0660660660660657      -0.37555596026464821       -4.9787868633813660E-002
   1.0760760760760757      -0.73264230556993803      -0.18519563053693938     
   1.0860860860860857       -1.0025567616336828        9.2985730047516618E-002
   1.0960960960960957      -0.87590895609278263       0.22696411010536804     
   1.1061061061061057      -0.91859839782711006       -1.0078173698763163E-002
   1.1161161161161157       -1.3384897659468946        1.1345128856892261E-002
   1.1261261261261257       -1.5545754993121341       0.31227385985953054     
   1.1361361361361357       -1.5957407848966785       0.59958950497847441     
   1.1461461461461457       -1.5527210814365835       0.82845465498040471     
   1.1561561561561557       -1.4730956097519217       0.99395271697370891     
   1.1661661661661658       -1.4130154644728856        1.1237285334135616     
   1.1761761761761758       -1.3342580736095837        1.2582525816154313     
   1.1861861861861858       -1.2375000782339247        1.3712515322653545     
   1.1961961961961958       -1.1320300933249454        1.4665615803576941     
   1.2062062062062058       -1.0183752858597261        1.5479761080718542     
   1.2162162162162158      -0.89449025181079356        1.6168776064129948     
   1.2262262262262258      -0.75642934214460600        1.6720546917701711     
   1.2362362362362358      -0.59785238327298296        1.7077736260328777     
   1.2462462462462458      -0.41048015570257562        1.7026221919301532     
   1.2562562562562558      -0.23103660428045308        1.6085570394071707     
   1.2662662662662658      -0.13995363375291839        1.4765751713997439     
   1.2762762762762758       -9.9997066602830836E-002   1.3705702753753990     
   1.2862862862862858       -8.0513428365282566E-002   1.2878741205745685     
   1.2962962962962958       -7.0415452633695988E-002   1.2265216946118644     
   1.3063063063063058       -5.6104801116049985E-002   1.1745946895998154     
   1.3163163163163158       -4.6539063101566143E-002   1.1258506619356727     
   1.3263263263263259       -3.9815910633352450E-002   1.0826570919896399     
   1.3363363363363359       -3.6791983546306251E-002   1.0427928878140396     
   1.3463463463463459       -3.4126177748969290E-002   1.0104670948038219     
   1.3563563563563559       -3.1217392614989743E-002  0.97911270505204506     
   1.3663663663663659       -3.0352725208157717E-002  0.95014055499488537     
   1.3763763763763759       -3.0185671063066414E-002  0.92585706842515825     
   1.3863863863863859       -2.7130381438500661E-002  0.90339836301814114     
   1.3963963963963959       -2.4124657041789420E-002  0.87976822155746814     
   1.4064064064064059       -2.2607386448787136E-002  0.85692308348788682     
   1.4164164164164168       -2.2039537508938209E-002  0.83532913346594218     
   1.4264264264264268       -2.1899023872849564E-002  0.81563350718694883     
   1.4364364364364368       -2.0494096485417418E-002  0.79675068719300246     
   1.4464464464464468       -1.9453003060588718E-002  0.77735030885954215     
   1.4564564564564568       -1.8989447876750346E-002  0.75829782586750438     
   1.4664664664664668       -1.8883880034332320E-002  0.73949588109299924     
   1.4764764764764768       -1.9209371325988676E-002  0.72067789710647845     
   1.4864864864864868       -2.0409012056515626E-002  0.70150834271933704     
   1.4964964964964969       -2.4174195857122459E-002  0.68209651578373465     
   1.5065065065065069       -3.1822612767134738E-002  0.66885384826987770     
   1.5165165165165169       -2.8605109082469844E-002  0.65925579625412356     
   1.5265265265265269       -2.3845549888144434E-002  0.64140634565727228     
   1.5365365365365369       -2.2347983692889966E-002  0.62028826784643976     
   1.5465465465465469       -2.2978511017095488E-002  0.59835542388875684     
   1.5565565565565569       -2.4854338327255081E-002  0.57513920966159315     
   1.5665665665665669       -2.8422266632104821E-002  0.54950362774133121     
   1.5765765765765769       -3.5525200146798726E-002  0.52006497317032119     
   1.5865865865865869       -5.2431845480956238E-002  0.48608724173933471     
   1.5965965965965969       -9.4584353208892663E-002  0.46530060050945082     
   1.6066066066066069       -9.5360163845246912E-002  0.49088196869131068     
   1.6166166166166169       -7.1159765338313488E-002  0.45197980008471278     
   1.6266266266266269       -8.0373133015745321E-002  0.39064208017086643     
   1.6366366366366369      -0.12577423809275345       0.31652299302669168     
   1.6466466466466469      -0.24886845710587138       0.27601913453887528     
   1.6566566566566570      -0.29082186463403520       0.33766665502710175     
   1.6666666666666670      -0.38053983886331383       0.28197527935183381     
   1.6766766766766770      -0.49704664979774216       0.42873542356595962     
   1.6866866866866870      -0.41616949461051927       0.55383330132628161     
   1.6966966966966970      -0.30914719685310366       0.45613474922529890     
   1.7067067067067070      -0.45056497964710351       0.29874862933525564     
   1.7167167167167170      -0.74917428030644895       0.45037788257335687     
   1.7267267267267270      -0.70324265167980571       0.81832449795419782     
   1.7367367367367370      -0.39212622739548764       0.87448390933811360     
   1.7467467467467470      -0.28524209761856445       0.69369946200397881     
   1.7567567567567570      -0.40430998316810657       0.51639543414879863     
   1.7667667667667670      -0.73283281218939056       0.62145545647640932     
   1.7767767767767770      -0.70706345083300548        1.0394772820527214     
   1.7867867867867870      -0.37846993169547188        1.1795399799209878     
   1.7967967967967970      -0.17950851038396898        1.0759736485051352     
   1.8068068068068071      -0.11390881331705632       0.97797263310753502     
   1.8168168168168171       -7.9174905999948586E-002  0.91961602069313342     
   1.8268268268268271       -5.6442762142507104E-002  0.86601166982267064     
   1.8368368368368371       -5.0831923321768266E-002  0.82353462306747405     
   1.8468468468468471       -4.8252375297909676E-002  0.80345288364240919     
   1.8568568568568571       -3.3008362589209861E-002  0.78048751227401492     
   1.8668668668668671       -2.5265224487363847E-002  0.75486562554147241     
   1.8768768768768771       -2.1383605457571727E-002  0.73283499533536467     
   1.8868868868868871       -1.8772814702101303E-002  0.71399930583632920     
   1.8968968968968971       -1.6845120107898022E-002  0.69681388282142898     
   1.9069069069069071       -1.5949583111417198E-002  0.68094082962248936     
   1.9169169169169171       -1.6769035769955722E-002  0.66621512647420700     
   1.9269269269269271       -2.0283804697741326E-002  0.65587017233159051     
   1.9369369369369371       -1.8129339135501469E-002  0.65003766651594130     
   1.9469469469469471       -1.3470142169731636E-002  0.63976251054532607     
   1.9569569569569571       -1.1342012275178635E-002  0.62840039107100687     
   1.9669669669669672       -1.0290509330414532E-002  0.61785073035209537     
   1.9769769769769772       -9.6306304519830858E-003  0.60798513068540661     
   1.9869869869869872       -9.1346928332228620E-003  0.59854979841986722     
   1.9969969969969972       -9.2488280534942478E-003  0.58876424182746023     
   2.0070070070070072       -1.0994604979106351E-002  0.58228207451326897     
   2.0170170170170172       -9.0940985281227262E-003  0.57509498023949623     
   2.0270270270270272       -8.2576256815487248E-003  0.56689676288073132     
   2.0370370370370372       -7.8950783683357263E-003  0.55893759029537393     
   2.0470470470470472       -7.7268090417431327E-003  0.55119325784260920     
   2.0570570570570572       -7.7408435983165472E-003  0.54361653424164724     
   2.0670670670670672       -7.8589904696892074E-003  0.53633149817510151     
   2.0770770770770772       -7.9484380437384351E-003  0.52910754305982244     
   2.0870870870870872       -8.2301248150418883E-003  0.52223717621106924     
   2.0970970970970972       -7.8030377025630473E-003  0.51529174982876669     
   2.1071071071071072       -7.6429361068681770E-003  0.50779801145613501     
   2.1171171171171173       -7.7320358198831908E-003  0.50018398547373499     
   2.1271271271271273       -7.9856276495819840E-003  0.49239191785969139     
   2.1371371371371373       -8.4588518640400078E-003  0.48429311728031660     
   2.1471471471471473       -9.4069004889113291E-003  0.47572877115335072     
   2.1571571571571573       -1.1726948707147560E-002  0.46696104146026524     
   2.1671671671671673       -1.4250249186320564E-002  0.46106179839718248     
   2.1771771771771773       -1.3587694774744780E-002  0.45254117020490525     
   2.1871871871871873       -1.6761570613787129E-002  0.44305595577076123     
   2.1971971971971973       -1.6700898189211340E-002  0.43661928630817176     
   2.2072072072072073       -1.5729431889389189E-002  0.42394129326489660     
   2.2172172172172173       -1.8032828846294591E-002  0.40855846596613060     
   2.2272272272272273       -2.3540143208093570E-002  0.39059296361096174     
   2.2372372372372373       -3.6271410534636901E-002  0.36799177906247388     
   2.2472472472472473       -7.2269587859333129E-002  0.35097248500022410     
   2.2572572572572573       -8.9007235425905107E-002  0.38778412389372968     
   2.2672672672672673       -5.9004728220751902E-002  0.37215282146964912     
   2.2772772772772774       -6.2824422521848583E-002  0.32735192005519709     
   2.2872872872872874      -0.10222812565467902       0.27119037944802210     
   2.2972972972972974      -0.22481758388895892       0.23972666043294583     
   2.3073073073073074      -0.30426101075594758       0.39554868830185413     
   2.3173173173173174      -0.19659817778315444       0.42091337837435794     
   2.3273273273273274      -0.22774558323199928       0.32894684469136842     
   2.3373373373373374      -0.41551468895153082       0.38249388966283132     
   2.3473473473473474      -0.40157001995745284       0.60457936053706696     
   2.3573573573573574      -0.22664001533322203       0.69927316694173958     
   2.3673673673673674      -0.12295562189098710       0.63456915378167167     
   2.3773773773773774       -9.6265206773834239E-002  0.59026035161430856     
   2.3873873873873874       -7.3220734740026078E-002  0.54434969419871604     
   2.3973973973973974       -8.5734262454571011E-002  0.48751510103667639     
   2.4074074074074074      -0.16534140341713047       0.44386357586356573     
   2.4174174174174174      -0.27075911938094294       0.57705480563723088     
   2.4274274274274275      -0.13415424461335521       0.66973819310714200     
   2.4374374374374375       -6.0485983628273968E-002  0.63038383475449367     
   2.4474474474474475       -3.4991646194263801E-002  0.59469506824333696     
   2.4574574574574575       -2.4342550206289948E-002  0.56902009130867093     
   2.4674674674674675       -2.0163462485162525E-002  0.55021137193892378     
   2.4774774774774775       -1.7045952728148586E-002  0.53819062035341281     
   2.4874874874874875       -1.2966676072555069E-002  0.52619717018477352     
   2.4974974974974975       -1.1057207965398823E-002  0.51506207644161928     
   2.5075075075075075       -1.0790195090446252E-002  0.50557011009365127     
   2.5175175175175175       -1.0482524822310779E-002  0.49924590163692012     
   2.5275275275275275       -8.3586427191603661E-003  0.49219959069585711     
   2.5375375375375375       -7.3907049984391774E-003  0.48482133378505043     
   2.5475475475475475       -7.1009089287090623E-003  0.47782940177195715     
   2.5575575575575575       -7.5163867104143271E-003  0.47097241043167992     
   2.5675675675675675       -9.6868079540704064E-003  0.46413720009612097     
   2.5775775775775776       -1.6076072503807871E-002  0.46134538217531595     
   2.5875875875875876       -1.3236307673089484E-002  0.46595626231036696     
   2.5975975975975976       -7.7756585979442822E-003  0.46111364726162135     
   2.6076076076076076       -5.9093126526720873E-003  0.45529863772790868     
   2.6176176176176176       -5.2046631565111400E-003  0.45004579798400057     
   2.6276276276276276       -5.0125461236626249E-003  0.44513142615217444     
   2.6376376376376376       -5.3731859539852735E-003  0.44032251741367551     
   2.6476476476476476       -7.1016504526961064E-003  0.43586746013343991     
   2.6576576576576576       -9.5000303007555624E-003  0.43482451158144542     
   2.6676676676676676       -7.5280905864354526E-003  0.43466811448694914     
   2.6776776776776776       -5.0270868141353573E-003  0.43101005911615448     
   2.6876876876876876       -4.1269718083166203E-003  0.42692606173124925     
   2.6976976976976976       -3.8082489433154290E-003  0.42315279102694653     
   2.7077077077077076       -3.7605700978859831E-003  0.41977685029933753     
   2.7177177177177176       -3.4769916891414709E-003  0.41662500895984300     
   2.7277277277277276       -3.2688229039885604E-003  0.41336107443238235     
   2.7377377377377377       -3.1620053575802136E-003  0.41017111771345277     
   2.7477477477477477       -3.0975312079871966E-003  0.40705149688976333     
   2.7577577577577577       -3.0587003147445049E-003  0.40397996921682222     
   2.7677677677677677       -3.0427022165005857E-003  0.40093693283682541     
   2.7777777777777777       -3.0584226891128370E-003  0.39790490989511113     
   2.7877877877877877       -3.1411915106018436E-003  0.39489420010558846     
   2.7977977977977977       -3.1922167533314566E-003  0.39199999322436435     
   2.8078078078078077       -3.1569500410098257E-003  0.38896213587200151     
   2.8178178178178177       -3.2252480734841272E-003  0.38582132031341676     
   2.8278278278278277       -3.4273884890750517E-003  0.38262188853673085     
   2.8378378378378377       -3.7186630336666663E-003  0.37957950728978929     
   2.8478478478478477       -3.7034095719009784E-003  0.37632477426114658     
   2.8578578578578577       -3.8919012081644329E-003  0.37266335361554354     
   2.8678678678678677       -4.3541859070768719E-003  0.36869046740561062     
   2.8778778778778777       -5.3647691214507333E-003  0.36428022545788857     
   2.8878878878878878       -8.0095633659171030E-003  0.35989890366532551     
   2.8978978978978978       -1.0304156446004535E-002  0.35946534002593911     
   2.9079079079079078       -7.9653917479298696E-003  0.35574632673366630     
   2.9179179179179178       -7.9573066623598830E-003  0.34896142436241145     
   2.9279279279279278       -9.6538835689943345E-003  0.34086992654311260     
   2.9379379379379378       -1.3427537863103994E-002  0.33058079930069950     
   2.9479479479479478       -2.1854802044096625E-002  0.31640566743697490     
   2.9579579579579578       -4.4419590547725693E-002  0.29726973430990533     
   2.9679679679679678      -0.10549391142506219       0.29997113070212139     
   2.9779779779779778      -0.12718124964831654       0.38535377766929013     
   2.9879879879879878       -6.6824175704221833E-002  0.41217227858004968     
   2.9979979979979978       -4.7754275711576977E-002  0.40278482715126923     
   3.0080080080080087       -2.7901714574418101E-002  0.39777802957645308     
   3.0180180180180187       -1.8209338133929952E-002  0.38250711595717152     
   3.0280280280280287       -1.7112374660555291E-002  0.36798047058171318     
   3.0380380380380387       -2.3959562533401976E-002  0.35371385265512550     
   3.0480480480480487       -4.5390771312084695E-002  0.34997716090953751     
   3.0580580580580587       -5.2695996964020060E-002  0.36412485644639386     
   3.0680680680680688       -5.5625689280073540E-002  0.38522893578573736     
   3.0780780780780788       -3.5714131973112316E-002  0.38745495796697704     
   3.0880880880880888       -3.4943825937213215E-002  0.38924048742208534     
   3.0980980980980988       -2.0864015999371936E-002  0.39007942219266367     
   3.1081081081081088       -1.5677306265289615E-002  0.38480135632445034     
   3.1181181181181188       -9.4808093316609554E-003  0.38073673179253475     
   3.1281281281281288       -6.1910494092887701E-003  0.37475193770516724     
   3.1381381381381388       -4.7190261074572908E-003  0.36977041743642680     
   3.1481481481481488       -3.9128603681190324E-003  0.36563667142403145     
   3.1581581581581588       -3.4139671878349776E-003  0.36206482098970832     
   3.1681681681681688       -3.0920566866711120E-003  0.35887047036442915     
   3.1781781781781788       -2.9053020352880058E-003  0.35592866026316250     
   3.1881881881881888       -2.8924010713255953E-003  0.35314632947021696     
   3.1981981981981988       -3.2899470431385701E-003  0.35058331342894072     
   3.2082082082082088       -3.7163968577122067E-003  0.34916152836443887     
   3.2182182182182189       -3.0698817733728302E-003  0.34727181401142976     
   3.2282282282282289       -3.2429110130557989E-003  0.34523518331259784     
   3.2382382382382389       -2.8364508226104423E-003  0.34393638137782329     
   3.2482482482482489       -2.2751960385270658E-003  0.34189679326058109     
   3.2582582582582589       -2.0701832875706142E-003  0.33982942804039828     
   3.2682682682682689       -2.0147692530101727E-003  0.33784334289733386     
   3.2782782782782789       -2.1226667785599058E-003  0.33591396209134211     
   3.2882882882882889       -2.5248766045670116E-003  0.33430647133573110     
   3.2982982982982989       -2.4739279161547626E-003  0.33321934767757644     
   3.3083083083083089       -2.0025492842465176E-003  0.33174957960117130     
   3.3183183183183189       -1.7614110274934550E-003  0.33002217656402377     
   3.3283283283283289       -1.6598060668618190E-003  0.32834559207267577     
   3.3383383383383389       -1.6052015921623997E-003  0.32672471174948825     
   3.3483483483483489       -1.5740453037068488E-003  0.32514288000992325     
   3.3583583583583589       -1.5678967165841449E-003  0.32359151249725177     
   3.3683683683683689       -1.5870471617114258E-003  0.32210563058581115     
   3.3783783783783790       -1.5421647075118164E-003  0.32064228898914054     
   3.3883883883883890       -1.5323308695356210E-003  0.31914976696739783     
   3.3983983983983990       -1.5493910136836302E-003  0.31772586797787722     
   3.4084084084084090       -1.4943772244121714E-003  0.31629653190570722     
   3.4184184184184190       -1.4671115815921333E-003  0.31483329213290551     
   3.4284284284284290       -1.4589689738676622E-003  0.31337433078997168     
   3.4384384384384390       -1.4602007415612842E-003  0.31191669975307645     
   3.4484484484484490       -1.4693410432396220E-003  0.31045402495481178     
   3.4584584584584590       -1.4883957740702851E-003  0.30897898694249037     
   3.4684684684684690       -1.5246939774834251E-003  0.30748281083533141     
   3.4784784784784790       -1.6019424127739692E-003  0.30596533825588029     
   3.4884884884884890       -1.6962177848239203E-003  0.30449198061586152     
   3.4984984984984990       -1.7295005694121753E-003  0.30291446340968003     
   3.5085085085085090       -1.9021491949344654E-003  0.30120775703476305     
   3.5185185185185190       -2.3997993057179143E-003  0.29954715722536573     
   3.5285285285285291       -2.6528466070818791E-003  0.29855855797517777     
   3.5385385385385391       -2.2886508743678521E-003  0.29683923059333439     
   3.5485485485485491       -2.3187843412278294E-003  0.29469578535376378     
   3.5585585585585591       -2.5859337518440882E-003  0.29233490344208829     
   3.5685685685685691       -3.1009788137375586E-003  0.28962215408361580     
   3.5785785785785791       -4.0564978459275911E-003  0.28631474546015528     
   3.5885885885885891       -6.0206426663523592E-003  0.28198980476062652     
   3.5985985985985991       -1.0871948743388014E-002  0.27606925691849127     
   3.6086086086086091       -2.5297602305629455E-002  0.27121026837242429     
   3.6186186186186191       -4.3291600709935638E-002  0.29283868163756854     
   3.6286286286286291       -2.3226659676399704E-002  0.31034082214365832     
   3.6386386386386391       -1.0950290710938376E-002  0.30414382886180463     
   3.6486486486486491       -7.5218321924253448E-003  0.29736037751708527     
   3.6586586586586591       -7.8672196765038477E-003  0.29156913253336736     
   3.6686686686686691       -1.1959798850050555E-002  0.28886039573872230     
   3.6786786786786791       -1.1289215850512874E-002  0.28947812002107826     
   3.6886886886886892       -1.3436936154249150E-002  0.28404068482478023     
   3.6986986986986992       -2.3709455107659570E-002  0.28629001361710232     
   3.7087087087087092       -2.2786404515928012E-002  0.29384028136241952     
   3.7187187187187192       -2.0145811256453858E-002  0.30212049423468074     
   3.7287287287287292       -1.1496145201469382E-002  0.30103417490522250     
   3.7387387387387392       -8.9258855577654880E-003  0.29970142844449904     
   3.7487487487487492       -4.9656581663795581E-003  0.29744271128809996     
   3.7587587587587592       -3.2107253503372941E-003  0.29428329455081303     
   3.7687687687687692       -2.4378800903641206E-003  0.29171011018492365     
   3.7787787787787792       -2.0249839993673204E-003  0.28957797098925142     
   3.7887887887887892       -1.7828213792711787E-003  0.28772866820098997     
   3.7987987987987992       -1.6593927324649693E-003  0.28607125692272733     
   3.8088088088088092       -1.6478460679779866E-003  0.28464452826031644     
   3.8188188188188192       -1.4786154420064900E-003  0.28338290313147113     
   3.8288288288288292       -1.3400402506120171E-003  0.28204961817882296     
   3.8388388388388393       -1.2722702578354106E-003  0.28076467091046464     
   3.8488488488488493       -1.2464588132413551E-003  0.27952382456958469     
   3.8588588588588593       -1.2837394983444791E-003  0.27830894054783484     
   3.8688688688688693       -1.4822314280797445E-003  0.27719138057772658     
   3.8788788788788793       -1.5324348983721031E-003  0.27643926116611273     
   3.8888888888888893       -1.4336647535407475E-003  0.27542665067994004     
   3.8988988988988993       -1.4191988429869372E-003  0.27463938150925299     
   3.9089089089089093       -1.1629109718444418E-003  0.27368006697297437     
   3.9189189189189193       -1.0524286467270666E-003  0.27263171054137220     
   3.9289289289289293       -1.0024469317333801E-003  0.27161858090679208     
   3.9389389389389393       -9.7384174462909203E-004  0.27063563700906845     
   3.9489489489489493       -9.5643663499461143E-004  0.26967379527400287     
   3.9589589589589593       -9.5002643240030716E-004  0.26872621920796408     
   3.9689689689689693       -9.6710011424237644E-004  0.26779130614612051     
   3.9789789789789793       -1.0199291231834460E-003  0.26692409957769658     
   3.9889889889889893       -9.6805348807472622E-004  0.26609213927185993     
   3.9989989989989994       -9.4145642060057739E-004  0.26518957014309108     
   4.0090090090090094       -9.6436631954795594E-004  0.26433517213306951     
   4.0190190190190194       -9.1579606256082780E-004  0.26350852688459153     
   4.0290290290290294       -8.7954909367671014E-004  0.26263551852187339     
   4.0390390390390394       -8.6379751362213389E-004  0.26176840966532683     
   4.0490490490490494       -8.5500359762069145E-004  0.26091009197008985     
   4.0590590590590594       -8.4948434186134887E-004  0.26005808730057450     
   4.0690690690690694       -8.4621954360964921E-004  0.25921026997161201     
   4.0790790790790794       -8.4507750776420358E-004  0.25836472374997999     
   4.0890890890890894       -8.4651190669793081E-004  0.25751938378088518     
   4.0990990990990994       -8.5192606701511701E-004  0.25667163485690653     
   4.1091091091091094       -8.6545260871940307E-004  0.25581786915193550     
   4.1191191191191194       -9.0164513199906106E-004  0.25495598565240152     
   4.1291291291291294       -9.9275770348430264E-004  0.25413281326987985     
   4.1391391391391394       -9.8425450573058886E-004  0.25339910184762976     
   4.1491491491491495       -9.2357897279567397E-004  0.25253973552894915     
   4.1591591591591595       -9.1617956298490992E-004  0.25163838511998737     
   4.1691691691691695       -9.3334365158951921E-004  0.25072068252107321     
   4.1791791791791795       -9.6718580552097844E-004  0.24977667190001360     
   4.1891891891891895       -1.0204694576257767E-003  0.24879161324126128     
   4.1991991991991995       -1.1029993194618861E-003  0.24774466565290082     
   4.2092092092092095       -1.2360376725989173E-003  0.24660317298682527     
   4.2192192192192195       -1.4680118923684515E-003  0.24531183315954713     
   4.2292292292292295       -1.9269229674202244E-003  0.24377392258711164     
   4.2392392392392395       -3.0273515975805330E-003  0.24186649645121616     
   4.2492492492492495       -6.0833146366926936E-003  0.24028626064788289     
   4.2592592592592595       -9.5881152680510600E-003  0.24274594286085382     
   4.2692692692692695       -7.5526741051590600E-003  0.24651015303691978     
   4.2792792792792795       -5.2242374546315577E-003  0.24448919963395729     
   4.2892892892892895       -7.1970790722203290E-003  0.24284721608382723     
   4.2992992992992995       -7.0715209730033684E-003  0.24524797197104178     
   4.3093093093093096       -6.3059330515038425E-003  0.24412513296286600     
   4.3193193193193196       -5.7600966185108208E-003  0.24534470371863570     
   4.3293293293293296       -3.7177056201224750E-003  0.24367962525105999     
   4.3393393393393396       -3.9426468324333386E-003  0.24098003895663642     
   4.3493493493493496       -7.0640913859821037E-003  0.23875395798872187     
   4.3593593593593596       -1.1596011567363493E-002  0.24342343788228418     
   4.3693693693693696       -6.3074710423550772E-003  0.24741610334146583     
   4.3793793793793796       -3.0229213994705873E-003  0.24548480569524544     
   4.3893893893893896       -1.8927890394170479E-003  0.24357362785733200     
   4.3993993993993996       -1.4108841306479621E-003  0.24208330008920423     
   4.4094094094094096       -1.1623466325678604E-003  0.24085944453263880     
   4.4194194194194196       -1.0163625898192855E-003  0.23979926075650085     
   4.4294294294294296       -9.2264888310509164E-004  0.23884511761117969     
   4.4394394394394396       -8.5884920696964657E-004  0.23796332624911076     
   4.4494494494494496       -8.1418519546670850E-004  0.23713272191095677     
   4.4594594594594597       -7.8391503142879407E-004  0.23633872129990119     
   4.4694694694694697       -7.6879086810958757E-004  0.23556998870076087     
   4.4794794794794797       -7.8229207581326850E-004  0.23481973208043350     
   4.4894894894894897       -8.5487706015181938E-004  0.23413680600514766     
   4.4994994994994997       -8.2946797666037461E-004  0.23354540698729914     
   4.5095095095095097       -8.1156030035179282E-004  0.23291150548562375     
   4.5195195195195197       -7.3194320244184940E-004  0.23228925905516781     
   4.5295295295295297       -6.8351490318727961E-004  0.23161398013343495     
   4.5395395395395397       -6.6570860194600215E-004  0.23094793099105126     
   4.5495495495495497       -6.6521007647507514E-004  0.23029073393579144     
   4.5595595595595597       -6.9524287223071614E-004  0.22963955964719118     
   4.5695695695695697       -7.9120004099680636E-004  0.22906006230198181     
   4.5795795795795797       -7.3983793687830261E-004  0.22859464089084142     
   4.5895895895895897       -6.5085549422678839E-004  0.22798682460225114     
   4.5995995995995997       -6.1751129592948930E-004  0.22736797216589957     
   4.6096096096096097       -6.0159818053747436E-004  0.22676215297911353     
   4.6196196196196198       -5.9177298972726050E-004  0.22616656075938790     
   4.6296296296296298       -5.8474455029767461E-004  0.22557859711580155     
   4.6396396396396398       -5.7942878618193411E-004  0.22499656740130530     
   4.6496496496496498       -5.7562747941378774E-004  0.22441917695861430     
   4.6596596596596598       -5.7399286784330747E-004  0.22384515131266094     
   4.6696696696696698       -5.7744506333057462E-004  0.22327327501225749     
   4.6796796796796798       -5.9579139390480659E-004  0.22270921952764186     
   4.6896896896896898       -6.1154239377469988E-004  0.22218191584200306     
   4.6996996996996998       -5.8942889116729558E-004  0.22165775131948992     
   4.7097097097097098       -5.6417990485014766E-004  0.22110406068451802     
   4.7197197197197198       -5.5380090319895434E-004  0.22054897392268596     
   4.7297297297297298       -5.4842098099402666E-004  0.21999859946764286     
   4.7397397397397398       -5.4494359202916201E-004  0.21945193156114268     
   4.7497497497497498       -5.4247235274143557E-004  0.21890802309264010     
   4.7597597597597598       -5.4071690959202649E-004  0.21836616248734220     
   4.7697697697697699       -5.3960345468360971E-004  0.21782573243969702     
   4.7797797797797799       -5.3917046727075426E-004  0.21728611309963777     
   4.7897897897897899       -5.3956224913937823E-004  0.21674660962750861     
   4.7997997997997999       -5.4112912123369680E-004  0.21620639400454811     
   4.8098098098098099       -5.4486681234007528E-004  0.21566474202750127     
   4.8198198198198199       -5.5106022931824432E-004  0.21512379423806899     
   4.8298298298298299       -5.5364589919371099E-004  0.21457860805300838     
   4.8398398398398399       -5.5998169742514637E-004  0.21402389939926059     
   4.8498498498498499       -5.7121988948363679E-004  0.21345995966515463     
   4.8598598598598599       -5.8861013109757945E-004  0.21288262209391054     
   4.8698698698698699       -6.1557472170324081E-004  0.21228514206241370     
   4.8798798798798799       -6.5916913185379994E-004  0.21165671542546452     
   4.8898898898898899       -7.3508600938114736E-004  0.21097903166246706     
   4.8998998998998999       -8.8417992461093645E-004  0.21022044331615039     
   4.9099099099099099       -1.2364944127931459E-003  0.20934458426972288     
   4.9199199199199199       -2.1208874634790673E-003  0.20858894109023543     
   4.9299299299299300       -3.2470040525154026E-003  0.20851269031210068     
   4.9399399399399400       -3.5886235181218119E-003  0.20942625711073712     
   4.9499499499499500       -3.7382718323879910E-003  0.20979349424786276     
   4.9599599599599600       -2.5995697022246299E-003  0.21010872855877927     
   4.9699699699699700       -2.5393420176992427E-003  0.20928520236114587     
   4.9799799799799800       -2.4174276103097999E-003  0.20960626343204175     
   4.9899899899899900       -1.7553618717211124E-003  0.20945567253573485     
   5.0000000000000000       -1.0657563805134525E-003  0.20881283162857736     
