  -5.0000000000000000       -5.3995866964671882E-004 -0.20520413185280145     
  -4.9899899899899900       -5.9382147051833753E-004 -0.20575738862405457     
  -4.9799799799799800       -7.0032782446387515E-004 -0.20636684651098586     
  -4.9699699699699700       -9.6089552781360849E-004 -0.20705542996361495     
  -4.9599599599599600       -1.6919146234245727E-003 -0.20759547948896920     
  -4.9499499499499500       -1.9987337261832558E-003 -0.20710560925515906     
  -4.9399399399399400       -1.6818568225345819E-003 -0.20765363689069699     
  -4.9299299299299300       -2.6038690904731793E-003 -0.20802957999385321     
  -4.9199199199199199       -2.3338367981361194E-003 -0.20676515016078995     
  -4.9099099099099099       -1.2009457455275856E-003 -0.20722207207401061     
  -4.8998998998998999       -8.0974613587460277E-004 -0.20799687616094512     
  -4.8898898898898899       -6.6067010580052614E-004 -0.20867351373302259     
  -4.8798798798798799       -5.9116667721856894E-004 -0.20927896505121016     
  -4.8698698698698699       -5.5412762539563780E-004 -0.20984283775335444     
  -4.8598598598598599       -5.3292475965554089E-004 -0.21038185174237761     
  -4.8498498498498499       -5.2098475643143447E-004 -0.21090468426839784     
  -4.8398398398398399       -5.1259154589554531E-004 -0.21141582216903779     
  -4.8298298298298299       -5.0583104385919762E-004 -0.21192182786750455     
  -4.8198198198198199       -5.0164900992035182E-004 -0.21242475644510903     
  -4.8098098098098099       -4.9935427087484125E-004 -0.21292514006452332     
  -4.7997997997997999       -4.9821410761724506E-004 -0.21342402680284409     
  -4.7897897897897899       -4.9787146194128654E-004 -0.21392228381005857     
  -4.7797797797797799       -4.9811880710403744E-004 -0.21442056232942863     
  -4.7697697697697699       -4.9882163682923137E-004 -0.21491936256682723     
  -4.7597597597597598       -4.9988821718770118E-004 -0.21541908028462706     
  -4.7497497497497498       -5.0125465014005260E-004 -0.21592003795755779     
  -4.7397397397397398       -5.0287667557162737E-004 -0.21642250647219355     
  -4.7297297297297298       -5.0472527020608475E-004 -0.21692672125736240     
  -4.7197197197197198       -5.0678513292072287E-004 -0.21743289554138723     
  -4.7097097097097098       -5.0905658212506638E-004 -0.21794123316247629     
  -4.6996996996996998       -5.1156386037503828E-004 -0.21845194410817728     
  -4.6896896896896898       -5.1438003992509583E-004 -0.21896526832927138     
  -4.6796796796796798       -5.1770573795366565E-004 -0.21948151700163707     
  -4.6696696696696698       -5.2216170657123624E-004 -0.22000111565827732     
  -4.6596596596596598       -5.3001809671039907E-004 -0.22052405095469782     
  -4.6496496496496498       -5.4471763516067710E-004 -0.22104203498893232     
  -4.6396396396396398       -5.4283676262411738E-004 -0.22155263440197129     
  -4.6296296296296298       -5.3690297448379337E-004 -0.22208266800354495     
  -4.6196196196196198       -5.3745987470182259E-004 -0.22261840476917566     
  -4.6096096096096097       -5.4039595294016487E-004 -0.22315716698889632     
  -4.5995995995995997       -5.4469596541572717E-004 -0.22369966238274527     
  -4.5895895895895897       -5.5073064343685667E-004 -0.22424685976112277     
  -4.5795795795795797       -5.6071944666577446E-004 -0.22479992676764396     
  -4.5695695695695697       -5.8297438906376373E-004 -0.22535681296706525     
  -4.5595595595595597       -6.1609371376943978E-004 -0.22588803012314584     
  -4.5495495495495497       -6.0659164714953347E-004 -0.22640818373515037     
  -4.5395395395395397       -5.8424601568144916E-004 -0.22697122777845111     
  -4.5295295295295297       -5.7990047804845266E-004 -0.22754778202111592     
  -4.5195195195195197       -5.8217876091992216E-004 -0.22812764921162462     
  -4.5095095095095097       -5.8719253584478071E-004 -0.22871200741610817     
  -4.4994994994994997       -5.9420904716947541E-004 -0.22930234738365793     
  -4.4894894894894897       -6.0414145661050590E-004 -0.22989988323952776     
  -4.4794794794794797       -6.1989580692264142E-004 -0.23050202946767526     
  -4.4694694694694697       -6.2901676012158702E-004 -0.23110557204738921     
  -4.4594594594594597       -6.3885137511459353E-004 -0.23173045037156095     
  -4.4494494494494496       -6.6381166890708688E-004 -0.23236576073545342     
  -4.4394394394394396       -6.8642259485587821E-004 -0.23298883592310962     
  -4.4294294294294296       -6.8754128120340579E-004 -0.23364698976100745     
  -4.4194194194194196       -7.0515853928124574E-004 -0.23433654957689207     
  -4.4094094094094096       -7.3521877072741727E-004 -0.23505224949170195     
  -4.3993993993993996       -7.7910523164193956E-004 -0.23580313198384270     
  -4.3893893893893896       -8.4444871222788803E-004 -0.23660381687354817     
  -4.3793793793793796       -9.4864126930978765E-004 -0.23747807965527501     
  -4.3693693693693696       -1.1338558076488697E-003 -0.23846698909880629     
  -4.3593593593593596       -1.5221451021158892E-003 -0.23963817648862354     
  -4.3493493493493496       -2.5331900363343204E-003 -0.24098085398899774     
  -4.3393393393393396       -4.6202505740289800E-003 -0.24127524298525541     
  -4.3293293293293296       -5.8135387992630898E-003 -0.23968261937666011     
  -4.3193193193193196       -4.6312938955100419E-003 -0.23914952742521686     
  -4.3093093093093096       -4.2080801251953986E-003 -0.23881052457287777     
  -4.2992992992992995       -2.8176817400860253E-003 -0.23993285863959804     
  -4.2892892892892895       -3.0073537569179983E-003 -0.24197340018069971     
  -4.2792792792792795       -5.3632346598812596E-003 -0.24368298908167638     
  -4.2692692692692695       -8.7148370693879429E-003 -0.24047500350259954     
  -4.2592592592592595       -5.1082815872411595E-003 -0.23732512083744772     
  -4.2492492492492495       -2.4827252101960098E-003 -0.23878733024841808     
  -4.2392392392392395       -1.5881247286448678E-003 -0.24036940989964711     
  -4.2292292292292295       -1.2192646531294113E-003 -0.24164287258157702     
  -4.2192192192192195       -1.0367660408964990E-003 -0.24272102474522930     
  -4.2092092092092095       -9.3601843186843787E-004 -0.24368388912526573     
  -4.1991991991991995       -8.7944739956624565E-004 -0.24457699156946117     
  -4.1891891891891895       -8.5818913291324528E-004 -0.24542616844534679     
  -4.1791791791791795       -8.8563308513748098E-004 -0.24621700391376614     
  -4.1691691691691695       -8.5256426550910991E-004 -0.24691851815148183     
  -4.1591591591591595       -7.9447620703416695E-004 -0.24768672032580294     
  -4.1491491491491495       -7.7680187870349303E-004 -0.24845589273948362     
  -4.1391391391391394       -7.7469501128213446E-004 -0.24919870177906012     
  -4.1291291291291294       -7.5622916108416724E-004 -0.24993754384234365     
  -4.1191191191191194       -7.4720439000661425E-004 -0.25068375484155714     
  -4.1091091091091094       -7.4599897437822979E-004 -0.25142779510052476     
  -4.0990990990990994       -7.5356990900089414E-004 -0.25216877435236817     
  -4.0890890890890894       -7.6250904085531780E-004 -0.25289086886286194     
  -4.0790790790790794       -7.4981678914668684E-004 -0.25362254270344697     
  -4.0690690690690694       -7.4568371337003733E-004 -0.25436627588423144     
  -4.0590590590590594       -7.4622472937764279E-004 -0.25511172471316884     
  -4.0490490490490494       -7.4863365624219889E-004 -0.25585931499813974     
  -4.0390390390390394       -7.5219138793905440E-004 -0.25661003732567278     
  -4.0290290290290294       -7.5681424514052688E-004 -0.25736479400416762     
  -4.0190190190190194       -7.6292053094236467E-004 -0.25812452884922465     
  -4.0090090090090094       -7.7225686241568219E-004 -0.25889016874074455     
  -3.9989989989989989       -7.9073146635621594E-004 -0.25965831942083739     
  -3.9889889889889889       -8.0267798810016886E-004 -0.26041032691905880     
  -3.9789789789789789       -7.9609795865049314E-004 -0.26118725013655392     
  -3.9689689689689689       -8.0315446122073721E-004 -0.26198071332968453     
  -3.9589589589589589       -8.2617453295662528E-004 -0.26278070281999971     
  -3.9489489489489489       -8.6420130951542099E-004 -0.26355353068364445     
  -3.9389389389389389       -8.4541582073257941E-004 -0.26433278006376432     
  -3.9289289289289289       -8.4133326337603451E-004 -0.26515909824723521     
  -3.9189189189189189       -8.5955885018025547E-004 -0.26599783091701429     
  -3.9089089089089089       -9.1052740534333730E-004 -0.26682958631991371     
  -3.8988988988988988       -9.2291913047323174E-004 -0.26760653702652054     
  -3.8888888888888888       -8.9436575882998436E-004 -0.26845975160727886     
  -3.8788788788788788       -9.0039613237028425E-004 -0.26934400057406882     
  -3.8688688688688688       -9.3375116274009432E-004 -0.27023948335820935     
  -3.8588588588588588       -9.9401232181514534E-004 -0.27110032165134734     
  -3.8488488488488488       -9.7085320212321436E-004 -0.27196545143861139     
  -3.8388388388388388       -9.6343358941247486E-004 -0.27290723858233001     
  -3.8288288288288288       -9.7930531785083525E-004 -0.27387268705713269     
  -3.8188188188188188       -1.0067289022778700E-003 -0.27486213018717276     
  -3.8088088088088088       -1.0461915693728882E-003 -0.27588245985341270     
  -3.7987987987987988       -1.1084763925046797E-003 -0.27693603162221592     
  -3.7887887887887888       -1.1781885810317396E-003 -0.27799422053769279     
  -3.7787787787787788       -1.2174066602070363E-003 -0.27913461561085445     
  -3.7687687687687688       -1.2985199905910538E-003 -0.28037209222006326     
  -3.7587587587587588       -1.4274068310043198E-003 -0.28171249529665082     
  -3.7487487487487487       -1.6299083043486591E-003 -0.28319968228716325     
  -3.7387387387387387       -1.9810159894891868E-003 -0.28490582330402259     
  -3.7287287287287287       -2.7073250146267490E-003 -0.28690188821435453     
  -3.7187187187187187       -4.1005650998202584E-003 -0.28877177776725910     
  -3.7087087087087087       -5.6129826058273283E-003 -0.29119263821297281     
  -3.6986986986986987       -1.0805737045554639E-002 -0.29360030961062988     
  -3.6886886886886887       -1.6241756728762078E-002 -0.28929952216347848     
  -3.6786786786786787       -1.5026651762420727E-002 -0.28239710178234195     
  -3.6686686686686687       -1.1038613229146822E-002 -0.28221857955166235     
  -3.6586586586586587       -7.3947834354956719E-003 -0.28283971490131543     
  -3.6486486486486487       -5.7179542944349269E-003 -0.28694456684821307     
  -3.6386386386386387       -7.2431316128557331E-003 -0.29168130243160389     
  -3.6286286286286287       -1.4432849135112511E-002 -0.29571320818804558     
  -3.6186186186186187       -2.5306442001329497E-002 -0.28437354187935837     
  -3.6086086086086087       -1.3071370199128801E-002 -0.27469999235134435     
  -3.5985985985985987       -5.9844936563703179E-003 -0.27844357377116269     
  -3.5885885885885886       -3.5793471865860080E-003 -0.28205700145620705     
  -3.5785785785785786       -2.5686163600620012E-003 -0.28478325906958557     
  -3.5685685685685686       -2.0601578064305638E-003 -0.28696216361331850     
  -3.5585585585585586       -1.7723953621991706E-003 -0.28881512024834211     
  -3.5485485485485486       -1.5979434795592177E-003 -0.29046606083733717     
  -3.5385385385385386       -1.4913074266648594E-003 -0.29198833741879832     
  -3.5285285285285286       -1.4372628322187329E-003 -0.29343007401556387     
  -3.5185185185185186       -1.4548963054383558E-003 -0.29482223726887424     
  -3.5085085085085086       -1.6282887969651730E-003 -0.29608772080276752     
  -3.4984984984984986       -1.6023238578390807E-003 -0.29702394967421275     
  -3.4884884884884886       -1.4255702223943299E-003 -0.29820558381711049     
  -3.4784784784784786       -1.3066192501809749E-003 -0.29941941744634915     
  -3.4684684684684686       -1.2438602772783084E-003 -0.30065998195911348     
  -3.4584584584584586       -1.2165115626396614E-003 -0.30188182155694859     
  -3.4484484484484486       -1.2029208745514813E-003 -0.30308874177313982     
  -3.4384384384384385       -1.1962640029879348E-003 -0.30428728739792205     
  -3.4284284284284285       -1.1939447300462040E-003 -0.30548206668268607     
  -3.4184184184184185       -1.1947877334382165E-003 -0.30667644730413163     
  -3.4084084084084085       -1.1982454105112076E-003 -0.30787312003453182     
  -3.3983983983983985       -1.2041812476655516E-003 -0.30907445736708711     
  -3.3883883883883881       -1.2129689328775311E-003 -0.31028280995680968     
  -3.3783783783783781       -1.2261983045614914E-003 -0.31150081603548979     
  -3.3683683683683681       -1.2498104466556496E-003 -0.31273089383825292     
  -3.3583583583583581       -1.3024870509108723E-003 -0.31395902185884006     
  -3.3483483483483480       -1.3258888093001285E-003 -0.31513042511734141     
  -3.3383383383383380       -1.2934163414580083E-003 -0.31637355392998484     
  -3.3283283283283280       -1.2932495401652619E-003 -0.31765536115054144     
  -3.3183183183183180       -1.3078665704542732E-003 -0.31895260125779329     
  -3.3083083083083080       -1.3319984956225101E-003 -0.32026937868611932     
  -3.2982982982982980       -1.3700634780423675E-003 -0.32161264763357150     
  -3.2882882882882880       -1.4430910807311311E-003 -0.32298965959423082     
  -3.2782782782782780       -1.6208239223649925E-003 -0.32435903281466344     
  -3.2682682682682680       -1.7784489128256360E-003 -0.32550017134961351     
  -3.2582582582582580       -1.6220683890705995E-003 -0.32673348585065154     
  -3.2482482482482480       -1.5347417325746677E-003 -0.32820671997559392     
  -3.2382382382382380       -1.5352249457622705E-003 -0.32971783941667376     
  -3.2282282282282280       -1.5766766768083088E-003 -0.33125497178524155     
  -3.2182182182182180       -1.6664434038889937E-003 -0.33280306844675023     
  -3.2082082082082080       -1.7083704314743403E-003 -0.33432816795508724     
  -3.1981981981981980       -1.7310332581498130E-003 -0.33598663409068608     
  -3.1881881881881879       -1.8165293079510411E-003 -0.33772914454764991     
  -3.1781781781781779       -1.9966527515196944E-003 -0.33953030118529520     
  -3.1681681681681679       -2.2070139343023432E-003 -0.34120473372493682     
  -3.1581581581581579       -2.1699819145702746E-003 -0.34307846018897892     
  -3.1481481481481479       -2.2587995632237321E-003 -0.34522095138578163     
  -3.1381381381381379       -2.4530050091454945E-003 -0.34753696708360021     
  -3.1281281281281279       -2.7567841491808625E-003 -0.35008677122668924     
  -3.1181181181181179       -3.2463610414356862E-003 -0.35297471320704626     
  -3.1081081081081079       -4.1585000457034626E-003 -0.35633493338594702     
  -3.0980980980980979       -6.0809162454817439E-003 -0.35985286040361408     
  -3.0880880880880879       -7.6156465276984884E-003 -0.36307522619587251     
  -3.0780780780780779       -1.0838279104430044E-002 -0.36922024923654556     
  -3.0680680680680679       -2.1589862798654085E-002 -0.37438251888642304     
  -3.0580580580580579       -3.2024420675326695E-002 -0.36745299989642827     
  -3.0480480480480479       -3.5194333594335797E-002 -0.35465522890513140     
  -3.0380380380380378       -2.5451662877908100E-002 -0.35416667951641762     
  -3.0280280280280278       -2.7565875655225988E-002 -0.35280010550310220     
  -3.0180180180180178       -1.9307878331573321E-002 -0.35465978414422678     
  -3.0080080080080078       -2.1308065117314399E-002 -0.36351959964105296     
  -2.9979979979979978       -2.5008915315110906E-002 -0.36818424211395739     
  -2.9879879879879878       -4.0410538332826068E-002 -0.37974142038727854     
  -2.9779779779779778       -7.8064721255332356E-002 -0.35358100748989657     
  -2.9679679679679678       -4.5665788059226130E-002 -0.31193782937301212     
  -2.9579579579579578       -1.9382076080250679E-002 -0.32072260460610968     
  -2.9479479479479478       -1.0579722570504064E-002 -0.33115962623344530     
  -2.9379379379379378       -6.9976756676868399E-003 -0.33865741257562287     
  -2.9279279279279278       -5.2418958292723555E-003 -0.34428656320508910     
  -2.9179179179179178       -4.2766004636241228E-003 -0.34881583029536006     
  -2.9079079079079078       -3.7269366559349580E-003 -0.35268245744859927     
  -2.8978978978978978       -3.4702625482481955E-003 -0.35615408898835560     
  -2.8878878878878878       -3.5990451240121512E-003 -0.35938780422019223     
  -2.8778778778778777       -4.5363313686263198E-003 -0.36190399534073958     
  -2.8678678678678677       -4.1972069868594216E-003 -0.36279059163503402     
  -2.8578578578578577       -3.1428658386576671E-003 -0.36524825017269280     
  -2.8478478478478477       -2.8839450710970915E-003 -0.36783342014349113     
  -2.8378378378378377       -2.6611957031962299E-003 -0.37007555918745105     
  -2.8278278278278277       -2.4249486451207642E-003 -0.37244343718963729     
  -2.8178178178178177       -2.3186853569879813E-003 -0.37477832580498621     
  -2.8078078078078077       -2.2634940142761528E-003 -0.37705718537680499     
  -2.7977977977977977       -2.2326070705049341E-003 -0.37929970743995284     
  -2.7877877877877877       -2.2165944987809598E-003 -0.38152132428677421     
  -2.7777777777777777       -2.2114515908420161E-003 -0.38373345459109015     
  -2.7677677677677677       -2.2156048063079383E-003 -0.38594533487781102     
  -2.7577577577577577       -2.2295677104949706E-003 -0.38816531222376727     
  -2.7477477477477477       -2.2583572622640567E-003 -0.39040134356025918     
  -2.7377377377377377       -2.3210786005857559E-003 -0.39265026948621146     
  -2.7277277277277276       -2.3841727258904293E-003 -0.39485317040354539     
  -2.7177177177177176       -2.3978224424350556E-003 -0.39713566054495492     
  -2.7077077077077076       -2.4933246248574226E-003 -0.39943173542323207     
  -2.6976976976976976       -2.4980535845675000E-003 -0.40172665936514951     
  -2.6876876876876876       -2.5397860634195049E-003 -0.40417894272434401     
  -2.6776776776776776       -2.7025369518826202E-003 -0.40671831082706772     
  -2.6676676676676676       -3.1481857037876319E-003 -0.40925310694285044     
  -2.6576576576576576       -3.6454050542105818E-003 -0.41112403781020446     
  -2.6476476476476476       -3.1721717661988206E-003 -0.41322104449405445     
  -2.6376376376376376       -2.9488036360424620E-003 -0.41599706197452552     
  -2.6276276276276276       -2.9995086216564734E-003 -0.41887726687939753     
  -2.6176176176176176       -3.2816864895961963E-003 -0.42183448654992012     
  -2.6076076076076076       -3.9572664770372735E-003 -0.42452356586369394     
  -2.5975975975975976       -3.9640678574843682E-003 -0.42687064989991641     
  -2.5875875875875876       -4.2813815918202715E-003 -0.42978601947899042     
  -2.5775775775775776       -4.1533194288102659E-003 -0.43208223137050894     
  -2.5675675675675675       -3.7056953153908594E-003 -0.43536738169008776     
  -2.5575575575575575       -3.6648150609841072E-003 -0.43892990491273320     
  -2.5475475475475475       -3.7781322759144749E-003 -0.44260994347670635     
  -2.5375375375375375       -3.9738893178937664E-003 -0.44645856647131477     
  -2.5275275275275275       -4.2451051279909701E-003 -0.45053687887053639     
  -2.5175175175175175       -4.6181896148098167E-003 -0.45491557299420232     
  -2.5075075075075075       -5.1838175632894362E-003 -0.45967418231147306     
  -2.4974974974974975       -6.1713829583267691E-003 -0.46470200708001630     
  -2.4874874874874875       -7.0281312666287009E-003 -0.46972919370836136     
  -2.4774774774774775       -7.8010923156855054E-003 -0.47546749283604656     
  -2.4674674674674675       -8.4847898866766049E-003 -0.48262479540426001     
  -2.4574574574574575       -1.0103118819809602E-002 -0.49143780004143506     
  -2.4474474474474475       -1.2999134885294849E-002 -0.50227970659195675     
  -2.4374374374374375       -1.8361178538896732E-002 -0.51635346272632765     
  -2.4274274274274275       -2.9925702517634725E-002 -0.53568725536662798     
  -2.4174174174174174       -6.1143449686225822E-002 -0.56031887624021037     
  -2.4074074074074074      -0.13691906140540094      -0.54329561652295377     
  -2.3973973973973974      -0.11947008408595977      -0.45839852642836149     
  -2.3873873873873874       -7.8354494622920712E-002 -0.45849122985311946     
  -2.3773773773773774       -5.4494824316293052E-002 -0.48356699332885916     
  -2.3673673673673674       -6.0911461017205466E-002 -0.52476620406034558     
  -2.3573573573573574      -0.11099302795539852      -0.57149237898350025     
  -2.3473473473473474      -0.25101471718247242      -0.54512716708527142     
  -2.3373373373373374      -0.23808094813891353      -0.34495054264348723     
  -2.3273273273273274      -0.11053298222426579      -0.33754294847872890     
  -2.3173173173173174       -8.5838107574541814E-002 -0.37233514534941237     
  -2.3073073073073074       -7.0382055974008179E-002 -0.36264472201817055     
  -2.2972972972972974       -3.6411829841462927E-002 -0.37551488909236369     
  -2.2872872872872874       -2.2232159865765017E-002 -0.39686169258642334     
  -2.2772772772772774       -1.6706955453817347E-002 -0.41396401731600918     
  -2.2672672672672673       -1.5200994697009607E-002 -0.42825528001445778     
  -2.2572572572572573       -1.8534770173435376E-002 -0.44073424746736739     
  -2.2472472472472473       -2.9016870778889609E-002 -0.44211830853661815     
  -2.2372372372372373       -1.9869589018548323E-002 -0.43573279590190961     
  -2.2272272272272273       -1.1597307319848397E-002 -0.44416947847780303     
  -2.2172172172172173       -8.7742036075613792E-003 -0.45286432372933266     
  -2.2072072072072073       -7.8345998594189243E-003 -0.46035589746212907     
  -2.1971971971971973       -7.7521988168243287E-003 -0.46704680801211884     
  -2.1871871871871873       -9.1505397475620167E-003 -0.47226800010772396     
  -2.1771771771771773       -8.1403482033383552E-003 -0.47502210032251396     
  -2.1671671671671673       -6.2452511032523297E-003 -0.48031118553365770     
  -2.1571571571571573       -5.5177562027960946E-003 -0.48584252025916619     
  -2.1471471471471473       -5.1880759741291527E-003 -0.49109812971551270     
  -2.1371371371371373       -5.0090160023258910E-003 -0.49615817702878240     
  -2.1271271271271273       -4.9050860046529823E-003 -0.50109601167479845     
  -2.1171171171171173       -4.8475681544390666E-003 -0.50596094198070651     
  -2.1071071071071072       -4.8241580545855282E-003 -0.51078857608093231     
  -2.0970970970970972       -4.8311151261695500E-003 -0.51560762625763201     
  -2.0870870870870872       -4.8751014717092530E-003 -0.52044341077524403     
  -2.0770770770770772       -4.9884043439284856E-003 -0.52530314427285119     
  -2.0670670670670672       -5.1601456696720189E-003 -0.53012168755413558     
  -2.0570570570570572       -5.3518178968414432E-003 -0.53488721207611978     
  -2.0470470470470472       -5.2813009245606677E-003 -0.53963353243554113     
  -2.0370370370370372       -5.2217998488982478E-003 -0.54473565149037972     
  -2.0270270270270272       -5.2831720153736529E-003 -0.54995817355980736     
  -2.0170170170170172       -5.3943996789250041E-003 -0.55529651178115014     
  -2.0070070070070072       -5.5935579813384930E-003 -0.56087472214719847     
  -1.9969969969969972       -6.2127754635588010E-003 -0.56619841655827452     
  -1.9869869869869872       -6.1612722782450535E-003 -0.57169509503200222     
  -1.9769769769769772       -6.4640010056990710E-003 -0.57766430292900128     
  -1.9669669669669672       -6.9049124468214393E-003 -0.58335272556157347     
  -1.9569569569569571       -6.7966928563242095E-003 -0.58949339634740183     
  -1.9469469469469471       -6.9790701694481859E-003 -0.59621277143733409     
  -1.9369369369369371       -7.4539678971046091E-003 -0.60324338344942108     
  -1.9269269269269271       -8.3550733332158275E-003 -0.61027778354539608     
  -1.9169169169169171       -8.5504180727082098E-003 -0.61713151657958698     
  -1.9069069069069071       -8.6367749959950311E-003 -0.62524226793627224     
  -1.8968968968968971       -9.1174701230329440E-003 -0.63399647727338970     
  -1.8868868868868871       -9.8261216358119328E-003 -0.64338807686012567     
  -1.8768768768768771       -1.0756861936286822E-002 -0.65358569990672699     
  -1.8668668668668671       -1.1980964109105673E-002 -0.66481559327852480     
  -1.8568568568568571       -1.3662164207425555E-002 -0.67739135855931387     
  -1.8468468468468471       -1.6203522273353244E-002 -0.69174013251710387     
  -1.8368368368368371       -2.0613412213920677E-002 -0.70795114013332816     
  -1.8268268268268271       -2.7211167022266926E-002 -0.72506454161749945     
  -1.8168168168168171       -3.3242021133391593E-002 -0.74158315716393641     
  -1.8068068068068071       -3.7066072973775038E-002 -0.76772849455458625     
  -1.7967967967967970       -4.9666084202145258E-002 -0.80568243157499186     
  -1.7867867867867866       -7.8946339390212270E-002 -0.85819698368023711     
  -1.7767767767767766      -0.15542172313887334      -0.92971720037889327     
  -1.7667667667667666      -0.36371253775689638      -0.93917523930316049     
  -1.7567567567567566      -0.45118466378281297      -0.64733340407292161     
  -1.7467467467467466      -0.23795822923183715      -0.58812752867703055     
  -1.7367367367367366      -0.18805944826891799      -0.70247334253006499     
  -1.7267267267267266      -0.30174569266373746      -0.80510320470412611     
  -1.7167167167167166      -0.53010991220009374      -0.64612211412432019     
  -1.7067067067067065      -0.36170472977797830      -0.38175699466597202     
  -1.6966966966966965      -0.19106110819496541      -0.44535054468825547     
  -1.6866866866866865      -0.19931453538722996      -0.52443632668416162     
  -1.6766766766766765      -0.22219619379838068      -0.44253128549785548     
  -1.6666666666666665      -0.10874642732452224      -0.43614077052894645     
  -1.6566566566566565       -6.1254679212716157E-002 -0.48909836716509381     
  -1.6466466466466465       -4.6097496551096996E-002 -0.53351013416210669     
  -1.6366366366366365       -4.8258544911211933E-002 -0.56993408461812733     
  -1.6266266266266265       -7.0863435687071666E-002 -0.58191630319316234     
  -1.6166166166166165       -5.2842087863371939E-002 -0.56741588120660613     
  -1.6066066066066065       -3.2149923876410240E-002 -0.58923104236133228     
  -1.5965965965965965       -2.7914486685860974E-002 -0.61262112213337538     
  -1.5865865865865865       -3.2701153952432990E-002 -0.62611378678494112     
  -1.5765765765765765       -2.4991388301914670E-002 -0.63266704098435045     
  -1.5665665665665665       -1.8570156874733339E-002 -0.64892337107534803     
  -1.5565565565565564       -1.6499127764203918E-002 -0.66497784803738269     
  -1.5465465465465464       -1.6750107004933457E-002 -0.67990285307580223     
  -1.5365365365365364       -1.8698429506129981E-002 -0.69297878862394036     
  -1.5265265265265264       -2.1019286872502693E-002 -0.70087560157360207     
  -1.5165165165165164       -1.6222725109181001E-002 -0.71065055113282805     
  -1.5065065065065064       -1.3949683036503700E-002 -0.72407800957169510     
  -1.4964964964964964       -1.3186003217578863E-002 -0.73727636758861570     
  -1.4864864864864864       -1.2926222636227565E-002 -0.75020696566829170     
  -1.4764764764764764       -1.2893067127734595E-002 -0.76305809121342916     
  -1.4664664664664664       -1.2996244334220967E-002 -0.77596703717313753     
  -1.4564564564564564       -1.3205048939568411E-002 -0.78903789225875187     
  -1.4464464464464464       -1.3521407387681181E-002 -0.80236130016205898     
  -1.4364364364364364       -1.4001323343976713E-002 -0.81601790268247965     
  -1.4264264264264264       -1.4830109380625770E-002 -0.82991166502712899     
  -1.4164164164164164       -1.5396984593533327E-002 -0.84360606958609186     
  -1.4064064064064064       -1.5590542807803491E-002 -0.85842506105332628     
  -1.3963963963963963       -1.6349979279312865E-002 -0.87402871112432479     
  -1.3863863863863863       -1.7580576558264421E-002 -0.88972832427545490     
  -1.3763763763763763       -1.8002213570294922E-002 -0.90582426715986497     
  -1.3663663663663663       -1.8456846484877051E-002 -0.92354114174925439     
  -1.3563563563563563       -1.9341424368102728E-002 -0.94232340939079584     
  -1.3463463463463463       -2.0429819724063748E-002 -0.96224054787152935     
  -1.3363363363363363       -2.1954911258775408E-002 -0.98372758660578652     
  -1.3263263263263263       -2.3862754216360388E-002  -1.0062009113665289     
  -1.3163163163163163       -2.5867437775297500E-002  -1.0307511469293429     
  -1.3063063063063063       -2.8546243588758864E-002  -1.0575802656812698     
  -1.2962962962962963       -3.2384932357826773E-002  -1.0867247961412263     
  -1.2862862862862863       -3.6156324873846832E-002  -1.1176056784034369     
  -1.2762762762762763       -3.9847317838836355E-002  -1.1538579025393436     
  -1.2662662662662663       -4.5639285343238224E-002  -1.1956609987281555     
  -1.2562562562562563       -5.3895004373152207E-002  -1.2442204741979008     
  -1.2462462462462462       -6.5939684014437186E-002  -1.3021003687276853     
  -1.2362362362362362       -8.4822857698670068E-002  -1.3734326592862309     
  -1.2262262262262262      -0.11828374329977753       -1.4649750118320628     
  -1.2162162162162162      -0.19005915097375456       -1.5836899741277655     
  -1.2062062062062062      -0.34839013579136463       -1.6906869831153180     
  -1.1961961961961962      -0.54203417360720152       -1.7059715966700224     
  -1.1861861861861862      -0.70705852182623741       -1.6645761498098410     
  -1.1761761761761762      -0.84727695457370533       -1.6068438638695661     
  -1.1661661661661662      -0.98782727317106334       -1.5282045552425314     
  -1.1561561561561562       -1.1201748747347831       -1.4190939738642394     
  -1.1461461461461462       -1.2426232716374233       -1.2753119672639546     
  -1.1361361361361362       -1.3479300662146891       -1.0815679189552450     
  -1.1261261261261262       -1.4046867258836331      -0.81108103390908559     
  -1.1161161161161162       -1.2999497488871885      -0.45969345937628814     
  -1.1061061061061062      -0.92097117795411543      -0.31875397375625980     
  -1.0960960960960962      -0.83940725904386237      -0.47689947044454017     
  -1.0860860860860861      -0.88883602446624810      -0.29068748609396899     
  -1.0760760760760761      -0.53679069831828286      -0.11539536744032143     
  -1.0660660660660661      -0.26860137234923942      -0.28304412109191551     
  -1.0560560560560561      -0.17022019936537947      -0.45407684946557930     
  -1.0460460460460461      -0.13031225887647266      -0.58845571774705752     
  -1.0360360360360361      -0.11736560913612290      -0.70225148415554239     
  -1.0260260260260261      -0.13131500987081066      -0.80838410552146944     
  -1.0160160160160161      -0.20726635077595093      -0.89342047472632635     
  -1.0060060060060061      -0.28119001636182389      -0.81032234759903343     
 -0.99599599599599564      -0.15849086078123037      -0.80033945627214453     
 -0.98598598598598564      -0.10649848204060382      -0.88615806813526310     
 -0.97597597597597563       -9.9552847729505456E-002 -0.95996198448805126     
 -0.96596596596596562       -8.8244213100230770E-002  -1.0125605601598584     
 -0.95595595595595562       -7.6014096112080487E-002  -1.0812389759678280     
 -0.94594594594594561       -7.4503575962843321E-002  -1.1530838896502908     
 -0.93593593593593560       -7.8693882103075416E-002  -1.2275550780395283     
 -0.92592592592592560       -8.8523380717905886E-002  -1.3082406636224297     
 -0.91591591591591559      -0.10824722471230920       -1.3995746597883234     
 -0.90590590590590558      -0.14976323795951613       -1.5012579392321117     
 -0.89589589589589558      -0.22185312150929848       -1.6099892531491073     
 -0.88588588588588557      -0.35855636432407850       -1.6696465426934164     
 -0.87587587587587556      -0.41198638483435129       -1.6769318222232230     
 -0.86586586586586556      -0.50875616987715411       -1.7539836857485307     
 -0.85585585585585555      -0.63374163718192900       -1.7675131379287781     
 -0.84584584584584555      -0.73619097627555030       -1.7532006011348114     
 -0.83583583583583554      -0.82141179844016254       -1.7301577952531704     
 -0.82582582582582553      -0.89487650750060088       -1.7036304454349913     
 -0.81581581581581553      -0.95984547913499074       -1.6753768489129528     
 -0.80580580580580552       -1.0182831941274515       -1.6459885900197313     
 -0.79579579579579551       -1.0709485859394072       -1.6154485515190828     
 -0.78578578578578551       -1.1170603498919764       -1.5860805346277920     
 -0.77577577577577550       -1.1626830553054486       -1.5588490201042560     
 -0.76576576576576549       -1.2061276133425545       -1.5295251271217598     
 -0.75575575575575549       -1.2465846663939872       -1.4995861548281775     
 -0.74574574574574548       -1.2845964757519530       -1.4694255603626072     
 -0.73573573573573547       -1.3205437666842064       -1.4390941459910203     
 -0.72572572572572547       -1.3546975851677412       -1.4085769723099175     
 -0.71571571571571546       -1.3872679043429934       -1.3778392678831703     
 -0.70570570570570545       -1.4184257062541503       -1.3468358648397385     
 -0.69569569569569545       -1.4483143741241837       -1.3155132130919609     
 -0.68568568568568544       -1.4770564618871389       -1.2838092828386689     
 -0.67567567567567544       -1.5047581301944200       -1.2516525431208476     
 -0.66566566566566543       -1.5315122188058257       -1.2189602867572980     
 -0.65565565565565542       -1.5574004049137051       -1.1856362951681623     
 -0.64564564564564542       -1.5824946629693268       -1.1515677220265408     
 -0.63563563563563541       -1.6068580902570417       -1.1166209268170495     
 -0.62562562562562540       -1.6305449877065057       -1.0806358430080589     
 -0.61561561561561540       -1.6535996730965334       -1.0434180904146466     
 -0.60560560560560539       -1.6760514968976958       -1.0047274665397252     
 -0.59559559559559538       -1.6978913893130043      -0.96426744057640090     
 -0.58558558558558538       -1.7190592771437641      -0.92179398574900273     
 -0.57557557557557537       -1.7398322937824970      -0.87686052483503973     
 -0.56556556556556536       -1.7599758761782025      -0.82862825552569086     
 -0.55555555555555536       -1.7792960717393582      -0.77644011506537924     
 -0.54554554554554535       -1.7975782312126620      -0.71928090479135776     
 -0.53553553553553535       -1.8144030865525105      -0.65573537473894927     
 -0.52552552552552534       -1.8290052996920090      -0.58382341755457190     
 -0.51551551551551533       -1.8399766013170498      -0.50070979364848123     
 -0.50550550550550533       -1.8446304478410647      -0.40223787539225647     
 -0.49549549549549532       -1.8375478235335740      -0.28222178121613217     
 -0.48548548548548531       -1.8069258813833222      -0.13169356401493562     
 -0.47547547547547531       -1.7246513922937832        5.9082853081831962E-002
 -0.46546546546546530       -1.5308092065757735       0.27508627726131768     
 -0.45545545545545529       -1.1487616242475509       0.43718565963005784     
 -0.44544544544544529      -0.65362898751480758       0.25672903533791308     
 -0.43543543543543528      -0.43220567620881462      -0.12248662653638612     
 -0.42542542542542527      -0.38016168694928620      -0.47528766544611750     
 -0.41541541541541527      -0.43859587094777602      -0.81950902974439388     
 -0.40540540540540526      -0.68103492734063875       -1.1254109621853585     
 -0.39539539539539525       -1.0389008993589650       -1.1750543686353472     
 -0.38538538538538525       -1.2608429274943493       -1.0154202128256005     
 -0.37537537537537524       -1.2340504385185016      -0.77799316152774212     
 -0.36536536536536524      -0.96096684832521773      -0.86629593261737126     
 -0.35535535535535523       -1.0813581705117672       -1.1676931708728409     
 -0.34534534534534522       -1.3174501973736295       -1.2021337055690158     
 -0.33533533533533522       -1.4642179045432007       -1.1466533777256576     
 -0.32532532532532521       -1.5572970951614784       -1.0816102253028079     
 -0.31531531531531520       -1.6223353403116119       -1.0203086562773316     
 -0.30530530530530520       -1.6712120864552182      -0.96417244564772220     
 -0.29529529529529519       -1.7098499624798096      -0.91258340209999778     
 -0.28528528528528518       -1.7415020694095777      -0.86466128738417025     
 -0.27527527527527518       -1.7680930936242780      -0.81958121854196275     
 -0.26526526526526517       -1.7907979780675625      -0.77657348420067773     
 -0.25525525525525516       -1.8102536544697170      -0.73481146749627024     
 -0.24524524524524516       -1.8263913396830933      -0.69317211707192594     
 -0.23523523523523515       -1.8369900643082757      -0.64996635797097746     
 -0.22522522522522515       -1.8310293544709142      -0.60851163086244298     
 -0.21521521521521514       -1.8239964067982610      -0.60755945612194673     
 -0.20520520520520513       -1.8573525376336906      -0.59063803982272101     
 -0.19519519519519513       -1.8787951660183380      -0.55660845088078781     
 -0.18518518518518512       -1.8929275456260684      -0.52269706256387716     
 -0.17517517517517511       -1.9039178205086325      -0.49012882784909811     
 -0.16516516516516511       -1.9131337183636259      -0.45861002105010662     
 -0.15515515515515510       -1.9210239446800610      -0.42781275813581804     
 -0.14514514514514509       -1.9274071473089067      -0.39758352346736126     
 -0.13513513513513509       -1.9321528258657061      -0.36961844910047076     
 -0.12512512512512508       -1.9392150737575102      -0.34254581482277069     
 -0.11511511511511507       -1.9453760486889864      -0.31400958556433661     
 -0.10510510510510507       -1.9504162009619355      -0.28569054567108310     
  -9.5095095095095061E-002  -1.9547595948560375      -0.25771298479849897     
  -8.5085085085085055E-002  -1.9585511252245509      -0.23001769925881946     
  -7.5075075075075048E-002  -1.9618523033723294      -0.20255073908793594     
  -6.5065065065065042E-002  -1.9646967570622902      -0.17526988685498307     
  -5.5055055055055035E-002  -1.9671061275444175      -0.14814079254417628     
  -4.5045045045045029E-002  -1.9690955482306269      -0.12113408363772292     
  -3.5035035035035023E-002  -1.9706758451989894       -9.4223637051860362E-002
  -2.5025025025025016E-002  -1.9718542353095310       -6.7385350431929142E-002
  -1.5015015015015010E-002  -1.9726330754033987       -4.0596857985805708E-002
  -5.0050050050050032E-003  -1.9730060819194060       -1.3847057461992782E-002
   5.0050050050050032E-003  -1.9730127400455069        1.2858445201756942E-002
   1.5015015015015010E-002  -1.9726531785988841        3.9608367714063043E-002
   2.5025025025025016E-002  -1.9718877862885502        6.6397205255906783E-002
   3.5035035035035023E-002  -1.9707228481061605        9.3236037766619470E-002
   4.5045045045045029E-002  -1.9691560100565946       0.12014723710538691     
   5.5055055055055035E-002  -1.9671800664627943       0.14715493831952142     
   6.5065065065065042E-002  -1.9647841738969349       0.17428530671117648     
   7.5075075075075048E-002  -1.9619531861853978       0.20156776667373083     
   8.5085085085085055E-002  -1.9586654049726884       0.22903675994540715     
   9.5095095095095061E-002  -1.9548870684207880       0.25673462452630008     
  0.10510510510510507       -1.9505562489549997       0.28471549147839209     
  0.11511511511511507       -1.9455265573082408       0.31303842696150841     
  0.12512512512512508       -1.9393694337863678       0.34157306571579443     
  0.13513513513513509       -1.9323423009602689       0.36862172966878543     
  0.14514514514514509       -1.9276193393031522       0.39662864170231221     
  0.15515515515515510       -1.9212365399211915       0.42686565986699121     
  0.16516516516516511       -1.9133559935423921       0.45766856831857206     
  0.17517517517517511       -1.9041516312211202       0.48919588894562366     
  0.18518518518518512       -1.8931730117526138       0.52177571228664343     
  0.19519519519519513       -1.8790522775006577       0.55570289308762055     
  0.20520520520520513       -1.8576218703186558       0.58975868737775106     
  0.21521521521521514       -1.8242427114602859       0.60674104113372329     
  0.22522522522522515       -1.8312242774367453       0.60763148363743114     
  0.23523523523523515       -1.8372387499524621       0.64909453353810687     
  0.24524524524524516       -1.8266523525326348       0.69234376161331079     
  0.25525525525525516       -1.8105079318574118       0.73403193831276026     
  0.26526526526526517       -1.7910309016441472       0.77585127551543775     
  0.27527527527527518       -1.7682861694146632       0.81892941902462824     
  0.28528528528528518       -1.7416276326444187       0.86409829025896856     
  0.29529529529529519       -1.7098634385005278       0.91213417565617250     
  0.30530530530530520       -1.6710370403593782       0.96386963609665677     
  0.31531531531531520       -1.6218309650187250        1.0201900430797806     
  0.32532532532532521       -1.5561801634450927        1.0816953998351366     
  0.33533533533533522       -1.4618609909151821        1.1468062127286578     
  0.34534534534534522       -1.3124514344579421        1.2012255991034790     
  0.35535535535535523       -1.0737148123635651        1.1593241579975144     
  0.36536536536536524      -0.97013283979920328       0.85086193380634934     
  0.37537537537537524       -1.2454713231282075       0.78544835143324765     
  0.38538538538538525       -1.2579184820812865        1.0234902616902246     
  0.39539539539539525       -1.0291157960961144        1.1774308774161413     
  0.40540540540540526      -0.66963193132960075        1.1169306224392070     
  0.41541541541541527      -0.43504844851479857       0.80569421846016431     
  0.42542542542542527      -0.38142692582784687       0.46075679682712534     
  0.43543543543543528      -0.43861682625795034       0.10591713845773976     
  0.44544544544544529      -0.67242507558073406      -0.27304234252773985     
  0.45545545545545529       -1.1739117080682189      -0.43345199614328728     
  0.46546546546546530       -1.5438152463569650      -0.26459267906606099     
  0.47547547547547531       -1.7307656996402589       -4.8866391616281847E-002
  0.48548548548548531       -1.8094688551891029       0.13966329540772340     
  0.49549549549549532       -1.8385289094304667       0.28828979203334248     
  0.50550550550550533       -1.8448843365374741       0.40692610186878991     
  0.51551551551551533       -1.8398773774739037       0.50439939269355683     
  0.52552552552552534       -1.8287348786257154       0.58677472034544464     
  0.53553553553553535       -1.8140555602537118       0.65812725881819945     
  0.54554554554554535       -1.7972045534393275       0.72123891138296004     
  0.55555555555555536       -1.7789248826014505       0.77805447078694190     
  0.56556556556556536       -1.7596241000104251       0.82996540584089695     
  0.57557557557557537       -1.7395114211917198       0.87797171050249068     
  0.58558558558558538       -1.7187730437291888       0.92272592600792669     
  0.59559559559559538       -1.6976306690052265       0.96504367659069656     
  0.60560560560560539       -1.6758238831605310        1.0053657315650504     
  0.61561561561561540       -1.6534081892015244        1.0439385843489724     
  0.62562562562562540       -1.6303903202979426        1.0810547391872800     
  0.63563563563563541       -1.6067403425547262        1.1169512484240933     
  0.64564564564564542       -1.5824137764509492        1.1518201594461199     
  0.65565565565565542       -1.5573563142442053        1.1858197481923345     
  0.66566566566566543       -1.5315049333920197        1.2190822466243834     
  0.67567567567567544       -1.5047877833534478        1.2517193780590794     
  0.68568568568568544       -1.4771233521088114        1.2838264480513957     
  0.69569569569569545       -1.4484190017444487        1.3154854244066880     
  0.70570570570570545       -1.4185688094733502        1.3467672325791644     
  0.71571571571571546       -1.3874505041869658        1.3777334076789265     
  0.72572572572572547       -1.3549210451989937        1.4084371002238725     
  0.73573573573573547       -1.3208098816760911        1.4389231681060630     
  0.74574574574574548       -1.2849076213257042        1.4692261805639020     
  0.75575575575575549       -1.2469440940895617        1.4993610946902800     
  0.76576576576576549       -1.2065400793341945        1.5292779934475040     
  0.77577577577577550       -1.1631542389588678        1.5585894071042110     
  0.78578578578578551       -1.1175635666855399        1.5858180365126915     
  0.79579579579579551       -1.0715230105242617        1.6151327878964310     
  0.80580580580580552       -1.0189462633584474        1.6456659703808607     
  0.81581581581581553      -0.96059870167008088        1.6750505724198583     
  0.82582582582582553      -0.89573670651161286        1.7033060619191080     
  0.83583583583583554      -0.82240612735328100        1.7298483836416330     
  0.84584584584584555      -0.73736299820699336        1.7529356926544370     
  0.85585585585585555      -0.63516134145945014        1.7673740387655248     
  0.86586586586586556      -0.51045413592850419        1.7542454128879199     
  0.87587587587587556      -0.41327048119853182        1.6777616436976892     
  0.88588588588588557      -0.35987659063460103        1.6702529713260823     
  0.89589589589589558      -0.22306930597290753        1.6111134942999901     
  0.90590590590590558      -0.15055108970476880        1.5025954454940065     
  0.91591591591591559      -0.10861342551191866        1.4007670441178521     
  0.92592592592592560       -8.8721344122544496E-002   1.3092331124337184     
  0.93593593593593560       -7.8809992668576578E-002   1.2284095325177937     
  0.94594594594594561       -7.4553353400980002E-002   1.1538501840220274     
  0.95595595595595562       -7.5951218576198437E-002   1.0819536462490433     
  0.96596596596596562       -8.7878030572097254E-002   1.0131120312155373     
  0.97597597597597563       -9.9227094147073855E-002  0.95979753667808076     
  0.98598598598598564      -0.10679718406852506       0.88567640425873106     
  0.99599599599599564      -0.15979145571730075       0.79999693035983677     
   1.0060060060060056      -0.28258716530354389       0.81254667032297234     
   1.0160160160160157      -0.20624711592334208       0.89423486245014006     
   1.0260260260260257      -0.13097788102768801       0.80851729618684975     
   1.0360360360360357      -0.11723131233995120       0.70240802572538075     
   1.0460460460460457      -0.13016011521960527       0.58867744263963173     
   1.0560560560560557      -0.16984459620306019       0.45439915630145006     
   1.0660660660660657      -0.26754669622012450       0.28333452698201955     
   1.0760760760760757      -0.53423392863144137       0.11529873922687954     
   1.0860860860860857      -0.88296838746405715       0.28340729313370339     
   1.0960960960960957      -0.84349523633231260       0.47069915936310019     
   1.1061061061061057      -0.93645552281759015       0.31114763148302260     
   1.1161161161161157       -1.3112527302987991       0.47042404385163339     
   1.1261261261261257       -1.4058575192027045       0.82078580928228650     
   1.1361361361361357       -1.3462169650158824        1.0878760637561924     
   1.1461461461461457       -1.2402164367797803        1.2793274599383169     
   1.1561561561561557       -1.1180282161653474        1.4217245280507493     
   1.1661661661661658      -0.98599129038367206        1.5303253320223462     
   1.1761761761761758      -0.84506829474553824        1.6091204178521716     
   1.1861861861861858      -0.70465243669147581        1.6651789441800751     
   1.1961961961961958      -0.53974115520759869        1.7067804924139118     
   1.2062062062062058      -0.34586906958452024        1.6903424391110868     
   1.2162162162162158      -0.18870766737970740        1.5825301260466087     
   1.2262262262262258      -0.11771377054448333        1.4641241781766796     
   1.2362362362362358       -8.4531402253749624E-002   1.3728801370816488     
   1.2462462462462458       -6.5769049474156391E-002   1.3017392295422958     
   1.2562562562562558       -5.3788447802747504E-002   1.2439831202854243     
   1.2662662662662658       -4.5575637471503241E-002   1.1955055559759900     
   1.2762762762762758       -3.9833365849936679E-002   1.1537632293806408     
   1.2862862862862858       -3.6188001031956060E-002   1.1176565425694007     
   1.2962962962962958       -3.2246258761422168E-002   1.0867441064255292     
   1.3063063063063058       -2.8499503551780877E-002   1.0575411016731635     
   1.3163163163163158       -2.5895448182127717E-002   1.0307257110164791     
   1.3263263263263259       -2.4035119080493810E-002   1.0062684777639179     
   1.3363363363363359       -2.1797018400885840E-002  0.98416119485042408     
   1.3463463463463459       -2.0209056427163197E-002  0.96215642720082339     
   1.3563563563563559       -1.9376149077943845E-002  0.94218818103785995     
   1.3663663663663659       -1.8772775280913905E-002  0.92355829599787309     
   1.3763763763763759       -1.8036698469876693E-002  0.90632034489992508     
   1.3863863863863859       -1.7336499749104284E-002  0.88981484675665679     
   1.3963963963963959       -1.6308680245430966E-002  0.87399918064856663     
   1.4064064064064059       -1.5707577688518690E-002  0.85842033531369544     
   1.4164164164164168       -1.5553784675601288E-002  0.84388913708711644     
   1.4264264264264268       -1.4747228556158051E-002  0.83008937710787745     
   1.4364364364364368       -1.3973249198014728E-002  0.81613500585630971     
   1.4464464464464468       -1.3512731826850269E-002  0.80247998619549532     
   1.4564564564564568       -1.3202017214952523E-002  0.78915932310906534     
   1.4664664664664668       -1.2995504468253904E-002  0.77608963965694866     
   1.4764764764764768       -1.2893966389717708E-002  0.76318064688982423     
   1.4864864864864868       -1.2929604926642139E-002  0.75032823118725378     
   1.4964964964964969       -1.3195821189225196E-002  0.73739462267103406     
   1.5065065065065069       -1.3982225710594820E-002  0.72419351955466360     
   1.5165165165165169       -1.6339951469358623E-002  0.71082211312255983     
   1.5265265265265269       -2.0852607482277602E-002  0.70141182568078198     
   1.5365365365365369       -1.8337410763323361E-002  0.69284448253918929     
   1.5465465465465469       -1.6732173136679386E-002  0.67966929316925750     
   1.5565565565565569       -1.6741660023740345E-002  0.66470059461735220     
   1.5665665665665669       -1.9513168921884722E-002  0.64870763110016472     
   1.5765765765765769       -2.7047583433974572E-002  0.63523882580161195     
   1.5865865865865869       -2.7091878540536001E-002  0.62761271580939781     
   1.5965965965965969       -2.6339530168968405E-002  0.60824509818362915     
   1.6066066066066069       -3.5675127591794600E-002  0.58473668458583861     
   1.6166166166166169       -6.3431447103965644E-002  0.57232235018950794     
   1.6266266266266269       -6.0120562915781092E-002  0.58988566135263321     
   1.6366366366366369       -4.3157937951270584E-002  0.56529007212808302     
   1.6466466466466469       -4.5739814410927560E-002  0.52841823547547551     
   1.6566566566566570       -6.4859955631161939E-002  0.48377214935618412     
   1.6666666666666670      -0.12238122662799777       0.43546626190978566     
   1.6766766766766770      -0.21893442837766280       0.47294437096854702     
   1.6866866866866870      -0.17469256300743086       0.51327485526377470     
   1.6966966966966970      -0.19223371907467973       0.42400580510255625     
   1.7067067067067070      -0.38806069205587773       0.37487549068210840     
   1.7167167167167170      -0.52805472987378321       0.67624708179006632     
   1.7267267267267270      -0.28441379523742177       0.79936852060254326     
   1.7367367367367370      -0.18681296522806404       0.68966808847600780     
   1.7467467467467470      -0.25059611755341049       0.57749460303743960     
   1.7567567567567570      -0.46879975061748097       0.66494717049431418     
   1.7667667667667670      -0.35057746861526123       0.94934114969097572     
   1.7767767767767770      -0.14944490193166549       0.92720845934049845     
   1.7867867867867870       -7.7148080553051335E-002  0.85578328305156215     
   1.7967967967967970       -4.9308242631747039E-002  0.80380150886326063     
   1.8068068068068071       -3.7980382587335805E-002  0.76622687764044617     
   1.8168168168168171       -3.5095124089981868E-002  0.74271622529111447     
   1.8268268268268271       -2.6046329432888832E-002  0.72592774153988737     
   1.8368368368368371       -2.0087697424319258E-002  0.70757942401742135     
   1.8468468468468471       -1.6071499299967987E-002  0.69153089404227575     
   1.8568568568568571       -1.3600084857453187E-002  0.67726344972923302     
   1.8668668668668671       -1.1950568123523667E-002  0.66472612825651023     
   1.8768768768768771       -1.0747661455396544E-002  0.65351468426212556     
   1.8868868868868871       -9.8417749845077142E-003  0.64331979610070389     
   1.8968968968968971       -9.1881019719069184E-003  0.63391659329430317     
   1.9069069069069071       -8.8837894134681395E-003  0.62520060378861819     
   1.9169169169169171       -8.7858641407623402E-003  0.61766662166663577     
   1.9269269269269271       -7.8922600376789206E-003  0.61041323134390735     
   1.9369369369369371       -7.3256409648523478E-003  0.60313537861596533     
   1.9469469469469471       -6.9277439120842459E-003  0.59616259793763071     
   1.9569569569569571       -6.7266097205002243E-003  0.58944681280525357     
   1.9669669669669672       -6.8450884681809689E-003  0.58308783057585856     
   1.9769769769769772       -6.8354062085851262E-003  0.57751724803446780     
   1.9869869869869872       -6.7282554711633009E-003  0.57174451592593700     
   1.9969969969969972       -6.9284620890054330E-003  0.56780056633840348     
   2.0070070070070072       -3.3224884692284050E-003  0.56070851829590662     
   2.0170170170170172       -5.4373380478520573E-003  0.55375048628375256     
   2.0270270270270272       -6.3630959140599380E-003  0.54989403969824469     
   2.0370370370370372       -5.5571759201288101E-003  0.54524222583247128     
   2.0470470470470472       -5.2066448177838301E-003  0.54008112566275235     
   2.0570570570570572       -5.0814646787641351E-003  0.53501041430156770     
   2.0670670670670672       -5.0601167194004263E-003  0.53009855126176786     
   2.0770770770770772       -4.9560116527159071E-003  0.52530293950143880     
   2.0870870870870872       -4.8622923569485608E-003  0.52045637802018241     
   2.0970970970970972       -4.8268356109986681E-003  0.51562653659158220     
   2.1071071071071072       -4.8253486508908899E-003  0.51080856013841280     
   2.1171171171171173       -4.8547174266416427E-003  0.50597768467863602     
   2.1271271271271273       -4.9227232751819418E-003  0.50110392767985668     
   2.1371371371371373       -5.0522753004133827E-003  0.49614836461494344     
   2.1471471471471473       -5.3121860172457578E-003  0.49106404415814336     
   2.1571571571571573       -5.8961571262264026E-003  0.48593147637313155     
   2.1671671671671673       -6.4365378009487821E-003  0.48105054301243894     
   2.1771771771771773       -7.4450625218116448E-003  0.47578708246853213     
   2.1871871871871873       -7.9507440454721686E-003  0.47189077542349428     
   2.1971971971971973       -7.3501548243105393E-003  0.46601111073540724     
   2.2072072072072073       -8.0747382807177300E-003  0.45897082841044479     
   2.2172172172172173       -1.0495020162733392E-002  0.45122474566407828     
   2.2272272272272273       -1.7119687665323687E-002  0.44444711532520792     
   2.2372372372372373       -2.0539208184647779E-002  0.44785711066259598     
   2.2472472472472473       -1.4637868212804994E-002  0.44163864387083873     
   2.2572572572572573       -1.5096510353000057E-002  0.42998054106034245     
   2.2672672672672673       -2.2275465733376600E-002  0.41830591560609726     
   2.2772772772772774       -3.0377164274669775E-002  0.41805371588172191     
   2.2872872872872874       -2.5167962229379226E-002  0.40828705383200636     
   2.2972972972972974       -3.0002548221439003E-002  0.38711347308426924     
   2.3073073073073074       -5.0290047627551911E-002  0.36236553711299330     
   2.3173173173173174       -8.2506979291130503E-002  0.35371238480398143     
   2.3273273273273274      -0.12121731528049032       0.32302525726390213     
   2.3373373373373374      -0.26645323950204719       0.35190447849832629     
   2.3473473473473474      -0.23602471890917207       0.56889195311271923     
   2.3573573573573574      -0.10004718777853881       0.56761034853204462     
   2.3673673673673674       -5.7302964163177088E-002  0.51993459027377864     
   2.3773773773773774       -5.1788607541260682E-002  0.47847082219177955     
   2.3873873873873874       -7.9665746365839868E-002  0.44207599395674951     
   2.3973973973973974      -0.15558194488242330       0.47136903848144523     
   2.4074074074074074      -0.11185225804205676       0.55750472229503223     
   2.4174174174174174       -5.7429392503570459E-002  0.55427468863769480     
   2.4274274274274275       -2.9309370478402333E-002  0.53334859827060277     
   2.4374374374374375       -1.8468345426312135E-002  0.51457160855124151     
   2.4474474474474475       -1.4271539085743759E-002  0.50094892347753195     
   2.4574574574574575       -1.1505566441906968E-002  0.49196559351058400     
   2.4674674674674675       -8.8201486415341937E-003  0.48349305803029008     
   2.4774774774774775       -7.5992643952435233E-003  0.47608681327746705     
   2.4874874874874875       -6.6408368064822349E-003  0.47021839214753075     
   2.4974974974974975       -5.6118935047840806E-003  0.46461645286116721     
   2.5075075075075075       -4.9829820053582333E-003  0.45944919287597225     
   2.5175175175175175       -4.5503001506944692E-003  0.45473931873500723     
   2.5275275275275275       -4.2332957791640360E-003  0.45038487375916403     
   2.5375375375375375       -4.0096063734327229E-003  0.44630058366621866     
   2.5475475475475475       -3.9035504801837812E-003  0.44241564535525213     
   2.5575575575575575       -4.0635088378259470E-003  0.43873086714982895     
   2.5675675675675675       -4.4405006241619790E-003  0.43587827015136316     
   2.5775775775775776       -3.8021686004362557E-003  0.43306229621705628     
   2.5875875875875876       -3.5047035018116075E-003  0.42972673765866826     
   2.5975975975975976       -3.6768061428481872E-003  0.42653344336174059     
   2.6076076076076076       -3.9549989740245671E-003  0.42417679396253805     
   2.6176176176176176       -3.4083678865194662E-003  0.42156283028396596     
   2.6276276276276276       -3.3830840787726028E-003  0.41862281527261846     
   2.6376376376376376       -3.5871123660521326E-003  0.41635722405646086     
   2.6476476476476476       -3.1045078009794762E-003  0.41394139199555946     
   2.6576576576576576       -3.0277492684473700E-003  0.41125695356286129     
   2.6676676676676676       -3.0138273800542903E-003  0.40902586342412728     
   2.6776776776776776       -2.6907347246629249E-003  0.40659578369938881     
   2.6876876876876876       -2.5917134690363886E-003  0.40406976151155399     
   2.6976976976976976       -2.6665086350460268E-003  0.40169321955771226     
   2.7077077077077076       -2.6011033654235968E-003  0.39953466142799104     
   2.7177177177177176       -2.4286737098090077E-003  0.39727849011882060     
   2.7277277277277276       -2.3238380293406080E-003  0.39496123925152099     
   2.7377377377377377       -2.2729329475476086E-003  0.39267537365731936     
   2.7477477477477477       -2.2427187338983187E-003  0.39042145099991177     
   2.7577577577577577       -2.2236857691814772E-003  0.38818993531451268     
   2.7677677677677677       -2.2130459387906080E-003  0.38597266807465797     
   2.7777777777777777       -2.2102863889863090E-003  0.38376216824622694     
   2.7877877877877877       -2.2161362684367915E-003  0.38155067093159911     
   2.7977977977977977       -2.2325937950686187E-003  0.37932922428825522     
   2.8078078078078077       -2.2638415639930579E-003  0.37708651627730438     
   2.8178178178178177       -2.3193622784269483E-003  0.37480708210000391     
   2.8278278278278277       -2.4256287450928190E-003  0.37247074766787630     
   2.8378378378378377       -2.6618384819128362E-003  0.37009538902101541     
   2.8478478478478477       -2.9074152545021997E-003  0.36784520380511665     
   2.8578578578578577       -3.2020972022461739E-003  0.36526816753483837     
   2.8678678678678677       -4.3208110490839825E-003  0.36295625803871107     
   2.8778778778778777       -4.3255309737055200E-003  0.36203333411241900     
   2.8878878878878878       -3.5077740356395351E-003  0.35934811354029228     
   2.8978978978978978       -3.4408034179777072E-003  0.35612250732324507     
   2.9079079079079078       -3.7181728485249231E-003  0.35266061245316677     
   2.9179179179179178       -4.2794113678485349E-003  0.34879571155105416     
   2.9279279279279278       -5.2582443594898498E-003  0.34425991005507262     
   2.9379379379379378       -7.0423436827397583E-003  0.33861250897859158     
   2.9479479479479478       -1.0706951026861174E-002  0.33107845598079616     
   2.9579579579579578       -1.9815751407038534E-002  0.32062866156782499     
   2.9679679679679678       -4.7157932534922641E-002  0.31284143699133454     
   2.9779779779779778       -7.4352786491608203E-002  0.35789608206562373     
   2.9879879879879878       -3.6661554585403357E-002  0.37584470208912019     
   2.9979979979979978       -2.5277581450528698E-002  0.36219077352972356     
   3.0080080080080087       -3.2922274117525151E-002  0.35985639249690754     
   3.0180180180180187       -2.3016631253344844E-002  0.36760156292665802     
   3.0280280280280287       -1.5675161555011786E-002  0.35811692290395064     
   3.0380380380380387       -1.9482800776399637E-002  0.34693158666119939     
   3.0480480480480487       -3.8626872260549533E-002  0.34492618374158956     
   3.0580580580580587       -4.1369664638827720E-002  0.37374616622202045     
   3.0680680680680688       -1.8618148475349885E-002  0.37742581574705053     
   3.0780780780780788       -9.5909850379465381E-003  0.36945084986489513     
   3.0880880880880888       -6.5883930935973205E-003  0.36307550959741092     
   3.0980980980980988       -5.7834622221871277E-003  0.35899340174984828     
   3.1081081081081088       -4.2819696694345512E-003  0.35610562125868939     
   3.1181181181181188       -3.2916559586640853E-003  0.35284272023103086     
   3.1281281281281288       -2.8257049064449105E-003  0.34994328397023317     
   3.1381381381381388       -2.6536724099584788E-003  0.34738924495933166     
   3.1481481481481488       -2.6079095815533210E-003  0.34536713284734549     
   3.1581581581581588       -2.2217404637743629E-003  0.34341698279723876     
   3.1681681681681688       -1.9915537946127602E-003  0.34140331884883818     
   3.1781781781781788       -1.8583274013557207E-003  0.33950319741731655     
   3.1881881881881888       -1.7660940944875983E-003  0.33770208744085112     
   3.1981981981981988       -1.6989516361311792E-003  0.33597752536254721     
   3.2082082082082088       -1.6559807005407743E-003  0.33431194738659675     
   3.2182182182182189       -1.6561569829735472E-003  0.33270130903894046     
   3.2282282282282289       -1.6769876737083302E-003  0.33122008859196084     
   3.2382382382382389       -1.6115680726097043E-003  0.32973151887124202     
   3.2482482482482489       -1.6668786624371951E-003  0.32825362034589844     
   3.2582582582582589       -1.6588702487170719E-003  0.32698882203334717     
   3.2682682682682689       -1.5519171961244232E-003  0.32558462543110417     
   3.2782782782782789       -1.5804503694322504E-003  0.32424676851966222     
   3.2882882882882889       -1.4645758710672017E-003  0.32298185674764895     
   3.2982982982982989       -1.3768855471829758E-003  0.32161922931834619     
   3.3083083083083089       -1.3386339045494532E-003  0.32027439224974025     
   3.3183183183183189       -1.3236204716455522E-003  0.31895351349687634     
   3.3283283283283289       -1.3389241590318912E-003  0.31766506249962678     
   3.3383383383383389       -1.3290077393499698E-003  0.31644969681240925     
   3.3483483483483489       -1.2856500126965766E-003  0.31519717620462545     
   3.3583583583583589       -1.2795844493690743E-003  0.31395805818843897     
   3.3683683683683689       -1.2509287695821986E-003  0.31274640969592904     
   3.3783783783783790       -1.2260999039532736E-003  0.31152062643785722     
   3.3883883883883890       -1.2127307751654125E-003  0.31030327409476199     
   3.3983983983983990       -1.2040455371412407E-003  0.30909514634803231     
   3.4084084084084090       -1.1982104612937247E-003  0.30789388746238444     
   3.4184184184184190       -1.1948332942086548E-003  0.30669720322551192     
   3.4284284284284290       -1.1940626324796479E-003  0.30550274065191652     
   3.4384384384384390       -1.1964622724197137E-003  0.30430781024228709     
   3.4484484484484490       -1.2032265729809914E-003  0.30310902692626518     
   3.4584584584584590       -1.2169650434851241E-003  0.30190172920505287     
   3.4684684684684690       -1.2444117069887956E-003  0.30067914164409487     
   3.4784784784784790       -1.3069640681842244E-003  0.29943515211893057     
   3.4884884884884890       -1.4450397013053928E-003  0.29821093844032925     
   3.4984984984984990       -1.6431064869454643E-003  0.29708794860620058     
   3.5085085085085090       -1.5752848928563389E-003  0.29613255410904421     
   3.5185185185185190       -1.4334431100873008E-003  0.29482796458625238     
   3.5285285285285291       -1.4300314280804296E-003  0.29343809855798442     
   3.5385385385385391       -1.4884911467290295E-003  0.29199909869119156     
   3.5485485485485491       -1.5969985170267119E-003  0.29047813222828456     
   3.5585585585585591       -1.7726981753960569E-003  0.28882744560327378     
   3.5685685685685691       -2.0619618943267162E-003  0.28697374881028409     
   3.5785785785785791       -2.5733800393447238E-003  0.28479271804869416     
   3.5885885885885891       -3.5920667547821392E-003  0.28206198755001755     
   3.5985985985985991       -6.0244200778904614E-003  0.27844229665249476     
   3.6086086086086091       -1.3222308764023737E-002  0.27473892731458793     
   3.6186186186186191       -2.5278083341721956E-002  0.28501640910468201     
   3.6286286286286291       -1.3832202725260799E-002  0.29549352020726388     
   3.6386386386386391       -7.0959536441216210E-003  0.29125658044412306     
   3.6486486486486491       -5.7684281458048707E-003  0.28647990712967214     
   3.6586586586586591       -7.7036479802379283E-003  0.28201573687544579     
   3.6686686686686691       -1.4558150041553908E-002  0.28180267121811858     
   3.6786786786786791       -1.2923186324503639E-002  0.28829841193344530     
   3.6886886886886892       -1.1893016587132208E-002  0.28597993260737142     
   3.6986986986986992       -1.3824821422964814E-002  0.29117590652673381     
   3.7087087087087092       -6.7967626224793394E-003  0.29250863058964144     
   3.7187187187187192       -3.6354438088387129E-003  0.28945675251818043     
   3.7287287287287292       -2.4580997501717299E-003  0.28689912964713637     
   3.7387387387387392       -1.9077576048591447E-003  0.28487743306313418     
   3.7487487487487492       -1.6032204883287863E-003  0.28318999731349337     
   3.7587587587587592       -1.4147537190280345E-003  0.28171480473964300     
   3.7687687687687692       -1.2893396628776803E-003  0.28038183810145600     
   3.7787787787787792       -1.2033300783893190E-003  0.27914868064334181     
   3.7887887887887892       -1.1499300350531004E-003  0.27799028402169829     
   3.7987987987987992       -1.1224425390941931E-003  0.27691627856566348     
   3.8088088088088092       -1.0607799805529871E-003  0.27588742182554599     
   3.8188188188188192       -1.0203976282536623E-003  0.27486431439410719     
   3.8288288288288292       -1.0109376767008331E-003  0.27387082250743805     
   3.8388388388388393       -1.0308689432761142E-003  0.27295021719953333     
   3.8488488488488493       -9.7069557419161292E-004  0.27206552005798229     
   3.8588588588588593       -9.2516336885892930E-004  0.27114276950747529     
   3.8688688688688693       -9.0198957080730991E-004  0.27023468932610523     
   3.8788788788788793       -8.8903125871564383E-004  0.26934241838766215     
   3.8888888888888893       -8.8788327554245356E-004  0.26846189228221273     
   3.8988988988988993       -9.1543221677957789E-004  0.26760284065277484     
   3.9089089089089093       -9.2387719313319903E-004  0.26682151583092933     
   3.9189189189189193       -8.8188201542684628E-004  0.26599493358075371     
   3.9289289289289293       -8.9355830417077442E-004  0.26517593886851848     
   3.9389389389389393       -8.6361181534677102E-004  0.26440868291311975     
   3.9489489489489493       -8.2352425794038635E-004  0.26359714026652231     
   3.9589589589589593       -8.0564634063644508E-004  0.26278821790082196     
   3.9689689689689693       -7.9587714264114213E-004  0.26198921901468991     
   3.9789789789789793       -7.9176450033769264E-004  0.26119820623131212     
   3.9889889889889893       -7.9790306780083090E-004  0.26041907441944190     
   3.9989989989989994       -7.9309079664478593E-004  0.25966748122794048     
   4.0090090090090094       -7.7389393265858057E-004  0.25890176081805510     
   4.0190190190190194       -7.6493116440909707E-004  0.25813533798865235     
   4.0290290290290294       -7.6132006526326680E-004  0.25737406097971077     
   4.0390390390390394       -7.6462036213739975E-004  0.25662022821492630     
   4.0490490490490494       -7.6247728240052843E-004  0.25588434503289931     
   4.0590590590590594       -7.5008292188353967E-004  0.25514005741662188     
   4.0690690690690694       -7.4428193796484366E-004  0.25439456418993317     
   4.0790790790790794       -7.4134194195057338E-004  0.25365185901542098     
   4.0890890890890894       -7.3996062987677098E-004  0.25291105881584941     
   4.0990990990990994       -7.3999589955830872E-004  0.25217098404685773     
   4.1091091091091094       -7.4181785261601162E-004  0.25143026218414383     
   4.1191191191191194       -7.4654042889690255E-004  0.25068711139673311     
   4.1291291291291294       -7.5756312156040416E-004  0.24993951856043450     
   4.1391391391391394       -7.8284378855099422E-004  0.24919265168411228     
   4.1491491491491495       -8.0854006230975475E-004  0.24845116371878204     
   4.1591591591591595       -8.6327548206151759E-004  0.24772796332367228     
   4.1691691691691695       -8.3604033049545134E-004  0.24702460444057631     
   4.1791791791791795       -8.1834497734885304E-004  0.24623390313622712     
   4.1891891891891895       -8.3421352010933081E-004  0.24541781371974078     
   4.1991991991991995       -8.7103892217106670E-004  0.24457340237654090     
   4.2092092092092095       -9.3290450489278743E-004  0.24368369203604359     
   4.2192192192192195       -1.0362399125193231E-003  0.24272206761500426     
   4.2292292292292295       -1.2208131601852393E-003  0.24164343681139736     
   4.2392392392392395       -1.5923954497955007E-003  0.24036748783230941     
   4.2492492492492495       -2.4917206118523984E-003  0.23877806614146885     
   4.2592592592592595       -5.1469612174070371E-003  0.23727667016574416     
   4.2692692692692695       -8.9362515891016608E-003  0.24066059672959636     
   4.2792792792792795       -5.2158125272765239E-003  0.24379488658113541     
   4.2892892892892895       -2.9095289490995878E-003  0.24201129864005963     
   4.2992992992992995       -2.6220600925713558E-003  0.23996049972741326     
   4.3093093093093096       -3.8760838364984207E-003  0.23829451189110934     
   4.3193193193193196       -5.5694963580017066E-003  0.23900275682079242     
   4.3293293293293296       -5.8986480065664577E-003  0.24051879182808192     
   4.3393393393393396       -4.0593711927331680E-003  0.24120972411624064     
   4.3493493493493496       -2.5814226073296660E-003  0.24085936074642431     
   4.3593593593593596       -1.5410059143532511E-003  0.23963712593142264     
   4.3693693693693696       -1.1375247515845229E-003  0.23847410262514113     
   4.3793793793793796       -9.4969337240801018E-004  0.23748564890759374     
   4.3893893893893896       -8.4559018142396224E-004  0.23661097593157696     
   4.3993993993993996       -7.8159183006585079E-004  0.23580916108904632     
   4.4094094094094096       -7.4161739980185240E-004  0.23505619929434629     
   4.4194194194194196       -7.2421174818716359E-004  0.23434139793256620     
   4.4294294294294296       -7.1263202323292171E-004  0.23368339639701122     
   4.4394394394394396       -6.7172378284664671E-004  0.23302994683274963     
   4.4494494494494496       -6.4726219482765749E-004  0.23237782646077712     
   4.4594594594594597       -6.3184286228839008E-004  0.23174033410213590     
   4.4694694694694697       -6.2139740487280541E-004  0.23111535584464415     
   4.4794794794794797       -6.1697899769941756E-004  0.23050231434852350     
   4.4894894894894897       -6.1142341836977095E-004  0.22990870967333013     
   4.4994994994994997       -5.9714303319733828E-004  0.22931523669189521     
   4.5095095095095097       -5.8866136319636673E-004  0.22872425287832268     
   4.5195195195195197       -5.8382907297077223E-004  0.22813896694961655     
   4.5295295295295297       -5.8356352428779780E-004  0.22755811554339320     
   4.5395395395395397       -5.9518937923768301E-004  0.22698468641554470     
   4.5495495495495497       -6.0574564517945498E-004  0.22644372221164288     
   4.5595595595595597       -5.9799727540965544E-004  0.22589538607610679     
   4.5695695695695697       -5.8416987320923837E-004  0.22536314167585220     
   4.5795795795795797       -5.6129241151060187E-004  0.22481060385792934     
   4.5895895895895897       -5.5092413734092710E-004  0.22425783749918540     
   4.5995995995995997       -5.4497472207136921E-004  0.22371053680860145     
   4.6096096096096097       -5.4101593399488669E-004  0.22316775481452708     
   4.6196196196196198       -5.3907607484268835E-004  0.22262852887783072     
   4.6296296296296298       -5.4178022998527101E-004  0.22209362405808969     
   4.6396396396396398       -5.4528635048077014E-004  0.22157281772300558     
   4.6496496496496498       -5.3977057404345542E-004  0.22105381227953572     
   4.6596596596596598       -5.2930952752788286E-004  0.22053494393548240     
   4.6696696696696698       -5.2193626789520534E-004  0.22001244118620439     
   4.6796796796796798       -5.1762744242479319E-004  0.21949294707132502     
   4.6896896896896898       -5.1436607999798712E-004  0.21897672339256710     
   4.6996996996996998       -5.1158163123368391E-004  0.21846338841767463     
   4.7097097097097098       -5.0909236140012342E-004  0.21795264694552724     
   4.7197197197197198       -5.0683342484835446E-004  0.21744426601114156     
   4.7297297297297298       -5.0478528891520643E-004  0.21693803809893406     
   4.7397397397397398       -5.0295234506194211E-004  0.21643375856351191     
   4.7497497497497498       -5.0135890924034494E-004  0.21593120960061488     
   4.7597597597597598       -5.0006046435022654E-004  0.21543014684521167     
   4.7697697697697699       -4.9919939713836405E-004  0.21493031577944186     
   4.7797797797797799       -4.9893234576873678E-004  0.21443180821501814     
   4.7897897897897899       -4.9831975432704993E-004  0.21393404569486882     
   4.7997997997997999       -4.9833501875757040E-004  0.21343575135555148     
   4.8098098098098099       -4.9929301667326221E-004  0.21293685097794265     
   4.8198198198198199       -5.0132786788043937E-004  0.21243655648321219     
   4.8298298298298299       -5.0482083037732084E-004  0.21193370909427897     
   4.8398398398398399       -5.1045001373700119E-004  0.21142667987035205     
   4.8498498498498499       -5.1947098561585657E-004  0.21091313018073857     
   4.8598598598598599       -5.3435240088819112E-004  0.21039019968595418     
   4.8698698698698699       -5.5605582753059382E-004  0.20985396029990092     
   4.8798798798798799       -5.9178244138898364E-004  0.20929055601673816     
   4.8898898898898899       -6.6081726473004915E-004  0.20868500782629690     
   4.8998998998998999       -8.0971852695786012E-004  0.20800842282161142     
   4.9099099099099099       -1.2011275094206723E-003  0.20723405254892113     
   4.9199199199199199       -2.3362305656568954E-003  0.20678252159621530     
   4.9299299299299300       -2.5703039628781474E-003  0.20804248118392260     
   4.9399399399399400       -1.6784946488459501E-003  0.20762971983530093     
   4.9499499499499500       -2.0346407600128923E-003  0.20710356281766762     
   4.9599599599599600       -1.6949406237162081E-003  0.20762207969195706     
   4.9699699699699700       -9.6048152866614678E-004  0.20706934585159276     
   4.9799799799799800       -7.0068273126638306E-004  0.20637909837641027     
   4.9899899899899900       -5.9419208203486578E-004  0.20576910210815685     
   5.0000000000000000       -5.4025009032048529E-004  0.20521550345488010     
