  -5.0000000000000000       -8.6967419158628120E-004 -0.25739078729135650     
  -4.9899899899899900       -8.7393009510858494E-004 -0.25826308379436930     
  -4.9799799799799800       -8.7896371457934954E-004 -0.25914012232236794     
  -4.9699699699699700       -8.8460822725508839E-004 -0.26002254078762554     
  -4.9599599599599600       -8.9073008828073207E-004 -0.26091085508921386     
  -4.9499499499499500       -8.9728347880474197E-004 -0.26180556552691492     
  -4.9399399399399400       -9.0425549805382937E-004 -0.26270706672272520     
  -4.9299299299299300       -9.1162828376074010E-004 -0.26361575090782219     
  -4.9199199199199199       -9.1940406748274842E-004 -0.26453201272028865     
  -4.9099099099099099       -9.2760052096719570E-004 -0.26545625826738167     
  -4.8998998998998999       -9.3624996941416201E-004 -0.26638891847776108     
  -4.8898898898898899       -9.4540098185261527E-004 -0.26733046370269509     
  -4.8798798798798799       -9.5512193654066974E-004 -0.26828142087059681     
  -4.8698698698698699       -9.6550702519989067E-004 -0.26924239510508324     
  -4.8598598598598599       -9.7668583708970715E-004 -0.27021409847977468     
  -4.8498498498498499       -9.8883871992617241E-004 -0.27119738997803522     
  -4.8398398398398399       -1.0022222244924438E-003 -0.27219333325913081     
  -4.8298298298298299       -1.0172138693135908E-003 -0.27320328348667666     
  -4.8198198198198199       -1.0343993674884508E-003 -0.27422902270543192     
  -4.8098098098098099       -1.0547754828091616E-003 -0.27527296958498465     
  -4.7997997997997999       -1.0803504973971394E-003 -0.27633834578459132     
  -4.7897897897897899       -1.1146420119163528E-003 -0.27742716149313534     
  -4.7797797797797799       -1.1534965714258686E-003 -0.27854582026014707     
  -4.7697697697697699       -1.2105241931717270E-003 -0.27971493433552824     
  -4.7597597597597598       -1.3084587806336488E-003 -0.28094935638209179     
  -4.7497497497497498       -1.5033888121465011E-003 -0.28227675758892967     
  -4.7397397397397398       -1.9316889365836229E-003 -0.28366329465735868     
  -4.7297297297297298       -2.8208352646246718E-003 -0.28504886746637303     
  -4.7197197197197198       -4.3132290848583452E-003 -0.28482827380839137     
  -4.7097097097097098       -3.0804322273723424E-003 -0.28481657181114489     
  -4.6996996996996998       -2.9526688137405722E-003 -0.28644803331714352     
  -4.6896896896896898       -3.2853423576189346E-003 -0.28695026071767971     
  -4.6796796796796798       -2.8919509657056369E-003 -0.28815869536516192     
  -4.6696696696696698       -3.1885706054513101E-003 -0.28888857354423386     
  -4.6596596596596598       -2.5956564669142898E-003 -0.29006321250399564     
  -4.6496496496496498       -3.0749177894011837E-003 -0.29154715681327853     
  -4.6396396396396398       -3.0002437351611534E-003 -0.29174111867475883     
  -4.6296296296296298       -2.2019330599230870E-003 -0.29322584388297229     
  -4.6196196196196198       -2.1013542166203967E-003 -0.29511574342698360     
  -4.6096096096096097       -2.4748239211163968E-003 -0.29714397975011519     
  -4.5995995995995997       -3.7854111401800236E-003 -0.29934703509746341     
  -4.5895895895895897       -7.2570730068548589E-003 -0.29971081918301157     
  -4.5795795795795797       -6.5365835208933227E-003 -0.29634113378763111     
  -4.5695695695695697       -4.1099875044641500E-003 -0.29778521259247137     
  -4.5595595595595597       -4.5425114626309500E-003 -0.29946223811904388     
  -4.5495495495495497       -3.8389630393611852E-003 -0.29912302195741974     
  -4.5395395395395397       -2.4842124258477325E-003 -0.30065959983128487     
  -4.5295295295295297       -1.9368433359531563E-003 -0.30248100586860310     
  -4.5195195195195197       -1.7468371759048107E-003 -0.30421199990139364     
  -4.5095095095095097       -1.7517101038357101E-003 -0.30585655828282904     
  -4.4994994994994997       -2.0016562580258031E-003 -0.30729544690063365     
  -4.4894894894894897       -1.8999613772835483E-003 -0.30833485437723618     
  -4.4794794794794797       -1.6470897447232377E-003 -0.30980955233840457     
  -4.4694694694694697       -1.6037953296315155E-003 -0.31135368427099996     
  -4.4594594594594597       -1.6856365582477984E-003 -0.31282949055632742     
  -4.4494494494494496       -1.6830888562232300E-003 -0.31424054376585031     
  -4.4394394394394396       -1.7672365772394888E-003 -0.31581284300822959     
  -4.4294294294294296       -2.2122211574932041E-003 -0.31731087247210832     
  -4.4194194194194196       -2.5061567585472531E-003 -0.31792847694054166     
  -4.4094094094094096       -1.8884440287140335E-003 -0.31912889523807048     
  -4.3993993993993996       -1.6472863622146840E-003 -0.32072306050654525     
  -4.3893893893893896       -1.5692731615714064E-003 -0.32229314671660164     
  -4.3793793793793796       -1.5417685386233653E-003 -0.32383714438058209     
  -4.3693693693693696       -1.5338332897330915E-003 -0.32537094092951385     
  -4.3593593593593596       -1.5351119590887650E-003 -0.32690413977210137     
  -4.3493493493493496       -1.5414263644807414E-003 -0.32844231934381080     
  -4.3393393393393396       -1.5508364536598134E-003 -0.32998894661835715     
  -4.3293293293293296       -1.5623418790527176E-003 -0.33154635210760175     
  -4.3193193193193196       -1.5753846762069394E-003 -0.33311622217662717     
  -4.3093093093093096       -1.5896350622825026E-003 -0.33469986008217317     
  -4.2992992992992995       -1.6048902059212073E-003 -0.33629833252401042     
  -4.2892892892892895       -1.6210227035312003E-003 -0.33791255665945069     
  -4.2792792792792795       -1.6379527628716992E-003 -0.33954335464132052     
  -4.2692692692692695       -1.6556324997465011E-003 -0.34119148970818963     
  -4.2592592592592595       -1.6740368199476890E-003 -0.34285769148426770     
  -4.2492492492492495       -1.6931581071259953E-003 -0.34454267489429879     
  -4.2392392392392395       -1.7130032670357746E-003 -0.34624715538077644     
  -4.2292292292292295       -1.7335923655631034E-003 -0.34797186218805248     
  -4.2192192192192195       -1.7549584822809457E-003 -0.34971755099416424     
  -4.2092092092092095       -1.7771486437725274E-003 -0.35148501695314860     
  -4.1991991991991995       -1.8002258863941958E-003 -0.35327510917911137     
  -4.1891891891891895       -1.8242726813716959E-003 -0.35508874783551947     
  -4.1791791791791795       -1.8493961862626092E-003 -0.35692694530952479     
  -4.1691691691691695       -1.8757361322495577E-003 -0.35879083352078994     
  -4.1591591591591595       -1.9034767285599616E-003 -0.36068170037865011     
  -4.1491491491491495       -1.9328649784519324E-003 -0.36260104003054072     
  -4.1391391391391394       -1.9642397012017187E-003 -0.36455062435504471     
  -4.1291291291291294       -1.9980793299664082E-003 -0.36653260816681349     
  -4.1191191191191194       -2.0350845667410551E-003 -0.36854968992134562     
  -4.1091091091091094       -2.0763303686109993E-003 -0.37060536785575038     
  -4.0990990990990994       -2.1235683096988258E-003 -0.37270436846633676     
  -4.0890890890890894       -2.1798939871622443E-003 -0.37485340103587844     
  -4.0790790790790794       -2.2514446870043467E-003 -0.37706253031343473     
  -4.0690690690690694       -2.3526227664501043E-003 -0.37934731247938946     
  -4.0590590590590594       -2.5240328996190718E-003 -0.38172432154727370     
  -4.0490490490490494       -2.8245186151977580E-003 -0.38415529025417311     
  -4.0390390390390394       -3.2540879512741880E-003 -0.38660396910240297     
  -4.0290290290290294       -4.0699878177294464E-003 -0.38924999926691273     
  -4.0190190190190194       -5.7223572359407730E-003 -0.39041100166241921     
  -4.0090090090090094       -4.4751422813757930E-003 -0.39125745471413859     
  -3.9989989989989989       -3.6281181837522413E-003 -0.39430558745886823     
  -3.9889889889889889       -3.6406499607882230E-003 -0.39766271389094449     
  -3.9789789789789789       -4.2197401296076922E-003 -0.40128123936559851     
  -3.9689689689689689       -5.8807262276961971E-003 -0.40529485680970312     
  -3.9589589589589589       -9.8996230043577136E-003 -0.40883029059577836     
  -3.9489489489489489       -1.7047652855708521E-002 -0.40635920038445622     
  -3.9389389389389389       -1.1930654292456742E-002 -0.40004703256806456     
  -3.9289289289289289       -7.1599185647950340E-003 -0.40408529636439905     
  -3.9189189189189189       -7.2057550434736382E-003 -0.40840199843225405     
  -3.9089089089089089       -7.4827138167019641E-003 -0.40888523953998157     
  -3.8988988988988988       -4.8878505096837960E-003 -0.41146874441715281     
  -3.8888888888888888       -3.8818017955447475E-003 -0.41520353514678648     
  -3.8788788788788788       -3.5378100443829428E-003 -0.41874657313507563     
  -3.8688688688688688       -3.4413334386239271E-003 -0.42216193509805816     
  -3.8588588588588588       -3.5055869119221209E-003 -0.42556129433136630     
  -3.8488488488488488       -3.7863635659249498E-003 -0.42903712430802488     
  -3.8388388388388388       -4.6379074646013211E-003 -0.43257867215617829     
  -3.8288288288288288       -6.1631491272913352E-003 -0.43501987453171048     
  -3.8188188188188188       -7.1175592810096815E-003 -0.43659669186197686     
  -3.8088088088088088       -5.7205272295441575E-003 -0.43762304834318944     
  -3.7987987987987988       -4.5007136029430331E-003 -0.44114591270573444     
  -3.7887887887887888       -4.2948400889964043E-003 -0.44446828983361081     
  -3.7787787787787788       -3.9120410910963343E-003 -0.44772149573083669     
  -3.7687687687687688       -3.6358362375808868E-003 -0.45120321307329853     
  -3.7587587587587588       -3.5438568921708491E-003 -0.45473179575271244     
  -3.7487487487487487       -3.5283555553983722E-003 -0.45825077991847557     
  -3.7387387387387387       -3.5445856825616793E-003 -0.46178136517806712     
  -3.7287287287287287       -3.5773889192297526E-003 -0.46534055432253529     
  -3.7187187187187187       -3.6204543072213512E-003 -0.46893953818009942     
  -3.7087087087087087       -3.6707140690987370E-003 -0.47258616450408869     
  -3.6986986986986987       -3.7265182743132100E-003 -0.47628639504620096     
  -3.6886886886886887       -3.7869214767350346E-003 -0.48004509073726037     
  -3.6786786786786787       -3.8513634636731979E-003 -0.48386645214817731     
  -3.6686686686686687       -3.9195112898916954E-003 -0.48775428075455368     
  -3.6586586586586587       -3.9911749471605081E-003 -0.49171214265255125     
  -3.6486486486486487       -4.0662596480886843E-003 -0.49574347665591584     
  -3.6386386386386387       -4.1447376140541729E-003 -0.49985166940541081     
  -3.6286286286286287       -4.2266308717900988E-003 -0.50404011031065232     
  -3.6186186186186187       -4.3120005903703618E-003 -0.50831223392449765     
  -3.6086086086086087       -4.4009404983802736E-003 -0.51267155445926971     
  -3.5985985985985987       -4.4935729798665372E-003 -0.51712169549977705     
  -3.5885885885885886       -4.5900470355885519E-003 -0.52166641700071981     
  -3.5785785785785786       -4.6905376405335141E-003 -0.52630964108822464     
  -3.5685685685685686       -4.7952462440362317E-003 -0.53105547786276219     
  -3.5585585585585586       -4.9044023063644160E-003 -0.53590825224074246     
  -3.5485485485485486       -5.0182658808508324E-003 -0.54087253283162007     
  -3.5385385385385386       -5.1371313572177524E-003 -0.54595316390929260     
  -3.5285285285285286       -5.2613325991494363E-003 -0.55115530170238969     
  -3.5185185185185186       -5.3912498583926233E-003 -0.55648445651740741     
  -3.5085085085085086       -5.5273190569791793E-003 -0.56194654266296729     
  -3.4984984984984986       -5.6700443426423849E-003 -0.56754793883546584     
  -3.4884884884884886       -5.8200153150331189E-003 -0.57329556268021531     
  -3.4784784784784786       -5.9779311272307682E-003 -0.57919696486838190     
  -3.4684684684684686       -6.1446350468150595E-003 -0.58526045059759102     
  -3.4584584584584586       -6.3211655388469689E-003 -0.59149524059890823     
  -3.4484484484484486       -6.5088346591295546E-003 -0.59791169077218853     
  -3.4384384384384385       -6.7093542761542347E-003 -0.60452160195866311     
  -3.4284284284284285       -6.9250527829217189E-003 -0.61133867421051014     
  -3.4184184184184185       -7.1592824944873125E-003 -0.61837920373815436     
  -3.4084084084084085       -7.4172957556725358E-003 -0.62566320138528531     
  -3.3983983983983985       -7.7085470708588427E-003 -0.63321616303588901     
  -3.3883883883883881       -8.0543740865979332E-003 -0.64107002179056727     
  -3.3783783783783781       -8.5019072487515779E-003 -0.64923669378182258     
  -3.3683683683683681       -9.0174225442472382E-003 -0.65769855602313632     
  -3.3583583583583581       -9.5837055715854453E-003 -0.66661209560049017     
  -3.3483483483483480       -1.0362884858208450E-002 -0.67620991367041072     
  -3.3383383383383380       -1.1892078853892154E-002 -0.68648296771602313     
  -3.3283283283283280       -1.4272256358693274E-002 -0.69713494268162612     
  -3.3183183183183180       -1.7884550220502497E-002 -0.70851655964587235     
  -3.3083083083083080       -2.7901294464286776E-002 -0.72049019911727985     
  -3.2982982982982980       -3.8841431432799271E-002 -0.71278826069622592     
  -3.2882882882882880       -2.5544455973531489E-002 -0.71525606989329071     
  -3.2782782782782780       -2.1689474391467695E-002 -0.72677175734697463     
  -3.2682682682682680       -1.7258512540769440E-002 -0.73892746010982358     
  -3.2582582582582580       -1.5714380225939212E-002 -0.75376986842991334     
  -3.2482482482482480       -1.6133364675745939E-002 -0.76900891660336890     
  -3.2382382382382380       -1.8294985643369909E-002 -0.78514083150881886     
  -3.2282282282282280       -2.4609568923917441E-002 -0.80239497853527253     
  -3.2182182182182180       -4.0781630307790605E-002 -0.81112731440924946     
  -3.2082082082082080       -3.4988860790891529E-002 -0.80406302147692654     
  -3.1981981981981980       -2.3620021043388173E-002 -0.82001754968452378     
  -3.1881881881881879       -2.0256284150876585E-002 -0.83923941390302736     
  -3.1781781781781779       -1.9633797982261430E-002 -0.85842567276583448     
  -3.1681681681681679       -2.0225976936097942E-002 -0.87791935473822047     
  -3.1581581581581579       -2.2025957352304604E-002 -0.89818567635060453     
  -3.1481481481481479       -2.6330109895538956E-002 -0.91811757192023435     
  -3.1381381381381379       -2.8426918788739632E-002 -0.93440169782290206     
  -3.1281281281281279       -2.7070433790567748E-002 -0.95428429071348642     
  -3.1181181181181179       -2.6194609962097323E-002 -0.97835341414598631     
  -3.1081081081081079       -2.7064019812941306E-002  -1.0044260746847586     
  -3.0980980980980979       -2.8729836602714963E-002  -1.0320942286594257     
  -3.0880880880880879       -3.0912345426880043E-002  -1.0617399841172452     
  -3.0780780780780779       -3.3593254105033311E-002  -1.0938039335298713     
  -3.0680680680680679       -3.6855518588102973E-002  -1.1287919155090551     
  -3.0580580580580579       -4.0860419978900483E-002  -1.1673306670917603     
  -3.0480480480480479       -4.5871732053773935E-002  -1.2102413503871052     
  -3.0380380380380378       -5.2323635320767635E-002  -1.2586517275082489     
  -3.0280280280280278       -6.0973366160334788E-002  -1.3141870118283492     
  -3.0180180180180178       -7.3270239554499614E-002  -1.3793182520831291     
  -3.0080080080080078       -9.2389886532773774E-002  -1.4580081956910147     
  -2.9979979979979978      -0.12675786139995474       -1.5565166541058162     
  -2.9879879879879878      -0.20267223315776819       -1.6772191684050788     
  -2.9779779779779778      -0.35014410122591838       -1.7665719152454682     
  -2.9679679679679678      -0.50098144903137476       -1.7844552965524234     
  -2.9579579579579578      -0.62601358954584962       -1.7718833323546499     
  -2.9479479479479478      -0.73188448681364182       -1.7474679211516801     
  -2.9379379379379378      -0.82433465207071399       -1.7172135714117909     
  -2.9279279279279278      -0.90687665946284890       -1.6835321807642809     
  -2.9179179179179178      -0.98173381737088194       -1.6475788720164017     
  -2.9079079079079078       -1.0503948502000680       -1.6099776562832602     
  -2.8978978978978978       -1.1139064493911717       -1.5710951208695947     
  -2.8878878878878878       -1.1730340370730334       -1.5311597762969382     
  -2.8778778778778777       -1.2283552160602502       -1.4903200670986523     
  -2.8678678678678677       -1.2803169805383294       -1.4486750167028595     
  -2.8578578578578577       -1.3292723388690182       -1.4062915062367640     
  -2.8478478478478477       -1.3755046606989065       -1.3632145314596369     
  -2.8378378378378377       -1.4192443886208774       -1.3194735398338160     
  -2.8278278278278277       -1.4606808221483916       -1.2750864603065386     
  -2.8178178178178177       -1.4999706161174475       -1.2300623055180060     
  -2.8078078078078077       -1.5372440225654320       -1.1844028426667681     
  -2.7977977977977977       -1.5726095382418646       -1.1381036156038966     
  -2.7877877877877877       -1.6061573913112615       -1.0911544717457868     
  -2.7777777777777777       -1.6379621510329327       -1.0435396588559369     
  -2.7677677677677677       -1.6680846375919107      -0.99523748157507874     
  -2.7577577577577577       -1.6965732201881645      -0.94621942305444606     
  -2.7477477477477477       -1.7234644931698768      -0.89644851416844851     
  -2.7377377377377377       -1.7487831682440362      -0.84587652266970148     
  -2.7277277277277276       -1.7725407335760930      -0.79443911792643507     
  -2.7177177177177176       -1.7947315964770378      -0.74204727274558224     
  -2.7077077077077076       -1.8153232943352775      -0.68857143177992597     
  -2.6976976976976976       -1.8342295222636187      -0.63381116183063291     
  -2.6876876876876876       -1.8512262955700265      -0.57744086082628843     
  -2.6776776776776776       -1.8656297421980232      -0.51904057518292035     
  -2.6676676676676676       -1.8767850242117123      -0.45893682431081861     
  -2.6576576576576576       -1.8829587429836681      -0.39387516542788858     
  -2.6476476476476476       -1.8689664123826775      -0.32689818464410525     
  -2.6376376376376376       -1.8423930074604651      -0.31071236338327685     
  -2.6276276276276276       -1.8855699902574945      -0.28291114331913148     
  -2.6176176176176176       -1.9111695520420611      -0.21645922888199870     
  -2.6076076076076076       -1.9217486102259405      -0.14725212820580144     
  -2.5975975975975976       -1.9247001832099107       -7.7364157597059197E-002
  -2.5875875875875876       -1.9197219012439499       -5.4811648521238170E-003
  -2.5775775775775776       -1.8982400302297417        6.5479374466818660E-002
  -2.5675675675675675       -1.8647597530887010        9.6259349141792752E-002
  -2.5575575575575575       -1.8934302596096899       0.13363593089606138     
  -2.5475475475475475       -1.9036526999987369       0.20973224417296291     
  -2.5375375375375375       -1.8984198162774668       0.28637449287560229     
  -2.5275275275275275       -1.8860865161631246       0.36234709635986007     
  -2.5175175175175175       -1.8687569824939005       0.43829854357176123     
  -2.5075075075075075       -1.8469555516056002       0.51491083385167491     
  -2.4974974974974975       -1.8205640020252858       0.59260951614318258     
  -2.4874874874874875       -1.7891845781389961       0.67159481316884240     
  -2.4774774774774775       -1.7524921565067100       0.75199200401144839     
  -2.4674674674674675       -1.7096771992221116       0.83420139933850146     
  -2.4574574574574575       -1.6596852374471107       0.91815199867280572     
  -2.4474474474474475       -1.6013871840910510        1.0037487960548483     
  -2.4374374374374375       -1.5333003294403218        1.0908543424273407     
  -2.4274274274274275       -1.4534258357928636        1.1791459032174536     
  -2.4174174174174174       -1.3590209837793341        1.2679541342822143     
  -2.4074074074074074       -1.2461772861795188        1.3559278254926492     
  -2.3973973973973974       -1.1090443139943367        1.4402146558847024     
  -2.3873873873873874      -0.93841080217654083        1.5141214302993231     
  -2.3773773773773774      -0.72024674249136222        1.5589631817067224     
  -2.3673673673673674      -0.45395607983174036        1.5170569879120714     
  -2.3573573573573574      -0.25310532748775993        1.3474600556018497     
  -2.3473473473473474      -0.16548592124179529        1.1776857766216777     
  -2.3373373373373374      -0.12316035314479101        1.0451746832637165     
  -2.3273273273273274       -9.8498198840399079E-002  0.93929006514380120     
  -2.3173173173173174       -8.2324847935594608E-002  0.85140704682317514     
  -2.3073073073073074       -7.0891302111861274E-002  0.77626379502334919     
  -2.2972972972972974       -6.2387921418822594E-002  0.71054707481439072     
  -2.2872872872872874       -5.5832110327405551E-002  0.65205442353660814     
  -2.2772772772772774       -5.0642854870142362E-002  0.59924886720141879     
  -2.2672672672672673       -4.6453915208587611E-002  0.55101339874052857     
  -2.2572572572572573       -4.3022771445203140E-002  0.50650821564366244     
  -2.2472472472472473       -4.0182495062971973E-002  0.46508343957296594     
  -2.2372372372372373       -3.7814618379169572E-002  0.42622334836401443     
  -2.2272272272272273       -3.5833023568411823E-002  0.38950934472521137     
  -2.2172172172172173       -3.4173959523174001E-002  0.35459451645100054     
  -2.2072072072072073       -3.2789636940826115E-002  0.32118561358829656     
  -2.1971971971971973       -3.1644003190790262E-002  0.28902990587236438     
  -2.1871871871871873       -3.0709896549237763E-002  0.25790532273857114     
  -2.1771771771771773       -2.9967105387311798E-002  0.22761283488603723     
  -2.1671671671671673       -2.9401043481263617E-002  0.19797037550982505     
  -2.1571571571571573       -2.9001862759582116E-002  0.16880780991418581     
  -2.1471471471471473       -2.8763893181034724E-002  0.13996259378348086     
  -2.1371371371371373       -2.8685344355878953E-002  0.11127584100694783     
  -2.1271271271271273       -2.8768235529799326E-002   8.2588567519611356E-002
  -2.1171171171171173       -2.9018546286477633E-002   5.3737896604627487E-002
  -2.1071071071071072       -2.9446604662327645E-002   2.4553006923266788E-002
  -2.0970970970970972       -3.0067756863332622E-002  -5.1494235264182694E-003
  -2.0870870870870872       -3.0903399136821851E-002  -3.5570581371510882E-002
  -2.0770770770770772       -3.1982506962245791E-002  -6.6936090506434134E-002
  -2.0670670670670672       -3.3343889782616605E-002  -9.9504349475940654E-002
  -2.0570570570570572       -3.5039588856587318E-002 -0.13357741197158193     
  -2.0470470470470472       -3.7140102639644221E-002 -0.16951519294285253     
  -2.0370370370370372       -3.9739986117123580E-002 -0.20775498804920600     
  -2.0270270270270272       -4.2973589417549592E-002 -0.24884713173916612     
  -2.0170170170170172       -4.7048298465207319E-002 -0.29348323541149418     
  -2.0070070070070072       -5.2285386514852275E-002 -0.34252724618922364     
  -1.9969969969969972       -5.8992254622029505E-002 -0.39693640044829709     
  -1.9869869869869872       -6.7502524761214808E-002 -0.45880535531861077     
  -1.9769769769769772       -7.9372696865293885E-002 -0.53053142296855493     
  -1.9669669669669672       -9.6657875254638828E-002 -0.61555771596484599     
  -1.9569569569569571      -0.12400640125933782      -0.71904875113585809     
  -1.9469469469469471      -0.16889464887424935      -0.84572129747890645     
  -1.9369369369369371      -0.24707690875961977       -1.0156852207119886     
  -1.9269269269269271      -0.43863238399477805       -1.2269091570433390     
  -1.9169169169169171      -0.79015693262648845       -1.3188623853324402     
  -1.9069069069069071       -1.1079248596777467       -1.2305640980211214     
  -1.8968968968968971       -1.3383329924432281       -1.0766967790877608     
  -1.8868868868868871       -1.5051208024739668      -0.90327894387179930     
  -1.8768768768768771       -1.6261372758484303      -0.72502404080301608     
  -1.8668668668668671       -1.7126362248887845      -0.54740121268016206     
  -1.8568568568568571       -1.7718064690382593      -0.37255526129744049     
  -1.8468468468468471       -1.8083575537532970      -0.20125670260218403     
  -1.8368368368368371       -1.8254016237968809       -3.3678592320195717E-002
  -1.8268268268268271       -1.8249477399937315       0.13026839276169799     
  -1.8168168168168171       -1.8081894760370667       0.29076982394874978     
  -1.8068068068068071       -1.7756315981160871       0.44804271201895990     
  -1.7967967967967970       -1.7271343660709628       0.60221479788468957     
  -1.7867867867867866       -1.6619114088600964       0.75327433416315226     
  -1.7767767767767766       -1.5783871029356329       0.90095271331732629     
  -1.7667667667667666       -1.4739288807513320        1.0445010875172713     
  -1.7567567567567566       -1.3443283006394464        1.1822121801250396     
  -1.7467467467467466       -1.1828063439704948        1.3102195106221328     
  -1.7367367367367366      -0.97823681774903992        1.4188929890757964     
  -1.7267267267267266      -0.71487701757020494        1.4797014461342439     
  -1.7167167167167166      -0.41521497396250945        1.4131768974005108     
  -1.7067067067067065      -0.23013355390577120        1.2292893969183709     
  -1.6966966966966965      -0.15158130713488660        1.0694990947589955     
  -1.6866866866866865      -0.11198539748204767       0.94801560172323618     
  -1.6766766766766765       -8.8419266847968914E-002  0.85239131613777630     
  -1.6666666666666665       -7.2866575841435660E-002  0.77417019461073644     
  -1.6566566566566565       -6.1891313053300229E-002  0.70822270418146971     
  -1.6466466466466465       -5.3781023149235690E-002  0.65129954423488345     
  -1.6366366366366365       -4.7586246496828528E-002  0.60123140361641547     
  -1.6266266266266265       -4.2738004068014347E-002  0.55650212018988521     
  -1.6166166166166165       -3.8874767928132409E-002  0.51601054536093072     
  -1.6066066066066065       -3.5756224692721029E-002  0.47893050336499354     
  -1.5965965965965965       -3.3216924547761796E-002  0.44462435919882198     
  -1.5865865865865865       -3.1139826467432248E-002  0.41258735701234439     
  -1.5765765765765765       -2.9440451528455910E-002  0.38241040314932279     
  -1.5665665665665665       -2.8057014808765077E-002  0.35375432036300147     
  -1.5565565565565564       -2.6944091480163860E-002  0.32633145458134327     
  -1.5465465465465464       -2.6068463952699739E-002  0.29989210331554023     
  -1.5365365365365364       -2.5406372284764465E-002  0.27421414977523084     
  -1.5265265265265264       -2.4941708796808772E-002  0.24909482875565522     
  -1.5165165165165164       -2.4664883367708959E-002  0.22434387642402265     
  -1.5065065065065064       -2.4572200410628218E-002  0.19977751088577528     
  -1.4964964964964964       -2.4665665283554367E-002  0.17521279991073618     
  -1.4864864864864864       -2.4953196282695819E-002  0.15046202056074787     
  -1.4764764764764764       -2.5449271509754533E-002  0.12532661290958672     
  -1.4664664664664664       -2.6176099130616741E-002   9.9590276181881557E-002
  -1.4564564564564564       -2.7165478041546936E-002   7.3010639385936688E-002
  -1.4464464464464464       -2.8461633209939476E-002   4.5308734781532044E-002
  -1.4364364364364364       -3.0125499113945464E-002   1.6155164131379331E-002
  -1.4264264264264264       -3.2241246981850005E-002  -1.4848711051614861E-002
  -1.4164164164164164       -3.4926426743916175E-002  -4.8197160199901903E-002
  -1.4064064064064064       -3.8348170691821636E-002  -8.4518269163388934E-002
  -1.3963963963963963       -4.2750030484967720E-002 -0.12463098548454726     
  -1.3863863863863863       -4.8498492584977418E-002 -0.16963323149250681     
  -1.3763763763763763       -5.6166959992446322E-002 -0.22104211406014262     
  -1.3663663663663663       -6.6694246910337582E-002 -0.28103733633765965     
  -1.3563563563563563       -8.1746172183099999E-002 -0.35288406579767506     
  -1.3463463463463463      -0.10452092290782386      -0.44170992841446427     
  -1.3363363363363363      -0.14197814702406344      -0.55600953238461570     
  -1.3263263263263263      -0.21207595218650310      -0.70997948420324353     
  -1.3163163163163163      -0.37132617002082141      -0.91732680657423094     
  -1.3063063063063063      -0.73752705538612218       -1.0737359027420679     
  -1.2962962962962963       -1.1535228597839053      -0.96398291014613280     
  -1.2862862862862863       -1.4332659275841255      -0.71734415115697070     
  -1.2762762762762763       -1.5993624421520989      -0.43925662022049439     
  -1.2662662662662663       -1.6851943588693152      -0.16113413746291624     
  -1.2562562562562563       -1.7107979731040939       0.10721754126743722     
  -1.2462462462462462       -1.6877985222555794       0.36228879270897946     
  -1.2362362362362362       -1.6223970562731622       0.60269799202494023     
  -1.2262262262262262       -1.5166787638448658       0.82729045727846828     
  -1.2162162162162162       -1.3688107468084969        1.0336012822903951     
  -1.2062062062062062       -1.1721765449308055        1.2152996919079999     
  -1.1961961961961962      -0.91367689283426612        1.3541903230324701     
  -1.1861861861861862      -0.58631774785938751        1.3917164534345754     
  -1.1761761761761762      -0.30507378113221489        1.2510813109657475     
  -1.1661661661661662      -0.17834611319303023        1.0756671513472176     
  -1.1561561561561562      -0.12132432310327235       0.94396120457795041     
  -1.1461461461461462       -9.0172063189493015E-002  0.84533076066804835     
  -1.1361361361361362       -7.0803144119068545E-002  0.76831751834450634     
  -1.1261261261261262       -5.7719290784119540E-002  0.70599496902790826     
  -1.1161161161161162       -4.8364330325697605E-002  0.65413555372505294     
  -1.1061061061061062       -4.1393659569487019E-002  0.61002463944107921     
  -1.0960960960960962       -3.6034202425596705E-002  0.57183360830098617     
  -1.0860860860860861       -3.1810903528359240E-002  0.53828015042557220     
  -1.0760760760760761       -2.8416414120182042E-002  0.50843460402461438     
  -1.0660660660660661       -2.5643568131592600E-002  0.48160395552309432     
  -1.0560560560560561       -2.3347991924702660E-002  0.45725926408708989     
  -1.0460460460460461       -2.1426256798672164E-002  0.43498851883210415     
  -1.0360360360360361       -1.9802534391880598E-002  0.41446501080600501     
  -1.0260260260260261       -1.8420137070707669E-002  0.39542551055165359     
  -1.0160160160160161       -1.7235983348279544E-002  0.37765483625092455     
  -1.0060060060060061       -1.6216878062758847E-002  0.36097469941390264     
 -0.99599599599599564       -1.5336953845845980E-002  0.34523548086731043     
 -0.98598598598598564       -1.4575876351464867E-002  0.33031005471617347     
 -0.97597597597597563       -1.3917564388729034E-002  0.31608906821438820     
 -0.96596596596596562       -1.3349265280554664E-002  0.30247727119789064     
 -0.95595595595595562       -1.2860880834210661E-002  0.28939061010351680     
 -0.94594594594594561       -1.2444474246655735E-002  0.27675388231228693     
 -0.93593593593593560       -1.2093911035867815E-002  0.26449880092843908     
 -0.92592592592592560       -1.1804602363641524E-002  0.25256235695122015     
 -0.91591591591591559       -1.1573329729062453E-002  0.24088539061858907     
 -0.90590590590590558       -1.1398137748683670E-002  0.22941129994127651     
 -0.89589589589589558       -1.1278287782917291E-002  0.21808482420178918     
 -0.88588588588588557       -1.1214270372288988E-002  0.20685084463667752     
 -0.87587587587587556       -1.1207879514908963E-002  0.19565314410677609     
 -0.86586586586586556       -1.1262357438847823E-002  0.18443306210320168     
 -0.85585585585585555       -1.1382625517451637E-002  0.17312797005838776     
 -0.84584584584584555       -1.1575626461372846E-002  0.16166947287308925     
 -0.83583583583583554       -1.1850816585601109E-002  0.14998121281111759     
 -0.82582582582582553       -1.2220867493394750E-002  0.13797610648296457     
 -0.81581581581581553       -1.2702668443360713E-002  0.12555277640776499     
 -0.80580580580580552       -1.3318771727207360E-002  0.11259083218230126     
 -0.79579579579579551       -1.4099507368660197E-002   9.8944490012301031E-002
 -0.78578578578578551       -1.5086135655406450E-002   8.4433754407868850E-002
 -0.77577577577577550       -1.6335654499507246E-002   6.8831953496319778E-002
 -0.76576576576576549       -1.7928328304319681E-002   5.1847694444382079E-002
 -0.75575575575575549       -1.9979851688201881E-002   3.3098051908424617E-002
 -0.74574574574574548       -2.2661729541997001E-002   1.2067558606119355E-002
 -0.73573573573573547       -2.6236919089841566E-002  -1.1956607388436853E-002
 -0.72572572572572547       -3.1125433046449467E-002  -3.9990949354670395E-002
 -0.71571571571571546       -3.8032808699284645E-002  -7.3537678717524910E-002
 -0.70570570570570545       -4.8221724243112260E-002 -0.11491163846332829     
 -0.69569569569569545       -6.4144755875020096E-002 -0.16785758893226546     
 -0.68568568568568544       -9.1112492247826929E-002 -0.23875832413063125     
 -0.67567567567567544      -0.14248270379619624      -0.33887291479104470     
 -0.66566566566566543      -0.25922176918794482      -0.48459351698400233     
 -0.65565565565565542      -0.56969821775925666      -0.63399862964629783     
 -0.64564564564564542       -1.0560981804279430      -0.45415449900166355     
 -0.63563563563563541       -1.2836085101972430        3.4682005581804960E-002
 -0.62562562562562540       -1.1890632889198196       0.54045736485039275     
 -0.61561561561561540      -0.82660130213944782       0.88700800717363837     
 -0.60560560560560539      -0.39764141661825292       0.88687562658886776     
 -0.59559559559559538      -0.19414212008750029       0.72649744083258927     
 -0.58558558558558538      -0.11429482307593528       0.60427275201386299     
 -0.57557557557557537       -7.6191076554801659E-002  0.51999656160770569     
 -0.56556556556556536       -5.5001280002037183E-002  0.45918826138718194     
 -0.55555555555555536       -4.1949982198488382E-002  0.41314512129591446     
 -0.54554554554554535       -3.3314324172659240E-002  0.37688210232580988     
 -0.53553553553553535       -2.7289615827800470E-002  0.34740966386181321     
 -0.52552552552552534       -2.2911396863165283E-002  0.32284041042500633     
 -0.51551551551551533       -1.9624713367578480E-002  0.30192758553285243     
 -0.50550550550550533       -1.7091215374122910E-002  0.28381546626771320     
 -0.49549549549549532       -1.5094773628146632E-002  0.26789743254707166     
 -0.48548548548548531       -1.3491930576166128E-002  0.25373148448328103     
 -0.47547547547547531       -1.2184351914564124E-002  0.24098789540862844     
 -0.46546546546546530       -1.1102761870459721E-002  0.22941562398824478     
 -0.45545545545545529       -1.0197189895755588E-002  0.21882009692979779     
 -0.44544544544544529       -9.4308411394573455E-003  0.20904811592366290     
 -0.43543543543543528       -8.7761272414525419E-003  0.19997736055486048     
 -0.42542542542542527       -8.2120277735481459E-003  0.19150893388229556     
 -0.41541541541541527       -7.7222951351600044E-003  0.18356196931226829     
 -0.40540540540540526       -7.2942078351725011E-003  0.17606966303674920     
 -0.39539539539539525       -6.9176884823469367E-003  0.16897631085472825     
 -0.38538538538538525       -6.5846693102600195E-003  0.16223506461832440     
 -0.37537537537537524       -6.2886288225061249E-003  0.15580621220593202     
 -0.36536536536536524       -6.0242487224579184E-003  0.14965584369869159     
 -0.35535535535535523       -5.7871566906472658E-003  0.14375480610980976     
 -0.34534534534534522       -5.5737312930482161E-003  0.13807787624349876     
 -0.33533533533533522       -5.3809524375340355E-003  0.13260310023242219     
 -0.32532532532532521       -5.2062856215957676E-003  0.12731126170891685     
 -0.31531531531531520       -5.0475915285889909E-003  0.12218545016178596     
 -0.30530530530530520       -4.9030548380181813E-003  0.11721070798223854     
 -0.29529529529529519       -4.7711277442969687E-003  0.11237373979388807     
 -0.28528528528528518       -4.6504848423987834E-003  0.10766267142811203     
 -0.27527527527527518       -4.5399868806795824E-003  0.10306684871738585     
 -0.26526526526526517       -4.4386514975198908E-003   9.8576668394061290E-002
 -0.25525525525525516       -4.3456295156393699E-003   9.4183434982565858E-002
 -0.24524524524524516       -4.2601857123416844E-003   8.9879238788691848E-002
 -0.23523523523523515       -4.1816832486900064E-003   8.5656851012193058E-002
 -0.22522522522522515       -4.1095711502262119E-003   8.1509632703063148E-002
 -0.21521521521521514       -4.0433744055859248E-003   7.7431454791514240E-002
 -0.20520520520520513       -3.9826864039086834E-003   7.3416626773813248E-002
 -0.19519519519519513       -3.9271635840237911E-003   6.9459831842294512E-002
 -0.18518518518518512       -3.8765223379985544E-003   6.5556066302706564E-002
 -0.17517517517517511       -3.8305384268272182E-003   6.1700580998902126E-002
 -0.16516516516516511       -3.7890494711918161E-003   5.7888822105335101E-002
 -0.15515515515515510       -3.7519615513450853E-003   5.4116367942299022E-002
 -0.14514514514514509       -3.7192617249206055E-003   5.0378857218655024E-002
 -0.13513513513513509       -3.6910396108475068E-003   4.6671901951413894E-002
 -0.12512512512512508       -3.6675236080162799E-003   4.2990974584070057E-002
 -0.11511511511511507       -3.6491418880083368E-003   3.9331252256677128E-002
 -0.10510510510510507       -3.6366273475315703E-003   3.5687389268730219E-002
  -9.5095095095095061E-002  -3.6312045790315019E-003   3.2053166394128155E-002
  -8.5085085085085055E-002  -3.6349387552530453E-003   2.8420921892921957E-002
  -7.5075075075075048E-002  -3.6514259321872057E-003   2.4780579348742296E-002
  -6.5065065065065042E-002  -3.6872625881252488E-003   2.1117895257192296E-002
  -5.5055055055055035E-002  -3.7554755492512490E-003   1.7411123513782146E-002
  -4.5045045045045029E-002  -3.8845257560562356E-003   1.3624375971603164E-002
  -3.5035035035035023E-002  -4.1458224395419154E-003   9.6946910624540021E-003
  -2.5025025025025016E-002  -4.7552234687129281E-003   5.5192369305078186E-003
  -1.5015015015015010E-002  -6.4884100517826303E-003   1.1661555330269235E-003
  -5.0050050050050032E-003  -1.0153412443960371E-002  -6.4267633307894963E-004
   5.0050050050050032E-003  -1.0209458186648358E-002   6.3546098491978041E-004
   1.5015015015015010E-002  -6.5344908041721633E-003  -1.0872256906016163E-003
   2.5025025025025016E-002  -4.7704657855751975E-003  -5.4375757855896090E-003
   3.5035035035035023E-002  -4.1518842423944255E-003  -9.6180036527757258E-003
   4.5045045045045029E-002  -3.8873641426586934E-003  -1.3550732129508150E-002
   5.5055055055055035E-002  -3.7569200096702641E-003  -1.7339156053258042E-002
   6.5065065065065042E-002  -3.6879988196982594E-003  -2.1046831124052486E-002
   7.5075075075075048E-002  -3.6517533717807102E-003  -2.4709960737048311E-002
   8.5085085085085055E-002  -3.6350037220767165E-003  -2.8350455419347661E-002
   9.5095095095095061E-002  -3.6310847598408223E-003  -3.1982648219659245E-002
  0.10510510510510507       -3.6363665632588886E-003  -3.5616666619961275E-002
  0.11511511511511507       -3.6487658988603650E-003  -3.9260202576143627E-002
  0.12512512512512508       -3.6670478918342762E-003  -4.2919493611583683E-002
  0.13513513513513509       -3.6904734444303654E-003  -4.6599896554793324E-002
  0.14514514514514509       -3.7186104396632986E-003  -5.0306240864868075E-002
  0.15515515515515510       -3.7512278327336249E-003  -5.4043057693612138E-002
  0.16516516516516511       -3.7882341314383738E-003  -5.7814736523766730E-002
  0.17517517517517511       -3.8296408737072299E-003  -6.1625638603639829E-002
  0.18518518518518512       -3.8755408609170870E-003  -6.5480184367566391E-002
  0.19519519519519513       -3.9260955253816471E-003  -6.9382925400558765E-002
  0.20520520520520513       -3.9815282551544737E-003  -7.3338607744297679E-002
  0.21521521521521514       -4.0421218511772937E-003  -7.7352231167246183E-002
  0.22522522522522515       -4.1082190732566817E-003  -8.1429107760384339E-002
  0.23523523523523515       -4.1802257061576541E-003  -8.5574922507822379E-002
  0.24524524524524516       -4.2586158843290478E-003  -8.9795798117767708E-002
  0.25525525525525516       -4.3439396301380578E-003  -9.4098366273319606E-002
  0.26526526526526517       -4.4368327307446418E-003  -9.8489847515375414E-002
  0.27527527527527518       -4.5380292311503739E-003 -0.10297814217445588     
  0.28528528528528518       -4.6483769756084708E-003 -0.10757193511897974     
  0.29529529529529519       -4.7688568032608330E-003 -0.11228081759571686     
  0.30530530530530520       -4.9006062132743054E-003 -0.11711543013074062     
  0.31531531531531520       -5.0449485791334943E-003 -0.12208763137992826     
  0.32532532532532521       -5.2034293356139670E-003 -0.12721069903144841     
  0.33533533533533522       -5.3778610183989458E-003 -0.13249957046030908     
  0.34534534534534522       -5.5703796515887069E-003 -0.13797113294610081     
  0.35535535535535523       -5.7835158187041638E-003 -0.14364457607137424     
  0.36536536536536524       -6.0202849146245904E-003 -0.14954182267772692     
  0.37537537537537524       -6.2843027017815013E-003 -0.15568805983882297     
  0.38538538538538525       -6.5799345977861886E-003 -0.16211239824865170     
  0.39539539539539525       -6.9124904294357086E-003 -0.16884869800212782     
  0.40540540540540526       -7.2884812043608575E-003 -0.17593661212636788     
  0.41541541541541527       -7.7159615712566864E-003 -0.18342291815696996     
  0.42542542542542527       -8.2049923379098992E-003 -0.19136323522809387     
  0.43543543543543528       -8.7682737806798333E-003 -0.19982426374006426     
  0.44544544544544529       -9.4220260028031692E-003 -0.20888674332374149     
  0.45545545545545529       -1.0187233268894504E-002 -0.21864941329876478     
  0.46546546546546530       -1.1091435595846367E-002 -0.22923439595789633     
  0.47547547547547531       -1.2171362010362435E-002 -0.24079463709178106     
  0.48548548548548531       -1.3476891541174254E-002 -0.25352438303893798     
  0.49549549549549532       -1.5077169630357646E-002 -0.26767424415521746     
  0.50550550550550533       -1.7070339755973253E-002 -0.28357336721430815     
  0.51551551551551533       -1.9599570832975147E-002 -0.30166295307171681     
  0.52552552552552534       -2.2880538325895441E-002 -0.32254848985735485     
  0.53553553553553535       -2.7250844703876512E-002 -0.34708404367738449     
  0.54554554554554535       -3.3264139907129779E-002 -0.37651385037320617     
  0.55555555555555536       -4.1882439524618675E-002 -0.41272129120723700     
  0.56556556556556536       -5.4905403783064535E-002 -0.45868916908972035     
  0.57557557557557537       -7.6044185494206662E-002 -0.51939060370231649     
  0.58558558558558538      -0.11404206214374971      -0.60350707289793415     
  0.59559559559559538      -0.19361995776830929      -0.72549621973498102     
  0.60560560560560539      -0.39634189813016590      -0.88580005425227171     
  0.61561561561561540      -0.82479748224764038      -0.88706850804495530     
  0.62562562562562540       -1.1879734787344056      -0.54108921176744562     
  0.63563563563563541       -1.2829524199388405       -3.5153684811978447E-002
  0.64564564564564542       -1.0553434952050456       0.45385663334654369     
  0.65565565565565542      -0.56889631421277398       0.63328830230331934     
  0.66566566566566543      -0.25886131240466775       0.48381977501484252     
  0.67567567567567544      -0.14230660582824869       0.33824997655725952     
  0.68568568568568544       -9.1007564913624411E-002  0.23824798339446734     
  0.69569569569569545       -6.4074183424692593E-002  0.16742530898051836     
  0.70570570570570545       -4.8170584873591299E-002  0.11453596139028750     
  0.71571571571571546       -3.7993848589040813E-002   7.3204873556895478E-002
  0.72572572572572547       -3.1094672344803863E-002   3.9691763318196301E-002
  0.73573573573573547       -2.6211972322446889E-002   1.1684511750508775E-002
  0.74574574574574548       -2.2641070248183879E-002  -1.2317347957255663E-002
  0.75575575575575549       -1.9962452938629645E-002  -3.3329149935029459E-002
  0.76576576576576549       -1.7913471367581469E-002  -5.2062902316860615E-002
  0.77577577577577550       -1.6322819970050386E-002  -6.9033487730465831E-002
  0.78578578578578551       -1.5074938084900858E-002  -8.4623400151053463E-002
  0.79579579579579551       -1.4089654248837055E-002  -9.9123706847213625E-002
  0.80580580580580552       -1.3310036787339776E-002 -0.11276082913904269     
  0.81581581581581553       -1.2694873715154707E-002 -0.12571456638837294     
  0.82582582582582553       -1.2213870936616791E-002 -0.13813054654949869     
  0.83583583583583554       -1.1844503348202778E-002 -0.15012903453733564     
  0.84584584584584555       -1.1569902577929170E-002 -0.16181130556567144     
  0.85585585585585555       -1.1377413281172880E-002 -0.17326435876556914     
  0.86586586586586556       -1.1257591945514792E-002 -0.18456448174829246     
  0.87587587587587556       -1.1203506041993765E-002 -0.19578001069615575     
  0.88588588588588557       -1.1210242362436505E-002 -0.20697352422704113     
  0.89589589589589558       -1.1274565270453464E-002 -0.21820364012723087     
  0.90590590590590558       -1.1394686114256715E-002 -0.22952653867023076     
  0.91591591591591559       -1.1570118699032714E-002 -0.24099730651650925     
  0.92592592592592560       -1.1801605192445748E-002 -0.25267117615557211     
  0.93593593593593560       -1.2091103824463214E-002 -0.26460472449057570     
  0.94594594594594561       -1.2441835360305157E-002 -0.27685708872055681     
  0.95595595595595562       -1.2858390389562952E-002 -0.28949125726983205     
  0.96596596596596562       -1.3346904675952996E-002 -0.30257549796289002     
  0.97597597597597563       -1.3915315853306300E-002 -0.31618499540206180     
  0.98598598598598564       -1.4573722487887415E-002 -0.33040378574496443     
  0.99599599599599564       -1.5334877138207499E-002 -0.34532710189916044     
   1.0060060060060056       -1.6214860314296455E-002 -0.36106427899245236     
   1.0160160160160157       -1.7234005001763641E-002 -0.37774242434138200     
   1.0260260260260257       -1.8418176344848953E-002 -0.39551113684193584     
   1.0360360360360357       -1.9800566135153509E-002 -0.41454868205276496     
   1.0460460460460457       -2.1424250909076455E-002 -0.43507021492159120     
   1.0560560560560557       -2.3345911094559958E-002 -0.45733893230488482     
   1.0660660660660657       -2.5641364520791316E-002 -0.48168150224558637     
   1.0760760760760757       -2.8414024280509764E-002 -0.50850988258083107     
   1.0860860860860857       -3.1808240373461832E-002 -0.53835294308430248     
   1.0960960960960957       -3.6031141997414584E-002 -0.57190359892914222     
   1.1061061061061057       -4.1390018164541027E-002 -0.61009137077046316     
   1.1161161161161157       -4.8359822624759331E-002 -0.65419835810719462     
   1.1261261261261257       -5.7713447570412565E-002 -0.70605285127185236     
   1.1361361361361357       -7.0795135291324779E-002 -0.76836894746493289     
   1.1461461461461457       -9.0160269260704362E-002 -0.84537328176196080     
   1.1561561561561557      -0.12130512041519034      -0.94399071546693636     
   1.1661661661661658      -0.17830967478209497       -1.0756770743176136     
   1.1761761761761758      -0.30498909175045963       -1.2510710647173344     
   1.1861861861861858      -0.58616090909196839       -1.3917524915506310     
   1.1961961961961958      -0.91351794226889838       -1.3542951493842788     
   1.2062062062062058       -1.1720336025842115       -1.2154473460586408     
   1.2162162162162158       -1.3686870776825060       -1.0337819948659941     
   1.2262262262262258       -1.5165780488033336      -0.82749940566491753     
   1.2362362362362358       -1.6223238312609449      -0.60293133513191621     
   1.2462462462462458       -1.6877580326529336      -0.36254257670766005     
   1.2562562562562558       -1.7107964357321437      -0.10748691987940047     
   1.2662662662662658       -1.6852391448060005       0.16085578473333709     
   1.2762762762762758       -1.5994615930327101       0.43897833970054051     
   1.2862862862862858       -1.4334365735436614       0.71708062525919869     
   1.2962962962962958       -1.1537817892250504       0.96377778695686178     
   1.3063063063063058      -0.73783966018412972        1.0736931100539804     
   1.3163163163163158      -0.37149331006003483       0.91740930863616021     
   1.3263263263263259      -0.21214457662780714       0.71002893583102689     
   1.3363363363363359      -0.14201262144223845       0.55602388414470705     
   1.3463463463463459      -0.10454143714964234       0.44170152118395567     
   1.3563563563563559       -8.1759725442816192E-002  0.35286051518548961     
   1.3663663663663659       -6.6703879048292530E-002  0.28100309686452879     
   1.3763763763763759       -5.6174194369884058E-002  0.22099991331702570     
   1.3863863863863859       -4.8504180476843253E-002  0.16958483357365481     
   1.3963963963963959       -4.2754680041090412E-002  0.12457758043484797     
   1.4064064064064059       -3.8352102625221887E-002   8.4460677665347109E-002
   1.4164164164164168       -3.4929854660830859E-002   4.8135959002281188E-002
   1.4264264264264268       -3.2244319356167325E-002   1.4784308840149737E-002
   1.4364364364364368       -3.0128323257893313E-002  -1.6222478978359232E-002
   1.4464464464464468       -2.8464289663729134E-002  -4.5378763172210110E-002
   1.4564564564564568       -2.7168029602396452E-002  -7.3083250936508137E-002
   1.4664664664664668       -2.6178596762292738E-002  -9.9665395419172229E-002
   1.4764764764764768       -2.5451758382134468E-002 -0.12540421005641775     
   1.4864864864864868       -2.4955710671430667E-002 -0.15054210555703992     
   1.4964964964964969       -2.4668242778047307E-002 -0.17529541884120833     
   1.5065065065065069       -2.4574875722522187E-002 -0.19986274431653847     
   1.5165165165165169       -2.4667691946736979E-002 -0.22443183937738725     
   1.5265265265265269       -2.4944688418613963E-002 -0.24918567222364710     
   1.5365365365365369       -2.5409564763034652E-002 -0.27430806381975747     
   1.5465465465465469       -2.6071917141333705E-002 -0.29998932195144384     
   1.5565565565565569       -2.6947861772603537E-002 -0.32643226281188492     
   1.5665665665665669       -2.8061170420944033E-002 -0.35385906396491662     
   1.5765765765765769       -2.9445076989864660E-002 -0.38251950212882141     
   1.5865865865865869       -3.1145028981641534E-002 -0.41270132414217398     
   1.5965965965965969       -3.3222843296243081E-002 -0.44474382581520083     
   1.6066066066066069       -3.5763044895676596E-002 -0.47905625585796319     
   1.6166166166166169       -3.8882742855492744E-002 -0.51614357791558552     
   1.6266266266266269       -4.2747490889198651E-002 -0.55664371307107030     
   1.6366366366366369       -4.7597767427036877E-002 -0.60138324313732716     
   1.6466466466466469       -5.3795375648656732E-002 -0.65146391368936862     
   1.6566566566566570       -6.1909782265842525E-002 -0.70840280147753754     
   1.6666666666666670       -7.2891380167342104E-002 -0.77437068807040810     
   1.6766766766766770       -8.8454599473924672E-002 -0.85261936934593219     
   1.6866866866866870      -0.11204023382486041      -0.94828282025028798     
   1.6966966966966970      -0.15167851514100122       -1.0698246716001643     
   1.7067067067067070      -0.23034499943779768       -1.2296936925098867     
   1.7167167167167170      -0.41570284541201608       -1.4135225439091459     
   1.7267267267267270      -0.71539844532213592       -1.4797271531226417     
   1.7367367367367370      -0.97861749716760338       -1.4187889319384768     
   1.7467467467467470       -1.1830798853576061       -1.3100834544461752     
   1.7567567567567570       -1.3445271867041231       -1.1820751218311958     
   1.7667667667667670       -1.4740741449228527       -1.0443748362885379     
   1.7767767767767770       -1.5784928610951365      -0.90084243626176597     
   1.7867867867867870       -1.6619877608217348      -0.75318243916027516     
   1.7967967967967970       -1.7271889804363552      -0.60214238425881050     
   1.8068068068068071       -1.7756706165866811      -0.44799019174309468     
   1.8168168168168171       -1.8082180678104558      -0.29073721002856207     
   1.8268268268268271       -1.8249704724162166      -0.13025544363154615     
   1.8368368368368371       -1.8254227494928121        3.3672331994577656E-002
   1.8468468468468471       -1.8083812291470667       0.20123189850843723     
   1.8568568568568571       -1.7718369991652294       0.37251284756438408     
   1.8668668668668671       -1.7126783453565000       0.54734253868090288     
   1.8768768768768771       -1.6261965541647820       0.72495117613542537     
   1.8868868868868871       -1.5052043720042516       0.90319549876617233     
   1.8968968968968971       -1.3384489969233018        1.0766098993668816     
   1.9069069069069071       -1.1080894288332577        1.2304827324117735     
   1.9169169169169171      -0.79038576641318481        1.3188440113528710     
   1.9269269269269271      -0.43882366409354134        1.2270128415070196     
   1.9369369369369371      -0.24718873990433449        1.0157895628019178     
   1.9469469469469471      -0.16896806459448485       0.84585645784703078     
   1.9569569569569571      -0.12401398041675377       0.71912547608575861     
   1.9669669669669672       -9.6669668229230926E-002  0.61560541922511947     
   1.9769769769769772       -7.9383800411979580E-002  0.53056561354856302     
   1.9869869869869872       -6.7511967058647038E-002  0.45882914366771127     
   1.9969969969969972       -5.9000138872023232E-002  0.39695141516346272     
   2.0070070070070072       -5.2292030676692185E-002  0.34253428541587316     
   2.0170170170170172       -4.7054586041530670E-002  0.29348329595965816     
   2.0270270270270272       -4.2979445825063176E-002  0.24884112939652805     
   2.0370370370370372       -3.9745481800911871E-002  0.20774331812993921     
   2.0470470470470472       -3.7145356303792620E-002  0.16949818216498405     
   2.0570570570570572       -3.5044654816329929E-002  0.13355528571009503     
   2.0670670670670672       -3.3348838770665377E-002   9.9477240992635704E-002
   2.0770770770770772       -3.1987401697922010E-002   6.6904079471678715E-002
   2.0870870870870872       -3.0908294144998755E-002   3.5533692220320712E-002
   2.0970970970970972       -3.0072702251853961E-002   5.1076295898285903E-003
   2.1071071071071072       -2.9451648469607041E-002  -2.4599780583247268E-002
   2.1171171171171173       -2.9023736325332811E-002  -5.3789772180713853E-002
   2.1271271271271273       -2.8773621040176150E-002  -8.2645715104120443E-002
   2.1371371371371373       -2.8690977626551709E-002 -0.11133848081821707     
   2.1471471471471473       -2.8769831265992453E-002 -0.14003100001183183     
   2.1571571571571573       -2.9008169414002794E-002 -0.16888231634092576     
   2.1671671671671673       -2.9407791460309043E-002 -0.19805138317930446     
   2.1771771771771773       -2.9974379288583375E-002 -0.22770082226395558     
   2.1871871871871873       -3.0717796442622514E-002 -0.25800085898952391     
   2.1971971971971973       -3.1652649379564399E-002 -0.28913366816440211     
   2.2072072072072073       -3.2799176356301862E-002 -0.32129840972480345     
   2.2172172172172173       -3.4184574508671871E-002 -0.35471731470849338     
   2.2272272272272273       -3.5844944222358288E-002 -0.38964331365110993     
   2.2372372372372373       -3.7828140321590313E-002 -0.42636991064991259     
   2.2472472472472473       -4.0198005692103085E-002 -0.46524434629651784     
   2.2572572572572573       -4.3040789911342907E-002 -0.50668565076293859     
   2.2672672672672673       -4.6475155383567113E-002 -0.55121012984878648     
   2.2772772772772774       -5.0668328576270814E-002 -0.59946846939586251     
   2.2872872872872874       -5.5863304780896170E-002 -0.65230162328703445     
   2.2972972972972974       -6.2427122256278347E-002 -0.71082829947038073     
   2.3073073073073074       -7.0942224634770915E-002 -0.77658809228929437     
   2.3173173173173174       -8.2393986276272299E-002 -0.85178770519367586     
   2.3273273273273274       -9.8598064597339052E-002 -0.93974761936724838     
   2.3373373373373374      -0.12331853902781729       -1.0457425609219877     
   2.3473473473473474      -0.16577594425444056       -1.1784178563628400     
   2.3573573573573574      -0.25376350457654723       -1.3483830704982427     
   2.3673673673673674      -0.45528199945834902       -1.5176285590637260     
   2.3773773773773774      -0.72148735269204411       -1.5588709337844764     
   2.3873873873873874      -0.93937880911932992       -1.5137900984233561     
   2.3973973973973974       -1.1098151355370234       -1.4398004230249473     
   2.4074074074074074       -1.2468076068683114       -1.3554825434831381     
   2.4174174174174174       -1.3595462702620067       -1.2674988487997187     
   2.4274274274274275       -1.4538692274595766       -1.1786904717643896     
   2.4374374374374375       -1.5336777648771269       -1.0904037972885281     
   2.4474474474474475       -1.6017101536891705       -1.0033058104574584     
   2.4574574574574575       -1.6599623155815622      -0.91771798078970601     
   2.4674674674674675       -1.7099150440505138      -0.83377713631476202     
   2.4774774774774775       -1.7526959429817206      -0.75157638275876371     
   2.4874874874874875       -1.7893555217883224      -0.67119070224096600     
   2.4974974974974975       -1.8207097750975070      -0.59221697586638566     
   2.5075075075075075       -1.8470781593717513      -0.51452751520649875     
   2.5175175175175175       -1.8688575486208845      -0.43792335072031630     
   2.5275275275275275       -1.8861645422810664      -0.36197859279586470     
   2.5375375375375375       -1.8984709532694739      -0.28601543504976706     
   2.5475475475475475       -1.9036978058935567      -0.20935865474972548     
   2.5575575575575575       -1.8932613598430164      -0.13329504117830820     
   2.5675675675675675       -1.8649951479807401       -9.6300467888695090E-002
   2.5775775775775776       -1.8983345536875840       -6.5169373178374790E-002
   2.5875875875875876       -1.9197991345515326        5.8249904719219333E-003
   2.5975975975975976       -1.9247228673851005        7.7696773218832019E-002
   2.6076076076076076       -1.9217471780103801       0.14756346905118087     
   2.6176176176176176       -1.9111543652271787       0.21675107054114637     
   2.6276276276276276       -1.8855460010296423       0.28317761284131193     
   2.6376376376376376       -1.8424175107611198       0.31093875377455360     
   2.6476476476476476       -1.8689961066611547       0.32722304137136698     
   2.6576576576576576       -1.8829257719407342       0.39419606439323152     
   2.6676676676676676       -1.8767298635345373       0.45923373981002485     
   2.6776776776776776       -1.8655661594792428       0.51932944921369506     
   2.6876876876876876       -1.8511496180403859       0.57771916501408138     
   2.6976976976976976       -1.8341442698641772       0.63407918785595785     
   2.7077077077077076       -1.8152307169511195       0.68883089993464863     
   2.7177177177177176       -1.7946322692625518       0.74229913246034218     
   2.7277277277277276       -1.7724349815803668       0.79468404898743428     
   2.7377377377377377       -1.7486711844000735       0.84611502473515543     
   2.7477477477477477       -1.7233463905761903       0.89668097252227397     
   2.7577577577577577       -1.6964490518816409       0.94644614574477204     
   2.7677677677677677       -1.6679544061094431       0.99545872099819876     
   2.7777777777777777       -1.6378258116611211        1.0437556252755866     
   2.7877877877877877       -1.6060148519967328        1.0913653416126217     
   2.7977977977977977       -1.5724606570800588        1.1383095366667797     
   2.8078078078078077       -1.5370886031028024        1.1846039368513757     
   2.8178178178178177       -1.4998084003357850        1.2302586700587850     
   2.8278278278278277       -1.4605114806972326        1.2752781673036653     
   2.8378378378378377       -1.4190675075357309        1.3196606341521133     
   2.8478478478478477       -1.3753197234108607        1.3633970266169111     
   2.8578578578578577       -1.3290787016753403        1.4064693775680095     
   2.8678678678678677       -1.2801138387087081        1.4488481905208823     
   2.8778778778778777       -1.2281415561256563        1.4904884035942316     
   2.8878878878878878       -1.1728085680740590        1.5313230421145754     
   2.8978978978978978       -1.1136675009533086        1.5712529437459690     
   2.9079079079079078       -1.0501402162092908        1.6101294467075731     
   2.9179179179179178      -0.98146050633851978        1.6477236801472053     
   2.9279279279279278      -0.90658047646563533        1.6836684157273443     
   2.9379379379379378      -0.82400945951155902        1.7173383975072012     
   2.9479479479479478      -0.73152082358480064        1.7475757920532444     
   2.9579579579579578      -0.62559604870794772        1.7719618059434730     
   2.9679679679679678      -0.50048526080665601        1.7844702945637143     
   2.9779779779779778      -0.34956315216068584        1.7664110071254282     
   2.9879879879879878      -0.20226739148664927        1.6767930936964857     
   2.9979979979979978      -0.12658570681697173        1.5561336764094618     
   3.0080080080080087       -9.2301696773973402E-002   1.4577098168664733     
   3.0180180180180187       -7.3216350784561290E-002   1.3790785991657564     
   3.0280280280280287       -6.0936656909971715E-002   1.3139880728263735     
   3.0380380380380387       -5.2296817169260143E-002   1.2584824570529662     
   3.0480480480480487       -4.5851176009498236E-002   1.2100946704030100     
   3.0580580580580587       -4.0844107408824118E-002   1.1672017905023906     
   3.0680680680680688       -3.6842233674647985E-002   1.1286774496701057     
   3.0780780780780788       -3.3582223011554752E-002   1.0937013771116268     
   3.0880880880880888       -3.0903062715014282E-002   1.0616474259892281     
   3.0980980980980988       -2.8721987396564987E-002   1.0320101517028322     
   3.1081081081081088       -2.7057482444431302E-002   1.0043492056765284     
   3.1181181181181188       -2.6189648473893525E-002  0.97828252989373921     
   3.1281281281281288       -2.7070157693076313E-002  0.95421809286948767     
   3.1381381381381388       -2.8428429188694759E-002  0.93435829128479031     
   3.1481481481481488       -2.6312990236422407E-002  0.91806627569841570     
   3.1581581581581588       -2.2017484091944633E-002  0.89813155967866387     
   3.1681681681681688       -2.0221394627507373E-002  0.87786945334494970     
   3.1781781781781788       -1.9631635052796050E-002  0.85837916933210057     
   3.1881881881881888       -2.0258251600549466E-002  0.83919489293902805     
   3.1981981981981988       -2.3635861455596308E-002  0.81997564822676272     
   3.2082082082082088       -3.5038878568626697E-002  0.80407007560106181     
   3.2182182182182189       -4.0686536241571550E-002  0.81116871276581326     
   3.2282282282282289       -2.4552835910073678E-002  0.80233325648371467     
   3.2382382382382389       -1.8274733667047020E-002  0.78508184215554733     
   3.2482482482482489       -1.6125602113665937E-002  0.76896128140286135     
   3.2582582582582589       -1.5711390627674696E-002  0.75372906354909386     
   3.2682682682682689       -1.7263509536548462E-002  0.73889617280060438     
   3.2782782782782789       -2.1665396444374759E-002  0.72676786385458592     
   3.2882882882882889       -2.5539149369533203E-002  0.71518578050903192     
   3.2982982982982989       -3.8871253977229202E-002  0.71281506372233361     
   3.3083083083083089       -2.7850487845357319E-002  0.72045502748195900     
   3.3183183183183189       -1.7881574400296196E-002  0.70847206687877706     
   3.3283283283283289       -1.4260863689502188E-002  0.69710313317238137     
   3.3383383383383389       -1.1902246001582729E-002  0.68645056744681010     
   3.3483483483483489       -1.0358935580538128E-002  0.67619487807426060     
   3.3583583583583589       -9.5746884078482530E-003  0.66657758374772125     
   3.3683683683683689       -9.0219772736888290E-003  0.65768023843359857     
   3.3783783783783790       -8.4990966109233824E-003  0.64921550405321127     
   3.3883883883883890       -8.0533164481176173E-003  0.64104996709912831     
   3.3983983983983990       -7.7075744038579549E-003  0.63319725339322619     
   3.4084084084084090       -7.4163970692836473E-003  0.62564523554952578     
   3.4184184184184190       -7.1584520473178008E-003  0.61836210025679184     
   3.4284284284284290       -6.9242820309589146E-003  0.61132236879252633     
   3.4384384384384390       -6.7086358281294809E-003  0.60450603909915313     
   3.4484484484484490       -6.5081624586925254E-003  0.59789682164697933     
   3.4584584584584590       -6.3205345976738879E-003  0.59148102180108419     
   3.4684684684684690       -6.1440411987508043E-003  0.58524684321291964     
   3.4784784784784790       -5.9773708438200712E-003  0.57918393376797206     
   3.4884884884884890       -5.8194855701342247E-003  0.57328307596725914     
   3.4984984984984990       -5.6695425120480061E-003  0.56753596740491818     
   3.5085085085085090       -5.5268428427476977E-003  0.56193505984575998     
   3.5185185185185190       -5.3907972308189726E-003  0.55647343778915570     
   3.5285285285285291       -5.2609017515276978E-003  0.55114472444209439     
   3.5385385385385391       -5.1367206700272932E-003  0.54594300719743705     
   3.5485485485485491       -5.0178738929860696E-003  0.54086277727973275     
   3.5585585585585591       -4.9040276916984199E-003  0.53589887984651319     
   3.5685685685685691       -4.7948877920692247E-003  0.53104647188610332     
   3.5785785785785791       -4.6901942401999025E-003  0.52630098594478847     
   3.5885885885885891       -4.5897176615262584E-003  0.52165809817014730     
   3.5985985985985991       -4.4932566806192183E-003  0.51711369944653174     
   3.6086086086086091       -4.4006363861290188E-003  0.51266386856436952     
   3.6186186186186191       -4.3117078318914547E-003  0.50830484642679019     
   3.6286286286286291       -4.2263486804247335E-003  0.50403301025658698     
   3.6386386386386391       -4.1444652425693109E-003  0.49984484660635997     
   3.6486486486486491       -4.0659963824292234E-003  0.49573692165222999     
   3.6586586586586591       -3.9909201012768378E-003  0.49170584668347828     
   3.6686686686686691       -3.9192642021389874E-003  0.48774823573283804     
   3.6786786786786791       -3.8511234958376601E-003  0.48386065063758443     
   3.6886886886886892       -3.7866880177620851E-003  0.48003952592990895     
   3.6986986986986992       -3.7262907526438116E-003  0.47628106073404997     
   3.7087087087087092       -3.6704919805396752E-003  0.47258105503391251     
   3.7187187187187192       -3.6202372686259011E-003  0.46893464837145304     
   3.7287287287287292       -3.5771767515613380E-003  0.46533587930695286     
   3.7387387387387392       -3.5443784379304241E-003  0.46177690005267275     
   3.7487487487487492       -3.5281527501595197E-003  0.45824651870598321     
   3.7587587587587592       -3.5436508630585146E-003  0.45472772456207822     
   3.7687687687687692       -3.6355888868808152E-003  0.45119922050360722     
   3.7787787787787792       -3.9126603540569748E-003  0.44771708748812411     
   3.7887887887887892       -4.2959888396146969E-003  0.44446650900249568     
   3.7987987987987992       -4.4970778231041208E-003  0.44114651103111208     
   3.8088088088088092       -5.7093786852421228E-003  0.43760387326256600     
   3.8188188188188192       -7.1889031309054496E-003  0.43662267399191840     
   3.8288288288288292       -6.0747518166872141E-003  0.43501703476379527     
   3.8388388388388393       -4.6506798999180598E-003  0.43255673613175982     
   3.8488488488488493       -3.7882591572910383E-003  0.42903326670699987     
   3.8588588588588593       -3.5081836507736310E-003  0.42555703337148615     
   3.8688688688688693       -3.4421126410697231E-003  0.42216051605335159     
   3.8788788788788793       -3.5371195110423174E-003  0.41874572521810505     
   3.8888888888888893       -3.8793108733360640E-003  0.41520346155287519     
   3.8988988988988993       -4.8798100817597327E-003  0.41146797792885054     
   3.9089089089089093       -7.4744440404290874E-003  0.40886182338940008     
   3.9189189189189193       -7.2295389094032703E-003  0.40840568797368781     
   3.9289289289289293       -7.1571103789792347E-003  0.40410387634577632     
   3.9389389389389393       -1.1894968727938519E-002  0.40004690651915714     
   3.9489489489489493       -1.7107916583428730E-002  0.40628541351859043     
   3.9589589589589593       -9.8050449375702026E-003  0.40894950924886320     
   3.9689689689689693       -5.9070915642395133E-003  0.40521235589972965     
   3.9789789789789793       -4.2445065017179019E-003  0.40128775977168563     
   3.9889889889889893       -3.6453403002400177E-003  0.39767396372767905     
   3.9989989989989994       -3.6224929262937480E-003  0.39431654463221877     
   4.0090090090090094       -4.4531995117522852E-003  0.39125682123459810     
   4.0190190190190194       -5.7328488271278667E-003  0.39039204452694137     
   4.0290290290290294       -4.0720677160231179E-003  0.38925744988883676     
   4.0390390390390394       -3.2436755240642643E-003  0.38660069690329613     
   4.0490490490490494       -2.8220679908640659E-003  0.38414822134349175     
   4.0590590590590594       -2.5244725036172775E-003  0.38171981684803202     
   4.0690690690690694       -2.3525544678629231E-003  0.37934397218208010     
   4.0790790790790794       -2.2512551552060231E-003  0.37705949290648910     
   4.0890890890890894       -2.1797056651869217E-003  0.37485057722831361     
   4.0990990990990994       -2.1234000395300985E-003  0.37270172575024729     
   4.1091091091091094       -2.0761818540209324E-003  0.37060288268558950     
   4.1191191191191194       -2.0349525124072638E-003  0.36854734378274162     
   4.1291291291291294       -1.9979605672741881E-003  0.36653038637085195     
   4.1391391391391394       -1.9641316879072863E-003  0.36454851512962178     
   4.1491491491491495       -1.9327657561674226E-003  0.36259903381221320     
   4.1591591591591595       -1.9033847939986866E-003  0.36067978928392813     
   4.1691691691691695       -1.8756503207136377E-003  0.35878901095870602     
   4.1791791791791795       -1.8493155825364477E-003  0.35692520569831454     
   4.1891891891891895       -1.8241965546690040E-003  0.35508708639418685     
   4.1991991991991995       -1.8001536433108253E-003  0.35327352177271842     
   4.2092092092092095       -1.7770797940685470E-003  0.35148349997689976     
   4.2192192192192195       -1.7548926136598769E-003  0.34971610128590008     
   4.2292292292292295       -1.7335291247340563E-003  0.34797047696189248     
   4.2392392392392395       -1.7129423451516723E-003  0.34624583217686150     
   4.2492492492492495       -1.6930992282458825E-003  0.34454141154111795     
   4.2592592592592595       -1.6739797315436676E-003  0.34285648607115887     
   4.2692692692692695       -1.6555769645251676E-003  0.34119034056642467     
   4.2792792792792795       -1.6378985513520608E-003  0.33954226033278817     
   4.2892892892892895       -1.6209695869616489E-003  0.33791151597246027     
   4.2992992992992995       -1.6048379492923739E-003  0.33629734447609860     
   4.3093093093093096       -1.5895834175338854E-003  0.33469892392998474     
   4.3193193193193196       -1.5753333765572829E-003  0.33311533743276994     
   4.3293293293293296       -1.5622906375599287E-003  0.33154551856331932     
   4.3393393393393396       -1.5507849750215393E-003  0.32998816436744793     
   4.3493493493493496       -1.5413743958357321E-003  0.32844158879391611     
   4.3593593593593596       -1.5350594561115013E-003  0.32690346160489636     
   4.3693693693693696       -1.5337809401147157E-003  0.32537031590866344     
   4.3793793793793796       -1.5417194923194736E-003  0.32383657276691380     
   4.3893893893893896       -1.5692393755057036E-003  0.32229262697880323     
   4.3993993993993996       -1.6473156793683770E-003  0.32072259055415797     
   4.4094094094094096       -1.8887555855712683E-003  0.31912854811000996     
   4.4194194194194196       -2.5068384747533061E-003  0.31792980056467762     
   4.4294294294294296       -2.2101067112781942E-003  0.31731136938683591     
   4.4394394394394396       -1.7653417180204230E-003  0.31581277594955981     
   4.4494494494494496       -1.6792052431807876E-003  0.31423894595939528     
   4.4594594594594597       -1.6879031335868037E-003  0.31282423054917297     
   4.4694694694694697       -1.6055569544316628E-003  0.31135409765890715     
   4.4794794794794797       -1.6464459515134211E-003  0.30981020822651839     
   4.4894894894894897       -1.8971192992058305E-003  0.30833181849180624     
   4.4994994994994997       -2.0097040060743977E-003  0.30729353966515011     
   4.5095095095095097       -1.7539682477677662E-003  0.30586306487029458     
   4.5195195195195197       -1.7430062460774272E-003  0.30421978268195515     
   4.5295295295295297       -1.9206103993685960E-003  0.30248804666188817     
   4.5395395395395397       -2.4517216319161418E-003  0.30062657941634863     
   4.5495495495495497       -3.8680128671313451E-003  0.29908230352715431     
   4.5595595595595597       -4.6642364616242670E-003  0.29949405426775394     
   4.5695695695695697       -4.0754010795582794E-003  0.29793046813186330     
   4.5795795795795797       -6.3182491534249825E-003  0.29629576712275169     
   4.5895895895895897       -7.3735816885669046E-003  0.29956018313842975     
   4.5995995995995997       -3.8586381997190657E-003  0.29938374413989222     
   4.6096096096096097       -2.4927258687348726E-003  0.29718704009325936     
   4.6196196196196198       -2.0953055977650696E-003  0.29515697311013761     
   4.6296296296296298       -2.1602696554611010E-003  0.29326660509839730     
   4.6396396396396398       -2.8924524077424767E-003  0.29168876055771770     
   4.6496496496496498       -3.1820861637352656E-003  0.29147960549591728     
   4.6596596596596598       -2.6283841829263248E-003  0.29011201020204253     
   4.6696696696696698       -3.1809808974195227E-003  0.28890104208741840     
   4.6796796796796798       -2.8800886927931374E-003  0.28820078962124557     
   4.6896896896896898       -3.2208345148152574E-003  0.28691144598275981     
   4.6996996996996998       -2.9971381224542866E-003  0.28643456361730063     
   4.7097097097097098       -3.0864113608152148E-003  0.28483755452872023     
   4.7197197197197198       -4.3042532031041508E-003  0.28483208204549282     
   4.7297297297297298       -2.8120486666821948E-003  0.28505388531142795     
   4.7397397397397398       -1.9255539346073860E-003  0.28365253276777291     
   4.7497497497497498       -1.5049824009400001E-003  0.28227396034285446     
   4.7597597597597598       -1.3086135948116233E-003  0.28094827681394929     
   4.7697697697697699       -1.2102213638178708E-003  0.27971416289964074     
   4.7797797797797799       -1.1527022471748308E-003  0.27854499977494551     
   4.7897897897897899       -1.1145072094513842E-003  0.27742562661818548     
   4.7997997997997999       -1.0804410851928152E-003  0.27633756796136322     
   4.8098098098098099       -1.0547436421998650E-003  0.27527234281463525     
   4.8198198198198199       -1.0343445856089652E-003  0.27422846517663146     
   4.8298298298298299       -1.0171589991010230E-003  0.27320278556540839     
   4.8398398398398399       -1.0021718635361203E-003  0.27219288882647302     
   4.8498498498498499       -9.8879336723334721E-004  0.27119699339661629     
   4.8598598598598599       -9.7664503040554131E-004  0.27021374477608873     
   4.8698698698698699       -9.6547012859892303E-004  0.26924208002982813     
   4.8798798798798799       -9.5508834657284539E-004  0.26828114083813770     
   4.8898898898898899       -9.4537017128016763E-004  0.26733021569867754     
   4.8998998998998999       -9.3622148104338969E-004  0.26638869997323689     
   4.9099099099099099       -9.2757394099240737E-004  0.26545606715413156     
   4.9199199199199199       -9.1937897558919991E-004  0.26453184727681933     
   4.9299299299299300       -9.1160414006879976E-004  0.26361560981123849     
   4.9399399399399400       -9.0423130295475636E-004  0.26270694912363335     
   4.9499499499499500       -8.9725646170721741E-004  0.26180547094718620     
   4.9599599599599600       -8.9069142165768391E-004  0.26091077831754989     
   4.9699699699699700       -8.8456822474257304E-004  0.26002245511115502     
   4.9799799799799800       -8.7894888989924257E-004  0.25914004493770876     
   4.9899899899899900       -8.7394587479569898E-004  0.25826302910538418     
   5.0000000000000000       -8.6969947547340049E-004  0.25739079669489828     
