  -5.0000000000000000       -2.7332708949456127E-003 -0.21856268170772128     
  -4.9899899899899900       -1.5532742071857886E-003 -0.21953976026870778     
  -4.9799799799799800       -1.2096912008444194E-003 -0.22068301050971409     
  -4.9699699699699700       -1.1825321025374356E-003 -0.22177332890917748     
  -4.9599599599599600       -1.4153951764875221E-003 -0.22291513941927210     
  -4.9499499499499500       -2.2382365017568728E-003 -0.22415615300288577     
  -4.9399399399399400       -4.4515974793021273E-003 -0.22427910420459649     
  -4.9299299299299300       -4.5069998491266182E-003 -0.22168445663604303     
  -4.9199199199199199       -2.2623658011925261E-003 -0.22163801164615876     
  -4.9099099099099099       -1.3422720369391651E-003 -0.22280902028661864     
  -4.8998998998998999       -1.0145268014617374E-003 -0.22384228361412942     
  -4.8898898898898899       -8.7633620000865311E-004 -0.22473718736970025     
  -4.8798798798798799       -8.2461748648750158E-004 -0.22555439741148045     
  -4.8698698698698699       -8.5686437970314050E-004 -0.22630768216343874     
  -4.8598598598598599       -8.7914132241173138E-004 -0.22688502866456725     
  -4.8498498498498499       -7.6007471140773027E-004 -0.22753941549212056     
  -4.8398398398398399       -7.0943830539129771E-004 -0.22824444729103854     
  -4.8298298298298299       -6.8957139619155302E-004 -0.22893661310370858     
  -4.8198198198198199       -6.8146619209734350E-004 -0.22961919265178488     
  -4.8098098098098099       -6.8049192900178715E-004 -0.23029790244463866     
  -4.7997997997997999       -6.8768937717351584E-004 -0.23097770122711006     
  -4.7897897897897899       -7.1328449350523278E-004 -0.23166200715516788     
  -4.7797797797797799       -7.8960110899156254E-004 -0.23232003105900925     
  -4.7697697697697699       -7.9293798686388484E-004 -0.23286892291889946     
  -4.7597597597597598       -7.2551426075896381E-004 -0.23353424657958763     
  -4.7497497497497498       -7.1415977762457564E-004 -0.23423298793631964     
  -4.7397397397397398       -7.4187179018987584E-004 -0.23492975895975080     
  -4.7297297297297298       -7.9693728834631726E-004 -0.23556016697879506     
  -4.7197197197197198       -7.4534640164887153E-004 -0.23619484352673148     
  -4.7097097097097098       -7.1882835685043573E-004 -0.23689953771617486     
  -4.6996996996996998       -7.1711381054527263E-004 -0.23761112217105093     
  -4.6896896896896898       -7.2749222393946056E-004 -0.23832871167886804     
  -4.6796796796796798       -7.5508770616880853E-004 -0.23905717673106922     
  -4.6696696696696698       -8.3178790947575692E-004 -0.23978306637001096     
  -4.6596596596596598       -9.0434455944588465E-004 -0.24037930277345851     
  -4.6496496496496498       -8.1602359524878042E-004 -0.24105962420942034     
  -4.6396396396396398       -7.9295026906864546E-004 -0.24182873961776385     
  -4.6296296296296298       -8.1547136597254308E-004 -0.24261327198133831     
  -4.6196196196196198       -9.0149180932485955E-004 -0.24340917084340458     
  -4.6096096096096097       -1.0948506880633887E-003 -0.24406870384251134     
  -4.5995995995995997       -9.8489797364175445E-004 -0.24462544027768698     
  -4.5895895895895897       -8.8221508714473327E-004 -0.24544221780622361     
  -4.5795795795795797       -8.6921936461708182E-004 -0.24629284093748213     
  -4.5695695695695697       -8.9550865437046975E-004 -0.24716033803604792     
  -4.5595595595595597       -9.6700119301405883E-004 -0.24806127832453087     
  -4.5495495495495497       -1.1574845333760268E-003 -0.24899245193010347     
  -4.5395395395395397       -1.5296810433147901E-003 -0.24964646281297248     
  -4.5295295295295297       -1.3311643750422491E-003 -0.25022183935018355     
  -4.5195195195195197       -1.2511404678879673E-003 -0.25128753037246665     
  -4.5095095095095097       -1.4783693732064829E-003 -0.25245778953977971     
  -4.4994994994994997       -2.2385061351872480E-003 -0.25340588546085063     
  -4.4894894894894897       -2.3488308870368070E-003 -0.25333633446520110     
  -4.4794794794794797       -1.8240236773332554E-003 -0.25445606011490862     
  -4.4694694694694697       -2.0117029548692360E-003 -0.25602715808141707     
  -4.4594594594594597       -3.1298930850562410E-003 -0.25766592768271990     
  -4.4494494494494496       -5.4501050299122682E-003 -0.25723190236139787     
  -4.4394394394394396       -3.8914043204901143E-003 -0.25621700040330431     
  -4.4294294294294296       -3.2134264710262706E-003 -0.25822014837740503     
  -4.4194194194194196       -4.7657165129598045E-003 -0.26022268954462319     
  -4.4094094094094096       -6.9853041798181598E-003 -0.25844540751223488     
  -4.3993993993993996       -4.6189027662280188E-003 -0.25830451910259328     
  -4.3893893893893896       -5.0384630078700232E-003 -0.26061618299643352     
  -4.3793793793793796       -7.5118491803463716E-003 -0.25931922962985271     
  -4.3693693693693696       -4.5051648659094248E-003 -0.25803265875146947     
  -4.3593593593593596       -2.9571963057678455E-003 -0.26020887198179227     
  -4.3493493493493496       -3.0305257981691871E-003 -0.26249660310685569     
  -4.3393393393393396       -4.7539844107337787E-003 -0.26396963235247334     
  -4.3293293293293296       -4.9067817053258375E-003 -0.26238127632391195     
  -4.3193193193193196       -3.0529231329534429E-003 -0.26370915101415210     
  -4.3093093093093096       -2.7398327721578938E-003 -0.26601471118486547     
  -4.2992992992992995       -3.4376058459086888E-003 -0.26854828807365860     
  -4.2892892892892895       -6.0642925253251217E-003 -0.27119914305046200     
  -4.2792792792792795       -1.1292950797244473E-002 -0.26953973850286528     
  -4.2692692692692695       -1.1217367110424049E-002 -0.26621123816423614     
  -4.2592592592592595       -9.1555170484935392E-003 -0.26179901605756861     
  -4.2492492492492495       -4.4493986228294037E-003 -0.26305076134733402     
  -4.2392392392392395       -2.9104526786499908E-003 -0.26563220830825263     
  -4.2292292292292295       -2.7954092518322395E-003 -0.26766185050426422     
  -4.2192192192192195       -2.8587666368939352E-003 -0.26829407240340342     
  -4.2092092092092095       -1.9283291929697666E-003 -0.26941944395282497     
  -4.1991991991991995       -1.5312178254157465E-003 -0.27091064115588948     
  -4.1891891891891895       -1.3912752049384479E-003 -0.27229152660846223     
  -4.1791791791791795       -1.3962734506661335E-003 -0.27353695393599636     
  -4.1691691691691695       -1.3292806074535074E-003 -0.27458996774345323     
  -4.1591591591591595       -1.2066691935905002E-003 -0.27574771009408416     
  -4.1491491491491495       -1.1549350021020114E-003 -0.27690735446754589     
  -4.1391391391391394       -1.1301404706939525E-003 -0.27804361860011317     
  -4.1291291291291294       -1.1172421850293411E-003 -0.27916471680217902     
  -4.1191191191191194       -1.1113211867117001E-003 -0.28027768112466472     
  -4.1091091091091094       -1.1105120549265127E-003 -0.28138772330289408     
  -4.0990990990990994       -1.1144229291326501E-003 -0.28249917596464758     
  -4.0890890890890894       -1.1243292199812247E-003 -0.28361629992316606     
  -4.0790790790790794       -1.1459234193374353E-003 -0.28474369535013672     
  -4.0690690690690694       -1.2013623782849562E-003 -0.28587793195737676     
  -4.0590590590590594       -1.2888236792700551E-003 -0.28692710510071329     
  -4.0490490490490494       -1.2248096020011387E-003 -0.28799253080770509     
  -4.0390390390390394       -1.1983721662618975E-003 -0.28916490140792905     
  -4.0290290290290294       -1.2111400050352152E-003 -0.29035785741520265     
  -4.0190190190190194       -1.2527268489015417E-003 -0.29157397722696310     
  -4.0090090090090094       -1.3568890771669991E-003 -0.29281837643470043     
  -3.9989989989989989       -1.6069188952984399E-003 -0.29395664892835793     
  -3.9889889889889889       -1.5509401169666280E-003 -0.29488851018664597     
  -3.9789789789789789       -1.4320710923703740E-003 -0.29618276059061815     
  -3.9689689689689689       -1.4810520611650627E-003 -0.29756671876265373     
  -3.9589589589589589       -1.7257803557961292E-003 -0.29896786707034351     
  -3.9489489489489489       -2.1335427531211661E-003 -0.29995572711452950     
  -3.9389389389389389       -1.8735998388283192E-003 -0.30103756396576925     
  -3.9289289289289289       -1.9330011165277401E-003 -0.30259821250382418     
  -3.9189189189189189       -2.4481432834622895E-003 -0.30381273467670178     
  -3.9089089089089089       -2.1667107099678984E-003 -0.30469793121180505     
  -3.8988988988988988       -1.9113618765113692E-003 -0.30636948478485587     
  -3.8888888888888888       -1.9706947456222200E-003 -0.30820596535090661     
  -3.8788788788788788       -2.2481321820754401E-003 -0.31020370905961064     
  -3.8688688688688688       -2.9168100843973794E-003 -0.31250005564632455     
  -3.8588588588588588       -4.7536245877080443E-003 -0.31515346966429281     
  -3.8488488488488488       -9.7248648478780748E-003 -0.31562155989390211     
  -3.8388388388388388       -9.1282081751845202E-003 -0.30974303032232720     
  -3.8288288288288288       -4.6634500657922297E-003 -0.31105965881067232     
  -3.8188188188188188       -3.2365103435255511E-003 -0.31402004980666970     
  -3.8088088088088088       -2.8713150255361385E-003 -0.31679713737863613     
  -3.7987987987987988       -2.9502267557018390E-003 -0.31955312545264564     
  -3.7887887887887888       -3.4119579580029948E-003 -0.32253780339982907     
  -3.7787787787787788       -4.5412624118950232E-003 -0.32606247407863626     
  -3.7687687687687688       -7.4722311224154001E-003 -0.33049311710454854     
  -3.7587587587587588       -1.6345907102622063E-002 -0.33403388627273894     
  -3.7487487487487487       -2.5662566796128744E-002 -0.32045539520975691     
  -3.7387387387387387       -1.2836652212026465E-002 -0.31410875459281756     
  -3.7287287287287287       -7.0062525606860368E-003 -0.31918210704080480     
  -3.7187187187187187       -5.6323641061083616E-003 -0.32424158124544800     
  -3.7087087087087087       -6.5298043302116126E-003 -0.32909794216538213     
  -3.6986986986986987       -1.1378028888671952E-002 -0.33308251633839031     
  -3.6886886886886887       -1.7038931981112004E-002 -0.32665526059451716     
  -3.6786786786786787       -9.2833446252671963E-003 -0.32417185112210217     
  -3.6686686686686687       -5.8002330941206767E-003 -0.32872770447943717     
  -3.6586586586586587       -5.0961531292897039E-003 -0.33340005722753979     
  -3.6486486486486487       -5.7246001433156786E-003 -0.33824058879732483     
  -3.6386386386386387       -8.1043214249426655E-003 -0.34395385132426953     
  -3.6286286286286287       -1.5276967859780808E-002 -0.35093568173603307     
  -3.6186186186186187       -3.6067527925234537E-002 -0.34934081612214513     
  -3.6086086086086087       -3.3790054351863337E-002 -0.31855307877051714     
  -3.5985985985985987       -1.4299537054192579E-002 -0.31906132958632566     
  -3.5885885885885886       -8.0490913706984853E-003 -0.32585559809453180     
  -3.5785785785785786       -6.4495299412538395E-003 -0.33040631305095824     
  -3.5685685685685686       -4.9333620798217648E-003 -0.33348694166011289     
  -3.5585585585585586       -4.2332984809758754E-003 -0.33637738234312914     
  -3.5485485485485486       -3.2760524253970659E-003 -0.33895582892146758     
  -3.5385385385385386       -2.7447143077379862E-003 -0.34170519357696094     
  -3.5285285285285286       -2.4862789387036198E-003 -0.34424884436407083     
  -3.5185185185185186       -2.3377915220807299E-003 -0.34663106622455309     
  -3.5085085085085086       -2.2449052873833551E-003 -0.34890703590489708     
  -3.4984984984984986       -2.1850343454919946E-003 -0.35111315815832594     
  -3.4884884884884886       -2.1468557314278042E-003 -0.35327372779190674     
  -3.4784784784784786       -2.1239803010108696E-003 -0.35540580570616964     
  -3.4684684684684686       -2.1125292804620374E-003 -0.35752198705430394     
  -3.4584584584584586       -2.1100475264877049E-003 -0.35963201536028716     
  -3.4484484484484486       -2.1149630155985412E-003 -0.36174378168920585     
  -3.4384384384384385       -2.1263051129436399E-003 -0.36386398849373397     
  -3.4284284284284285       -2.1435676409035636E-003 -0.36599863314289416     
  -3.4184184184184185       -2.1666802759009920E-003 -0.36815341135397317     
  -3.4084084084084085       -2.1961146273944943E-003 -0.37033412750405048     
  -3.3983983983983985       -2.2332789973298454E-003 -0.37254722110529859     
  -3.3883883883883881       -2.2818153061233315E-003 -0.37480053989955120     
  -3.3783783783783781       -2.3525503741871779E-003 -0.37710368106303438     
  -3.3683683683683681       -2.4815697320009224E-003 -0.37945154252924612     
  -3.3583583583583581       -2.6304051430023879E-003 -0.38172922778845481     
  -3.3483483483483480       -2.6578611126076785E-003 -0.38415898471122695     
  -3.3383383383383380       -2.8740929572617876E-003 -0.38675861475778722     
  -3.3283283283283280       -3.3794510960713348E-003 -0.38915502714724809     
  -3.3183183183183180       -3.3402268374189241E-003 -0.39140597482401118     
  -3.3083083083083080       -3.5692593532754132E-003 -0.39428358060940943     
  -3.2982982982982980       -4.3017685990542273E-003 -0.39654601595608413     
  -3.2882882882882880       -3.8099430426334043E-003 -0.39886623148556571     
  -3.2782782782782780       -3.6523430445540702E-003 -0.40220320333914095     
  -3.2682682682682680       -3.9292301296633891E-003 -0.40583224128480205     
  -3.2582582582582580       -4.6322013519560544E-003 -0.40985543156718995     
  -3.2482482482482480       -6.3133756715806960E-003 -0.41447539587556220     
  -3.2382382382382380       -1.0765029763697018E-002 -0.41855841715148429     
  -3.2282282282282280       -1.4115757688453209E-002 -0.41822036048489764     
  -3.2182182182182180       -1.8049516019939923E-002 -0.41838620489376316     
  -3.2082082082082080       -1.4536832395192777E-002 -0.41589848744519520     
  -3.1981981981981980       -1.4493336938258897E-002 -0.42226258598363942     
  -3.1881881881881879       -2.1727673078068006E-002 -0.42022507744469817     
  -3.1781781781781779       -1.3828084218378047E-002 -0.41607780798206662     
  -3.1681681681681679       -9.0281557108449068E-003 -0.42264223389467404     
  -3.1581581581581579       -8.8709495857686761E-003 -0.42968938653620581     
  -3.1481481481481479       -1.2375635274123262E-002 -0.43451714579001910     
  -3.1381381381381379       -1.1607023899378330E-002 -0.43494227292977572     
  -3.1281281281281279       -9.5216226795611630E-003 -0.44157913555064537     
  -3.1181181181181179       -1.0953845431211688E-002 -0.45023532175028885     
  -3.1081081081081079       -1.6877059009059892E-002 -0.46052002458004448     
  -3.0980980980980979       -3.4569048180363472E-002 -0.46744032671405217     
  -3.0880880880880879       -4.6790902133342735E-002 -0.45113344796411842     
  -3.0780780780780779       -4.7125627813375884E-002 -0.43667231675061430     
  -3.0680680680680679       -2.7342566395345217E-002 -0.43178597177235045     
  -3.0580580580580579       -2.1908434290177095E-002 -0.44320647839005944     
  -3.0480480480480479       -2.3414985083616877E-002 -0.44351582188627758     
  -3.0380380380380378       -1.4724538968978181E-002 -0.44807979466840919     
  -3.0280280280280278       -1.1832591239478059E-002 -0.45827414992615051     
  -3.0180180180180178       -1.3097854002354062E-002 -0.46854909318988047     
  -3.0080080080080078       -1.8626723413068935E-002 -0.47603474155975506     
  -2.9979979979979978       -1.8657755545368287E-002 -0.48095381016546018     
  -2.9879879879879878       -2.1460097376658809E-002 -0.49512968451294298     
  -2.9779779779779778       -3.6863914993073878E-002 -0.51378050158020516     
  -2.9679679679679678       -8.2967208288813321E-002 -0.51863363062764856     
  -2.9579579579579578      -0.10551773210117683      -0.45588208026924348     
  -2.9479479479479478       -6.0682004298703331E-002 -0.43493165653088139     
  -2.9379379379379378       -4.9957312474272340E-002 -0.44118029210644377     
  -2.9279279279279278       -3.1287555622049816E-002 -0.43770007743713957     
  -2.9179179179179178       -1.7044751461894617E-002 -0.45026788403508239     
  -2.9079079079079078       -1.1675506282451833E-002 -0.46221253976707283     
  -2.8978978978978978       -9.2588359187613430E-003 -0.47192145666738006     
  -2.8878878878878878       -7.9864981415279004E-003 -0.48022775996163070     
  -2.8778778778778777       -7.2546027543351566E-003 -0.48769132817715399     
  -2.8678678678678677       -6.8163989677964380E-003 -0.49463963749412326     
  -2.8578578578578577       -6.5550008716855979E-003 -0.50127293046496135     
  -2.8478478478478477       -6.4089787803701835E-003 -0.50772148669850437     
  -2.8378378378378377       -6.3435967381724042E-003 -0.51407536836168632     
  -2.8278278278278277       -6.3382175406626676E-003 -0.52040055287684583     
  -2.8178178178178177       -6.3802491315219263E-003 -0.52674819233656800     
  -2.8078078078078077       -6.4620327365780654E-003 -0.53316025241760268     
  -2.7977977977977977       -6.5791807963011990E-003 -0.53967317713293395     
  -2.7877877877877877       -6.7297041309887125E-003 -0.54632046940894630     
  -2.7777777777777777       -6.9136453172375508E-003 -0.55313471699226524     
  -2.7677677677677677       -7.1331792683351153E-003 -0.56014943361371716     
  -2.7577577577577577       -7.3935390516226664E-003 -0.56740100563896834     
  -2.7477477477477477       -7.7066448975993433E-003 -0.57493026072718201     
  -2.7377377377377377       -8.1014333394435045E-003 -0.58277003150590034     
  -2.7277277277277276       -8.5372896740990058E-003 -0.59091675155880996     
  -2.7177177177177176       -9.0059633962535322E-003 -0.59957968769215653     
  -2.7077077077077076       -9.6477292943796950E-003 -0.60882906580800356     
  -2.6976976976976976       -1.0533493916670475E-002 -0.61879603711742925     
  -2.6876876876876876       -1.1857374142340945E-002 -0.62973290175806029     
  -2.6776776776776776       -1.4157066750155099E-002 -0.64205073123104928     
  -2.6676676676676676       -1.9204845935455187E-002 -0.65608807688068715     
  -2.6576576576576576       -3.0656029863466917E-002 -0.66767914205820145     
  -2.6476476476476476       -4.1926748013927352E-002 -0.67053191529221801     
  -2.6376376376376376       -3.9094030129099358E-002 -0.67069239345134379     
  -2.6276276276276276       -4.5889366878161107E-002 -0.68388356925822358     
  -2.6176176176176176       -4.4664016932609039E-002 -0.67567136861877797     
  -2.6076076076076076       -2.9708746189300847E-002 -0.69170927683124994     
  -2.5975975975975976       -2.7430445900988799E-002 -0.71562646143616093     
  -2.5875875875875876       -3.2814035733356298E-002 -0.74176147618597921     
  -2.5775775775775776       -5.1329685575977682E-002 -0.76945042210140324     
  -2.5675675675675675       -8.5377340254647327E-002 -0.77518397593368138     
  -2.5575575575575575       -9.9776188642438160E-002 -0.75255023758966699     
  -2.5475475475475475       -6.8505297274938939E-002 -0.75735276242672900     
  -2.5375375375375375       -7.1942070982370723E-002 -0.79181780387992762     
  -2.5275275275275275       -7.9191542839178342E-002 -0.79622149639079742     
  -2.5175175175175175       -6.9590878212962129E-002 -0.83043930401053334     
  -2.5075075075075075      -0.10153971932717241      -0.87163837927654209     
  -2.4974974974974975      -0.13035682650499647      -0.84985278361820271     
  -2.4874874874874875      -0.10894151483930303      -0.87668962772837211     
  -2.4774774774774775      -0.13468106458982484      -0.89612979162256823     
  -2.4674674674674675      -0.11359662039158784      -0.92316474109528990     
  -2.4574574574574575      -0.14064290037573282       -1.0012135257954022     
  -2.4474474474474475      -0.26088107984980274       -1.0278640839808779     
  -2.4374374374374375      -0.28052188207247675      -0.90790572686477922     
  -2.4274274274274275      -0.17248811634625022      -0.90455587090291001     
  -2.4174174174174174      -0.12279808266786700      -0.99979748922576517     
  -2.4074074074074074      -0.12195685347587318       -1.1071013668784906     
  -2.3973973973973974      -0.15009951350725334       -1.2291227592168075     
  -2.3873873873873874      -0.22419054396431706       -1.3797884796944058     
  -2.3773773773773774      -0.40702772778251683       -1.5316996746786982     
  -2.3673673673673674      -0.66762152097606287       -1.5582346099264917     
  -2.3573573573573574      -0.88364787991502236       -1.4779773054394272     
  -2.3473473473473474       -1.0348062439598391       -1.3623732776497088     
  -2.3373373373373374       -1.1199190662924818       -1.2473585582397486     
  -2.3273273273273274       -1.2450399239988061       -1.1748832280078056     
  -2.3173173173173174       -1.3542429455900937       -1.0256242459968246     
  -2.3073073073073074       -1.4360180267634302      -0.85940447299479694     
  -2.2972972972972974       -1.4187469055673381      -0.64418278070734303     
  -2.2872872872872874       -1.3204539764530538      -0.64771052808005036     
  -2.2772772772772774       -1.5082133629747605      -0.60740426371855483     
  -2.2672672672672673       -1.6320430603372802      -0.37415406893909653     
  -2.2572572572572573       -1.6576590086905616       -9.1082876175867147E-002
  -2.2472472472472473       -1.5931577979774960       0.21930450667711829     
  -2.2372372372372373       -1.4081016982703571       0.54125350929647031     
  -2.2272272272272273       -1.0427530425110658       0.80168532069245069     
  -2.2172172172172173      -0.55942786398534439       0.78562575636705134     
  -2.2072072072072073      -0.28935509856977532       0.55598930903127863     
  -2.1971971971971973      -0.18056847182243213       0.36494021346820127     
  -2.1871871871871873      -0.12764065253225731       0.22551286871029214     
  -2.1771771771771773       -9.7376827429897769E-002  0.11944099774285558     
  -2.1671671671671673       -7.8203525907707891E-002   3.4986773968973831E-002
  -2.1571571571571573       -6.5219066324432265E-002  -3.4789469184524337E-002
  -2.1471471471471473       -5.6041088471221162E-002  -9.4191951807685151E-002
  -2.1371371371371373       -4.9425226757630218E-002 -0.14605593077350951     
  -2.1271271271271273       -4.4804397127379179E-002 -0.19233955774119735     
  -2.1171171171171173       -4.2194157883500082E-002 -0.23398142711345646     
  -2.1071071071071072       -4.0245142539891095E-002 -0.27131895606816059     
  -2.0970970970970972       -3.8568163345046133E-002 -0.30574044875925344     
  -2.0870870870870872       -3.7965203614280213E-002 -0.33995111018283436     
  -2.0770770770770772       -4.1415961699380020E-002 -0.36894861272300389     
  -2.0670670670670672       -3.8613568568050101E-002 -0.39563982552540405     
  -2.0570570570570572       -4.1601516184152622E-002 -0.42412206976072914     
  -2.0470470470470472       -3.9051382309688527E-002 -0.44302319092381015     
  -2.0370370370370372       -3.1865850112263720E-002 -0.47082007922489427     
  -2.0270270270270272       -2.8336079354696401E-002 -0.50022954156092325     
  -2.0170170170170172       -2.3517878178485534E-002 -0.53069024110461860     
  -2.0070070070070072       -2.6549226283793342E-002 -0.57467882847766039     
  -1.9969969969969972       -4.0194234867458774E-002 -0.59231776344510345     
  -1.9869869869869872       -3.5359652616131811E-002 -0.61800917786897658     
  -1.9769769769769772       -3.4672403427789940E-002 -0.65046743151666164     
  -1.9669669669669672       -3.7043645437898065E-002 -0.68380160512038080     
  -1.9569569569569571       -3.8843931680390582E-002 -0.71744655979880345     
  -1.9469469469469471       -4.1291671449902520E-002 -0.75561846612054040     
  -1.9369369369369371       -4.7034927025044651E-002 -0.79726372341013130     
  -1.9269269269269271       -5.7073546040077291E-002 -0.83822512448673869     
  -1.9169169169169171       -5.9742807597731831E-002 -0.88193691182043599     
  -1.9069069069069071       -6.6186287216703055E-002 -0.94002421414150661     
  -1.8968968968968971       -8.1042933429345931E-002  -1.0092107731827542     
  -1.8868868868868871      -0.11108856951253847       -1.0939672175968742     
  -1.8768768768768771      -0.18400498493314660       -1.1919507302327688     
  -1.8668668668668671      -0.30624859013014594       -1.2186039578915202     
  -1.8568568568568571      -0.35645197113659904       -1.2139425985506174     
  -1.8468468468468471      -0.34672588163289347       -1.2879469002172756     
  -1.8368368368368371      -0.50543052210118355       -1.4422478531972907     
  -1.8268268268268271      -0.75923331074253164       -1.4054393394191449     
  -1.8168168168168171      -0.86606430742334051       -1.2459984051085908     
  -1.8068068068068071      -0.86678717806117656       -1.1091468568166376     
  -1.7967967967967970      -0.75444474295434305       -1.1200368799835978     
  -1.7867867867867866      -0.77477611155952597       -1.2987176146886328     
  -1.7767767767767766       -1.0077138099584872       -1.3671410789637981     
  -1.7667667667667666       -1.2006461162221436       -1.2825776746043560     
  -1.7567567567567566       -1.3043424681208797       -1.1467976964783380     
  -1.7467467467467466       -1.3322502745359379       -1.0760793110081264     
  -1.7367367367367366       -1.4330473684099150       -1.0205962421446209     
  -1.7267267267267266       -1.5180437069068340      -0.93752558889600834     
  -1.7167167167167166       -1.6140016705936224      -0.81902656766721704     
  -1.7067067067067065       -1.6657567837612777      -0.66960710921083721     
  -1.6966966966966965       -1.6794316784772148      -0.55288765756724412     
  -1.6866866866866865       -1.7328366090424328      -0.41824003062727000     
  -1.6766766766766765       -1.7348958121560556      -0.23136293793984877     
  -1.6666666666666665       -1.6280217698353778       -6.4541108518049908E-002
  -1.6566566566566565       -1.5614231646288523      -0.10414462821361309     
  -1.6466466466466465       -1.6897986412402819        1.1686595795407460E-002
  -1.6366366366366365       -1.7042720148376622       0.24219008740799075     
  -1.6266266266266265       -1.6342731703329028       0.48291571876761963     
  -1.6166166166166165       -1.4883397407327394       0.72458140542930216     
  -1.6066066066066065       -1.2419326584030168       0.94932858749926652     
  -1.5965965965965965      -0.85881993030313630        1.0801707960088216     
  -1.5865865865865865      -0.45370845460217329       0.95584881291096457     
  -1.5765765765765765      -0.25663082722920677       0.72064713647100354     
  -1.5665665665665665      -0.17307176394126328       0.53552617575172268     
  -1.5565565565565564      -0.12981047659228803       0.39491961493534677     
  -1.5465465465465464      -0.10396646762961181       0.28307489168581684     
  -1.5365365365365364       -8.7093990368014920E-002  0.19027686003146285     
  -1.5265265265265264       -7.5439687726135934E-002  0.11064976585759499     
  -1.5165165165165164       -6.7101038325198412E-002   4.0441326188731697E-002
  -1.5065065065065064       -6.1022308522303406E-002  -2.2887657306741277E-002
  -1.4964964964964964       -5.6583796107286220E-002  -8.1152413037355681E-002
  -1.4864864864864864       -5.3419630440527249E-002 -0.13572449375927417     
  -1.4764764764764764       -5.1349832546454546E-002 -0.18770674141787666     
  -1.4664664664664664       -5.0437463271102462E-002 -0.23803175895043174     
  -1.4564564564564564       -5.1290113379926755E-002 -0.28707502763079923     
  -1.4464464464464464       -5.2315190271622715E-002 -0.33358081791315747     
  -1.4364364364364364       -5.2773112686384675E-002 -0.38278959219770747     
  -1.4264264264264264       -5.7976192389278841E-002 -0.43430721980282960     
  -1.4164164164164164       -7.2187615713848394E-002 -0.48084379089359386     
  -1.4064064064064064       -7.2315213462766259E-002 -0.51616319816325151     
  -1.3963963963963963       -7.1894631792252986E-002 -0.57024843319149232     
  -1.3863863863863863       -7.6654044399978943E-002 -0.61869091806782528     
  -1.3763763763763763       -7.2798676396600800E-002 -0.67878988623079595     
  -1.3663663663663663       -7.6525160848272364E-002 -0.75002515918356905     
  -1.3563563563563563       -8.5374169322079904E-002 -0.82971389370715853     
  -1.3463463463463463      -0.10242570751897617      -0.92408896706213650     
  -1.3363363363363363      -0.13130291914764766       -1.0271265351942425     
  -1.3263263263263263      -0.17289654579276248       -1.1576206491642829     
  -1.3163163163163163      -0.26089717318397032       -1.3283714953128345     
  -1.3063063063063063      -0.46949678218745833       -1.4960548855055720     
  -1.2962962962962963      -0.74232712958673541       -1.5248328141221550     
  -1.2862862862862863      -0.95354491655173645       -1.4654001791987825     
  -1.2762762762762763       -1.1165808957870713       -1.3932911955822800     
  -1.2662662662662663       -1.2652186795457392       -1.3066800742953670     
  -1.2562562562562563       -1.3882376796203306       -1.2038469416109694     
  -1.2462462462462462       -1.4895761719831444       -1.0949336742675286     
  -1.2362362362362362       -1.5741347163140083      -0.98211497101023604     
  -1.2262262262262262       -1.6446168156810892      -0.86526052874906689     
  -1.2162162162162162       -1.7019619552826899      -0.74299003095417604     
  -1.2062062062062062       -1.7444094915759849      -0.61243551394770457     
  -1.1961961961961962       -1.7622845396011744      -0.47038545473289856     
  -1.1861861861861862       -1.7323992528603767      -0.33227215759638207     
  -1.1761761761761762       -1.6743628174854051      -0.25878692395030645     
  -1.1661661661661662       -1.6570903598379161      -0.19641918596711447     
  -1.1561561561561562       -1.6253615904963856      -0.20247320359926468     
  -1.1461461461461462       -1.7363158309512949      -0.14325907523953013     
  -1.1361361361361362       -1.7631669543087931       -6.1539598065383739E-003
  -1.1261261261261262       -1.7803179873993700       0.12663225925528748     
  -1.1161161161161162       -1.7401263354158429       0.29228026847401684     
  -1.1061061061061062       -1.6098437773446623       0.39252195298127945     
  -1.0960960960960962       -1.6143228239540952       0.35764085711740717     
  -1.0860860860860861       -1.6772306438442133       0.51359316193138793     
  -1.0760760760760761       -1.6343995816619863       0.70293415062160791     
  -1.0660660660660661       -1.5387174318393333       0.88062459345593358     
  -1.0560560560560561       -1.3996403071552963        1.0486868523746986     
  -1.0460460460460461       -1.2079063389991378        1.2030185272736655     
  -1.0360360360360361      -0.94311975217617083        1.3213036278741934     
  -1.0260260260260261      -0.59740164695879161        1.3260599021104422     
  -1.0160160160160161      -0.31941611712595175        1.1429386366020717     
  -1.0060060060060061      -0.19861224432912783       0.94260375515638939     
 -0.99599599599599564      -0.14269358576119362       0.78877948594691860     
 -0.98598598598598564      -0.11137709571790209       0.66856640589123240     
 -0.97597597597597563       -9.1556638879822197E-002  0.57050363719142405     
 -0.96596596596596562       -7.8006084368163156E-002  0.48765657147716851     
 -0.95595595595595562       -6.8257172782305087E-002  0.41572541492085890     
 -0.94594594594594561       -6.0996351709642266E-002  0.35189309219176951     
 -0.93593593593593560       -5.5462054754238911E-002  0.29421643692100796     
 -0.92592592592592560       -5.1184085841840130E-002  0.24129377238971542     
 -0.91591591591591559       -4.7858396224186132E-002  0.19207339961942116     
 -0.90590590590590558       -4.5281855775023735E-002  0.14573728458143392     
 -0.89589589589589558       -4.3316102198103189E-002  0.10162685706237617     
 -0.88588588588588557       -4.1866570534800578E-002   5.9193378438252980E-002
 -0.87587587587587556       -4.0869991246948650E-002   1.7963067842308507E-002
 -0.86586586586586556       -4.0286944994579833E-002  -2.2488816405591978E-002
 -0.85585585585585555       -4.0097706630734135E-002  -6.2558612860208002E-002
 -0.84584584584584555       -4.0300524171046966E-002 -0.10263217092331607     
 -0.83583583583583554       -4.0912101911073376E-002 -0.14310211704389375     
 -0.82582582582582553       -4.1970690776474091E-002 -0.18438655414960783     
 -0.81581581581581553       -4.3543259641629674E-002 -0.22695184667052626     
 -0.80580580580580552       -4.5740910358585657E-002 -0.27134358651473006     
 -0.79579579579579551       -4.8755651461640841E-002 -0.31823228559603450     
 -0.78578578578578551       -5.2969482290537183E-002 -0.36847482815421961     
 -0.77577577577577550       -5.9343450018328692E-002 -0.42300816446038042     
 -0.76576576576576549       -6.8828343320034999E-002 -0.48082041679945015     
 -0.75575575575575549       -7.7409545114977066E-002 -0.54598711519377496     
 -0.74574574574574548       -9.4276179323963025E-002 -0.62482281965408970     
 -0.73573573573573547      -0.13230037156637756      -0.71155723885306466     
 -0.72572572572572547      -0.17192662630486194      -0.77375177305287468     
 -0.71571571571571546      -0.19505340128874765      -0.88369410334427512     
 -0.70570570570570545      -0.25510960448446124       -1.0084426109516094     
 -0.69569569569569545      -0.35793319955574582       -1.2021029895905928     
 -0.68568568568568544      -0.63784080582137559       -1.3686416606861964     
 -0.67567567567567544      -0.96061536709687512       -1.3482890339272413     
 -0.66566566566566543       -1.2061175547732004       -1.2336530241692927     
 -0.65565565565565542       -1.3882356743949624       -1.0891595705660819     
 -0.64564564564564542       -1.5257695045896498      -0.93420586406757911     
 -0.63563563563563541       -1.6302402546079753      -0.77529274183757302     
 -0.62562562562562540       -1.7085907005585002      -0.61472641015552065     
 -0.61561561561561540       -1.7650078619237162      -0.45313232632680234     
 -0.60560560560560539       -1.8017710638329314      -0.29030234709623726     
 -0.59559559559559538       -1.8193573733557309      -0.12552184236444713     
 -0.58558558558558538       -1.8152679644531484        4.1654072136447520E-002
 -0.57557557557557537       -1.7838158320803479       0.20307736229365331     
 -0.56556556556556536       -1.7468156330203575       0.35697043398384620     
 -0.55555555555555536       -1.6744574911551509       0.52283994354604790     
 -0.54554554554554535       -1.5717554301438892       0.67754734693705865     
 -0.53553553553553535       -1.3763708097540266       0.79767297291829997     
 -0.52552552552552534       -1.2463746387251353       0.68886280605509587     
 -0.51551551551551533       -1.3736629016747666       0.78570144487137539     
 -0.50550550550550533       -1.2934284994297780        1.0335665684800832     
 -0.49549549549549532       -1.0799783296423850        1.2276473005932005     
 -0.48548548548548531      -0.76897101736759943        1.3321711317460216     
 -0.47547547547547531      -0.42488583552479464        1.2505329465475521     
 -0.46546546546546530      -0.23640655913367523        1.0483289459568021     
 -0.45545545545545529      -0.15733197241278943       0.88132739425012485     
 -0.44544544544544529      -0.11710518173592646       0.75443065214229676     
 -0.43543543543543528       -9.3153037721490958E-002  0.65396833893571604     
 -0.42542542542542527       -7.7410074727307432E-002  0.57116958781366545     
 -0.41541541541541527       -6.6370573101597136E-002  0.50074815475689483     
 -0.40540540540540526       -5.8277062379665130E-002  0.43936045183969191     
 -0.39539539539539525       -5.2153996981150030E-002  0.38477528283473350     
 -0.38538538538538525       -4.7417694694867805E-002  0.33543248363594930     
 -0.37537537537537524       -4.3698571808988763E-002  0.29019680534018177     
 -0.36536536536536524       -4.0752238543478210E-002  0.24821321614535036     
 -0.35535535535535523       -3.8411678967113484E-002  0.20881759541108191     
 -0.34534534534534522       -3.6559997545706976E-002  0.17147916952757342     
 -0.33533533533533522       -3.5114156108919978E-002  0.13576191282548616     
 -0.32532532532532521       -3.4014919521947323E-002  0.10129767545101313     
 -0.31531531531531520       -3.3220487766348304E-002   6.7766751391376640E-002
 -0.30530530530530520       -3.2702425399429934E-002   3.4883234970954205E-002
 -0.29529529529529519       -3.2443100924093006E-002   2.3834474942055917E-003
 -0.28528528528528518       -3.2434186971741996E-002  -2.9983743835843353E-002
 -0.27527527527527518       -3.2675976738644232E-002  -6.2465585251302157E-002
 -0.26526526526526517       -3.3177409955360976E-002  -9.5313787502703556E-002
 -0.25525525525525516       -3.3956811971788708E-002 -0.12879323590108219     
 -0.24524524524524516       -3.5043460677705911E-002 -0.16319177967710427     
 -0.23523523523523515       -3.6480236631680638E-002 -0.19883198645527569     
 -0.22522522522522515       -3.8327822205090234E-002 -0.23608606704093446     
 -0.21521521521521514       -4.0671265443460544E-002 -0.27539573535471623     
 -0.20520520520520513       -4.3630348725133564E-002 -0.31729973448605120     
 -0.19519519519519513       -4.7376382714933205E-002 -0.36247345424085775     
 -0.18518518518518512       -5.2160408961539916E-002 -0.41178812972963758     
 -0.17517517517517511       -5.8362833040198583E-002 -0.46640287588193696     
 -0.16516516516516511       -6.6586080011644011E-002 -0.52791416532204571     
 -0.15515515515515510       -7.7840916531550480E-002 -0.59861078779575805     
 -0.14514514514514509       -9.3958558264126843E-002 -0.68193242675083798     
 -0.13513513513513509      -0.11862314967681918      -0.78333351572219911     
 -0.12512512512512508      -0.16042264301668852      -0.91186863855108347     
 -0.11511511511511507      -0.24381229608207874       -1.0812639189225113     
 -0.10510510510510507      -0.44365696908586583       -1.2802748823596350     
  -9.5095095095095061E-002 -0.78689446396871288       -1.3439653462019745     
  -8.5085085085085055E-002  -1.0824394067258423       -1.2309973240803009     
  -7.5075075075075048E-002  -1.2587119859957696       -1.0365964234850726     
  -6.5065065065065042E-002  -1.2909247664922856      -0.91830981974523818     
  -5.5055055055055035E-002  -1.4324234790689796      -0.85739443188044118     
  -4.5045045045045029E-002  -1.5383215408282871      -0.74109295022146271     
  -3.5035035035035023E-002  -1.6622560454931996      -0.60662026093740606     
  -2.5025025025025016E-002  -1.7448507017559793      -0.43408352649774368     
  -1.5015015015015010E-002  -1.7910936642710951      -0.25848006179423694     
  -5.0050050050050032E-003  -1.8104324189653953       -8.4856144655433924E-002
   5.0050050050050032E-003  -1.8104450693780401        8.4616177607627741E-002
   1.5015015015015010E-002  -1.7911347906842765       0.25823949356212078     
   2.5025025025025016E-002  -1.7449250714403908       0.43384504607427854     
   3.5035035035035023E-002  -1.6623747522148127       0.60640025158874356     
   4.5045045045045029E-002  -1.5384077978856103       0.74094603024407280     
   5.5055055055055035E-002  -1.4325324261823178       0.85710713243259473     
   6.5065065065065042E-002  -1.2911012619209523       0.91807906285466268     
   7.5075075075075048E-002  -1.2589694594083887        1.0363043233432199     
   8.5085085085085055E-002  -1.0828503132767358        1.2307635529159859     
   9.5095095095095061E-002 -0.78745465945719539        1.3439055771924155     
  0.10510510510510507      -0.44413924271123179        1.2805599971979122     
  0.11511511511511507      -0.24401369664939956        1.0815840020241183     
  0.12512512512512508      -0.16051529100416198       0.91211039616549616     
  0.13513513513513509      -0.11867492024512184       0.78351970523641412     
  0.14514514514514509       -9.3991360468014179E-002  0.68208203922684352     
  0.15515515515515510       -7.7863479444241795E-002  0.59873517052677594     
  0.16516516516516511       -6.6602518716790043E-002  0.52802026970921445     
  0.17517517517517511       -5.8375335144446497E-002  0.46649518600252160     
  0.18518518518518512       -5.2170244694397051E-002  0.41186967486326803     
  0.19519519519519513       -4.7384341193791618E-002  0.36254635845663824     
  0.20520520520520513       -4.3636947392314281E-002  0.31736553070487633     
  0.21521521521521514       -4.0676859285453795E-002  0.27545555370515623     
  0.22522522522522515       -3.8332664646585267E-002  0.23614075255655170     
  0.23523523523523515       -3.6484515442215530E-002  0.19888217508426462     
  0.24524524524524516       -3.5047320214141385E-002  0.16323794857384943     
  0.25525525525525516       -3.3960367613215400E-002  0.12883573716104224     
  0.26526526526526517       -3.3180757935742919E-002   9.5352870762881861E-002
  0.27527527527527518       -3.2679201229585862E-002   6.2501412425805994E-002
  0.28528528528528518       -3.2437365552647403E-002   3.0016397951308459E-002
  0.29529529529529519       -3.2446309195845499E-002  -2.3539582421601580E-003
  0.30530530530530520       -3.2705741306320535E-002  -3.4856977417680055E-002
  0.31531531531531520       -3.3223996122509682E-002  -6.7743871823399276E-002
  0.32532532532532521       -3.4018717269229767E-002 -0.10127840868104608     
  0.33533533533533522       -3.5118358970441729E-002 -0.13574659690186025     
  0.34534534534534522       -3.6564749024683631E-002 -0.17146826778742788     
  0.35535535535535523       -3.8417163168185831E-002 -0.20881172866662800     
  0.36536536536536524       -4.0758699257206488E-002 -0.24821320950239309     
  0.37537537537537524       -4.3706342100311567E-002 -0.29020375699566986     
  0.38538538538538525       -4.7427244737190496E-002 -0.33544786795771314     
  0.39539539539539525       -5.2166015049393159E-002 -0.38480110903868719     
  0.40540540540540526       -5.8292599569979946E-002 -0.43939951673646394     
  0.41541541541541527       -6.6391319249865674E-002 -0.50080446231974507     
  0.42542542542542527       -7.7438928593397807E-002 -0.57124908007916209     
  0.43543543543543528       -9.3195412879019224E-002 -0.65408023698114337     
  0.44544544544544529      -0.11717242847091966      -0.75459001027220685     
  0.45545545545545529      -0.15745207816231346      -0.88155955122748575     
  0.46546546546546530      -0.23666461454342685       -1.0486673379988334     
  0.47547547547547531      -0.42551777913760436       -1.2508613261967758     
  0.48548548548548531      -0.76978366743832927       -1.3320263643850634     
  0.49549549549549532       -1.0806079772915569       -1.2271980756250758     
  0.50550550550550533       -1.2938271968160362       -1.0329305023481674     
  0.51551551551551533       -1.3735715151406620      -0.78500089597017053     
  0.52552552552552534       -1.2461713483080215      -0.68920778473384758     
  0.53553553553553535       -1.3771726244957641      -0.79746573473203874     
  0.54554554554554535       -1.5721874973062575      -0.67686259887456024     
  0.55555555555555536       -1.6746048170047998      -0.52221111184695934     
  0.56556556556556536       -1.7469312609631957      -0.35640793294160311     
  0.57557557557557537       -1.7839657302565910      -0.20246210879505752     
  0.58558558558558538       -1.8153061592691244       -4.0943879636122719E-002
  0.59559559559559538       -1.8192926166036780       0.12625160733374452     
  0.60560560560560539       -1.8016170282931383       0.29104794348556312     
  0.61561561561561540       -1.7647607036715405       0.45389569065284657     
  0.62562562562562540       -1.7082376318550494       0.61550776609471680     
  0.63563563563563541       -1.6297600224039204       0.77608916206858969     
  0.64564564564564542       -1.5251291429156975       0.93500840888660286     
  0.65565565565565542       -1.3873831329398931        1.0899454766162375     
  0.66566566566566543       -1.2049676722772746        1.2343615806858930     
  0.67567567567567544      -0.95903947042447035        1.3487319663347259     
  0.68568568568568544      -0.63592970554149519        1.3682206165868374     
  0.69569569569569545      -0.35692394996952215        1.2008458976384493     
  0.70570570570570545      -0.25482676120057629        1.0076190246591581     
  0.71571571571571546      -0.19476234848257198       0.88296518985721428     
  0.72572572572572547      -0.17189579740808753       0.77335877563452537     
  0.73573573573573547      -0.13199188480076915       0.71112065959964188     
  0.74574574574574548       -9.4133933090618571E-002  0.62435359216881181     
  0.75575575575575549       -7.7343905380651126E-002  0.54559260934978004     
  0.76576576576576549       -6.8772457019689301E-002  0.48050682278715440     
  0.77577577577577550       -5.9292734442705830E-002  0.42270925275089477     
  0.78578578578578551       -5.2935984973527937E-002  0.36820580782205725     
  0.79579579579579551       -4.8730483409090170E-002  0.31799005469681407     
  0.80580580580580552       -4.5720759550381594E-002  0.27112310473523066     
  0.81581581581581553       -4.3526588394889140E-002  0.22674931309573906     
  0.82582582582582553       -4.1956609632832709E-002  0.18419911474329587     
  0.83583583583583554       -4.0900028364707020E-002  0.14292756555876887     
  0.84584584584584555       -4.0290048089271696E-002  0.10246875933551110     
  0.85585585585585555       -4.0088525302720605E-002   6.2404929946006132E-002
  0.86586586586586556       -4.0278827142257979E-002   2.2343706572023881E-002
  0.87587587587587556       -4.0862755075779751E-002  -1.8100560805966177E-002
  0.88588588588588557       -4.1860069338716922E-002  -5.9324051310465836E-002
  0.89589589589589558       -4.3310214292676612E-002 -0.10175137589285344     
  0.90590590590590558       -4.5276476948541602E-002 -0.14585620517360193     
  0.91591591591591559       -4.7853433539063413E-002 -0.19218718155258085     
  0.92592592592592560       -5.1179451864227017E-002 -0.24140278743037599     
  0.93593593593593560       -5.5457661243837358E-002 -0.29432097185350220     
  0.94594594594594561       -6.0992101399390770E-002 -0.35199334512463204     
  0.95595595595595562       -6.8252946811793835E-002 -0.41582148263961305     
  0.96596596596596562       -7.8001720317497913E-002 -0.48774842272966573     
  0.97597597597597563       -9.1551887546115429E-002 -0.57059106142703186     
  0.98598598598598564      -0.11137152502116440      -0.66864891576453234     
  0.99599599599599564      -0.14268633345038789      -0.78885613081100270     
   1.0060060060060056      -0.19860125101187362      -0.94267281043144147     
   1.0160160160160157      -0.31939534956346105       -1.1429980136925155     
   1.0260260260260257      -0.59735847793617058       -1.3261170295105031     
   1.0360360360360357      -0.94305736986780486       -1.3213772624140636     
   1.0460460460460457       -1.2078367796133556       -1.2031149044878735     
   1.0560560560560557       -1.3995724083521039       -1.0488071312393343     
   1.0660660660660657       -1.5386591627560420      -0.88077056292758826     
   1.0760760760760757       -1.6343648886973838      -0.70311096686409902     
   1.0860860860860857       -1.6772654632256270      -0.51380115569217977     
   1.0960960960960957       -1.6145065416279583      -0.35770862743518456     
   1.1061061061061057       -1.6097069758596121      -0.39250362733720284     
   1.1161161161161157       -1.7400453161102847      -0.29246760101981922     
   1.1261261261261257       -1.7803418343988173      -0.12683744823290805     
   1.1361361361361357       -1.7632124293802467        5.9974552563454514E-003
   1.1461461461461457       -1.7364699080627239       0.14306398790223773     
   1.1561561561561557       -1.6255812108614838       0.20256939206072921     
   1.1661661661661658       -1.6570004681073707       0.19653119302773370     
   1.1761761761761758       -1.6742517754568143       0.25873057598083271     
   1.1861861861861858       -1.7322419853608577       0.33210723513656759     
   1.1961961961961958       -1.7622681738019461       0.47016284804102715     
   1.2062062062062058       -1.7444444621009481       0.61224763446368402     
   1.2162162162162158       -1.7020175325892191       0.74282468002614332     
   1.2262262262262258       -1.6446844672176282       0.86511110384461509     
   1.2362362362362358       -1.5742105108752367       0.98197839084851712     
   1.2462462462462458       -1.4896564521244469        1.0948082921708555     
   1.2562562562562558       -1.3883157175533343        1.2037293222621972     
   1.2662662662662658       -1.2652828193786210        1.3065476549908503     
   1.2762762762762758       -1.1167300291979820        1.3930827961275789     
   1.2862862862862858      -0.95370532751162940        1.4652904039167318     
   1.2962962962962958      -0.74252490592400833        1.5248370822635946     
   1.3063063063063058      -0.46963556135474421        1.4960737009302432     
   1.3163163163163158      -0.26099460233659644        1.3283906743094978     
   1.3263263263263259      -0.17299580349513310        1.1576428974747250     
   1.3363363363363359      -0.13139213525261426        1.0271589173559192     
   1.3463463463463459      -0.10242143661397038       0.92417425443112100     
   1.3563563563563559       -8.5359931546207510E-002  0.82969705833138063     
   1.3663663663663659       -7.6539294090282206E-002  0.74998897275933873     
   1.3763763763763759       -7.2847087389896079E-002  0.67875321905678732     
   1.3863863863863859       -7.6688974191344225E-002  0.61874877594833833     
   1.3963963963963959       -7.1837983027682226E-002  0.57017895939543906     
   1.4064064064064059       -7.2388679553759439E-002  0.51609876990912507     
   1.4164164164164168       -7.2173522894313058E-002  0.48085332443557161     
   1.4264264264264268       -5.7965702909331930E-002  0.43425808752030798     
   1.4364364364364368       -5.2776618026235622E-002  0.38273322007133892     
   1.4464464464464468       -5.2325522894752959E-002  0.33352642924587450     
   1.4564564564564568       -5.1293377774669524E-002  0.28701659835594795     
   1.4664664664664668       -5.0442548386388626E-002  0.23796536546646813     
   1.4764764764764768       -5.1356239032685727E-002  0.18763410825883714     
   1.4864864864864868       -5.3427151394342932E-002  0.13564490288980613     
   1.4964964964964969       -5.6592649619578203E-002   8.1064765438254541E-002
   1.5065065065065069       -6.1032938548501579E-002   2.2790493212751100E-002
   1.5165165165165169       -6.7114153557941092E-002  -4.0550001270224380E-002
   1.5265265265265269       -7.5456428536544648E-002 -0.11077276734907160     
   1.5365365365365369       -8.7116296560361309E-002 -0.19041831349564814     
   1.5465465465465469      -0.10399791884008412      -0.28324112294187254     
   1.5565565565565569      -0.12985845763816689      -0.39512084524682922     
   1.5665665665665669      -0.17315406516724158      -0.53577959788460461     
   1.5765765765765769      -0.25680015371068082      -0.72097784271430387     
   1.5865865865865869      -0.45412918809306324      -0.95620989262496847     
   1.5965965965965969      -0.85942990968458688       -1.0801750081833021     
   1.6066066066066069       -1.2423478719262007      -0.94910483384256539     
   1.6166166166166169       -1.4885889830974139      -0.72432450159270378     
   1.6266266266266269       -1.6344168587726180      -0.48267692690074188     
   1.6366366366366369       -1.7043417044996441      -0.24198105078423521     
   1.6466466466466469       -1.6897932030750926       -1.1523698398132389E-002
   1.6566566566566570       -1.5614075709151440       0.10413315266465685     
   1.6666666666666670       -1.6281913925723082        6.4643009191736461E-002
   1.6766766766766770       -1.7349358960460275       0.23153361623533539     
   1.6866866866866870       -1.7327707378685047       0.41834858429873339     
   1.6966966966966970       -1.6794605665455222       0.55276294632692535     
   1.7067067067067070       -1.6658998950970412       0.66975380872946000     
   1.7167167167167170       -1.6139863426530416       0.81915832527994104     
   1.7267267267267270       -1.5180100171141926       0.93753405521554045     
   1.7367367367367370       -1.4330159563940510        1.0206285087200770     
   1.7467467467467470       -1.3326313781387655        1.0758283933417851     
   1.7567567567567570       -1.3045795036100998        1.1473955420908779     
   1.7667667667667670       -1.2003657200460087        1.2830318395330427     
   1.7767767767767770       -1.0072281770332601        1.3673369535442124     
   1.7867867867867870      -0.77425429983091731        1.2985106181505992     
   1.7967967967967970      -0.75421874916438303        1.1195746828532869     
   1.8068068068068071      -0.86688550532821773        1.1088931015012757     
   1.8168168168168171      -0.86610462159164492        1.2456905607024888     
   1.8268268268268271      -0.75927312454890417        1.4051814767122961     
   1.8368368368368371      -0.50551769203462360        1.4416601799950790     
   1.8468468468468471      -0.34779000915752517        1.2872979616059006     
   1.8568568568568571      -0.35728310266188945        1.2149013376335882     
   1.8668668668668671      -0.30632036871671992        1.2195850915925563     
   1.8768768768768771      -0.18356062433569112        1.1921153028314209     
   1.8868868868868871      -0.11096137357551558        1.0939465795725756     
   1.8968968968968971       -8.1017564795021355E-002   1.0091985916520829     
   1.9069069069069071       -6.6213698753738934E-002  0.94001370885693902     
   1.9169169169169171       -5.9860232168888618E-002  0.88196304470038378     
   1.9269269269269271       -5.7086049729192262E-002  0.83841756827513358     
   1.9369369369369371       -4.7004132071443071E-002  0.79738022365467653     
   1.9469469469469471       -4.1170800673439284E-002  0.75575062325235998     
   1.9569569569569571       -3.8458507052182518E-002  0.71732552919369563     
   1.9669669669669672       -3.7721004539995689E-002  0.68319417311072539     
   1.9769769769769772       -3.5047613073699989E-002  0.65122694457657537     
   1.9869869869869872       -3.4581140410160104E-002  0.61868559890713359     
   1.9969969969969972       -3.9455669309178446E-002  0.59042294569940967     
   2.0070070070070072       -2.7906926036023252E-002  0.57635647179478022     
   2.0170170170170172       -2.2892760333410547E-002  0.53077062064993275     
   2.0270270270270272       -2.8192577306725513E-002  0.50001544645056706     
   2.0370370370370372       -3.1941883087139342E-002  0.47062288965573040     
   2.0470470470470472       -3.9307035722219726E-002  0.44307300003650729     
   2.0570570570570572       -4.1482846169355658E-002  0.42421572220776960     
   2.0670670670670672       -3.8687317610501940E-002  0.39558511247239164     
   2.0770770770770772       -4.1321069040869414E-002  0.36913508498385644     
   2.0870870870870872       -3.7867773956887410E-002  0.33980972096712581     
   2.0970970970970972       -3.8651079243081636E-002  0.30564436301762210     
   2.1071071071071072       -4.0336208352754331E-002  0.27128604696363445     
   2.1171171171171173       -4.2178583827220464E-002  0.23401963522792657     
   2.1271271271271273       -4.4792942717775938E-002  0.19229173941611322     
   2.1371371371371373       -4.9433373987522698E-002  0.14599174266209994     
   2.1471471471471473       -5.6058191198964588E-002   9.4112915731749694E-002
   2.1571571571571573       -6.5244472717041785E-002   3.4689756139927946E-002
   2.1671671671671673       -7.8240495206565605E-002  -3.5115559188265366E-002
   2.1771771771771773       -9.7432943814468501E-002 -0.11961165768707729     
   2.1871871871871873      -0.12773279247835995      -0.22574648998302221     
   2.1971971971971973      -0.18073976393805949      -0.36527273147623740     
   2.2072072072072073      -0.28974060289184705      -0.55646574612410160     
   2.2172172172172173      -0.56040318331005423      -0.78602623649521219     
   2.2272272272272273       -1.0438761233264122      -0.80123178638312498     
   2.2372372372372373       -1.4087415491480075      -0.54043587216237121     
   2.2472472472472473       -1.5934344617244602      -0.21845279422833394     
   2.2572572572572573       -1.6576773230382114        9.1891800064016302E-002
   2.2672672672672673       -1.6318146270130058       0.37489082555005870     
   2.2772772772772774       -1.5076390164896973       0.60788683637375351     
   2.2872872872872874       -1.3202606880747312       0.64732406342991211     
   2.2972972972972974       -1.4187399525142290       0.64488619375552081     
   2.3073073073073074       -1.4355495646827643       0.85823858590942759     
   2.3173173173173174       -1.3588634401022970        1.0278920670217380     
   2.3273273273273274       -1.2404592757114135        1.1798605209449495     
   2.3373373373373374       -1.1137477197272889        1.2430681488655850     
   2.3473473473473474       -1.0419993194711075        1.3540402153667617     
   2.3573573573573574      -0.88703236151817522        1.4860960944653079     
   2.3673673673673674      -0.66346258134821623        1.5619733598742387     
   2.3773773773773774      -0.40255914086585337        1.5306776371341537     
   2.3873873873873874      -0.22253055866341370        1.3768923890626574     
   2.3973973973973974      -0.15009452949489396        1.2262715493387468     
   2.4074074074074074      -0.12356699502371600        1.1039681441047078     
   2.4174174174174174      -0.12886766127279034       0.99683561827455491     
   2.4274274274274275      -0.18668192135634909       0.91761969428007684     
   2.4374374374374375      -0.25167062267830065       0.92056004826963744     
   2.4474474474474475      -0.24601331303711346        1.0050259606912337     
   2.4574574574574575      -0.15840773226706184       0.97398568247982664     
   2.4674674674674675      -0.15560232376127264       0.94728512126471265     
   2.4774774774774775      -0.10383252298960562       0.92578461067666706     
   2.4874874874874875       -9.0961677661915347E-002  0.86373388538366558     
   2.4974974974974975      -0.12798850199662845       0.83535266856085100     
   2.5075075075075075      -0.11129727002106070       0.85625477992806553     
   2.5175175175175175       -9.7742257451404274E-002  0.83871496318290051     
   2.5275275275275275       -6.6867041766680888E-002  0.82500094408396851     
   2.5375375375375375       -5.3061692839138995E-002  0.78379788297858322     
   2.5475475475475475       -6.6762991398524124E-002  0.74380078727211740     
   2.5575575575575575      -0.11191712925394903       0.74425166643648544     
   2.5675675675675675       -8.9726814395263810E-002  0.78873401163310020     
   2.5775775775775776       -4.6584024401987452E-002  0.77047834262507064     
   2.5875875875875876       -3.1423805166787944E-002  0.74082977297873553     
   2.5975975975975976       -2.7015368614848899E-002  0.71487968162659532     
   2.6076076076076076       -2.9660827364455619E-002  0.69110661308109833     
   2.6176176176176176       -4.4898204209445354E-002  0.67528525823728103     
   2.6276276276276276       -4.6065388989977134E-002  0.68344206581308020     
   2.6376376376376376       -4.0170087352859665E-002  0.67065790439510808     
   2.6476476476476476       -4.1477620895490667E-002  0.67153536790913604     
   2.6576576576576576       -3.0257103861993824E-002  0.66762038606850782     
   2.6676676676676676       -1.9065808523622652E-002  0.65594153364471830     
   2.6776776776776776       -1.4111042756420838E-002  0.64193218024818544     
   2.6876876876876876       -1.1848642172707896E-002  0.62963098157406117     
   2.6976976976976976       -1.0559708910248228E-002  0.61869629826439954     
   2.7077077077077076       -9.7499125963249490E-003  0.60875442044842154     
   2.7177177177177176       -9.0982814666965804E-003  0.59965004495859098     
   2.7277277277277276       -8.5021898292144994E-003  0.59099114147626286     
   2.7377377377377377       -8.0530482168491256E-003  0.58275631035945341     
   2.7477477477477477       -7.6906294455512435E-003  0.57490604747016727     
   2.7577577577577577       -7.3873752097347459E-003  0.56738104224360553     
   2.7677677677677677       -7.1302455951421520E-003  0.56013248573682439     
   2.7777777777777777       -6.9120560578080047E-003  0.55311957010066237     
   2.7877877877877877       -6.7288203484054364E-003  0.54630639725982877     
   2.7977977977977977       -6.5787742809887738E-003  0.53965969874342057     
   2.8078078078078077       -6.4620585217804345E-003  0.53314697429919233     
   2.8178178178178177       -6.3808009712629458E-003  0.52673470073615924     
   2.8278278278278277       -6.3395941547597255E-003  0.52038629901496292     
   2.8378378378378377       -6.3465724892233615E-003  0.51405948705253135     
   2.8478478478478477       -6.4157711903722265E-003  0.50770252027197482     
   2.8578578578578577       -6.5732279566522401E-003  0.50124958006631171     
   2.8678678678678677       -6.8670331804231918E-003  0.49463053535496371     
   2.8778778778778777       -7.2905217417245415E-003  0.48774130228528201     
   2.8878878878878878       -7.9824468556760307E-003  0.48029068689575877     
   2.8978978978978978       -9.2188948610011819E-003  0.47200046817989427     
   2.9079079079079078       -1.1556231971416314E-002  0.46233024708745091     
   2.9179179179179178       -1.6656551702925144E-002  0.45043775152257459     
   2.9279279279279278       -2.9797087465442067E-002  0.43744116784802001     
   2.9379379379379378       -4.8957094742265124E-002  0.43435430049624479     
   2.9479479479479478       -7.9713590579190197E-002  0.43935544794615194     
   2.9579579579579578       -8.5932081222967915E-002  0.47228498506688821     
   2.9679679679679678       -7.2951344711875130E-002  0.50442499883572789     
   2.9779779779779778       -4.6329850362486491E-002  0.50175416446413423     
   2.9879879879879878       -3.1727688221680761E-002  0.50135586646814001     
   2.9979979979979978       -1.7662586982274568E-002  0.48953370373722249     
   3.0080080080080087       -1.2533828839240188E-002  0.47713104653659966     
   3.0180180180180187       -1.0834209939965452E-002  0.46646797726643080     
   3.0280280280280287       -1.1197441673414103E-002  0.45644941423349011     
   3.0380380380380387       -1.4803563437966469E-002  0.44642355541976048     
   3.0480480480480487       -2.4095575420655640E-002  0.44192952242579231     
   3.0580580580580587       -2.4017658361010809E-002  0.44103875918749741     
   3.0680680680680688       -3.4346925751589590E-002  0.43287654287987426     
   3.0780780780780788       -4.2456871950548758E-002  0.44707478792462346     
   3.0880880880880888       -4.1297329794154743E-002  0.44890642131565678     
   3.0980980980980988       -3.2941981022582313E-002  0.46435614240924034     
   3.1081081081081088       -1.7029770649641968E-002  0.45748194147966037     
   3.1181181181181188       -1.3243851709882595E-002  0.44714994608729219     
   3.1281281281281288       -1.5729636564278799E-002  0.44223540284133822     
   3.1381381381381388       -1.1581255510871353E-002  0.44160154582767941     
   3.1481481481481488       -8.0657054199155948E-003  0.43509144037033565     
   3.1581581581581588       -7.3752412499572713E-003  0.42829750331941463     
   3.1681681681681688       -8.5949436045365448E-003  0.42145732726516050     
   3.1781781781781788       -1.3846800088843862E-002  0.41501794722497165     
   3.1881881881881888       -2.2128709814459288E-002  0.41914062531003926     
   3.1981981981981988       -1.6000206057966777E-002  0.42101282428259801     
   3.2082082082082088       -1.8259789128333946E-002  0.41769564600211717     
   3.2182182182182189       -1.5087632748447216E-002  0.42132955683132145     
   3.2282282282282289       -1.2558202734567009E-002  0.41745102226203601     
   3.2382382382382389       -1.0282156468482460E-002  0.41777222210799125     
   3.2482482482482489       -6.2161546692524553E-003  0.41378560072286935     
   3.2582582582582589       -4.8192258560559049E-003  0.40916485084216531     
   3.2682682682682689       -4.7034218924601979E-003  0.40518736423444579     
   3.2782782782782789       -4.9001130780575572E-003  0.40280575598212187     
   3.2882882882882889       -3.7822338129897591E-003  0.40011380385719403     
   3.2982982982982989       -3.2587990462745573E-003  0.39691615020659077     
   3.3083083083083089       -3.0975534878133512E-003  0.39386645061342174     
   3.3183183183183189       -3.2502684896286568E-003  0.39100101074417087     
   3.3283283283283289       -3.5352964179601308E-003  0.38879484553430371     
   3.3383383383383389       -3.2858195658995318E-003  0.38672452992862938     
   3.3483483483483489       -2.7892827024970533E-003  0.38439732349989708     
   3.3583583583583589       -2.5304533006717963E-003  0.38187866823052735     
   3.3683683683683689       -2.4064730354581001E-003  0.37944243285052637     
   3.3783783783783790       -2.3292513946005437E-003  0.37708515477318805     
   3.3883883883883890       -2.2732477857001590E-003  0.37478819968529858     
   3.3983983983983990       -2.2294978288343336E-003  0.37253875161736022     
   3.4084084084084090       -2.1942225814518116E-003  0.37032777841507014     
   3.4184184184184190       -2.1656612875325409E-003  0.36814825028097514     
   3.4284284284284290       -2.1430126431536607E-003  0.36599414693108545     
   3.4384384384384390       -2.1260364831472227E-003  0.36385986558590311     
   3.4484484484484490       -2.1149073917901963E-003  0.36173980402363587     
   3.4584584584584590       -2.1101912796436806E-003  0.35962799832204817     
   3.4684684684684690       -2.1129097354159977E-003  0.35751773598100101     
   3.4784784784784790       -2.1247038376120998E-003  0.35540106895323637     
   3.4884884884884890       -2.1481581389801428E-003  0.35326812439744870     
   3.4984984984984990       -2.1874439404745666E-003  0.35110604115413746     
   3.5085085085085090       -2.2497137135629930E-003  0.34889721078811953     
   3.5185185185185190       -2.3486147605504262E-003  0.34661624669923458     
   3.5285285285285291       -2.5152332047193803E-003  0.34422555076882394     
   3.5385385385385391       -2.8380332393483118E-003  0.34168617427947928     
   3.5485485485485491       -3.4495972632753672E-003  0.33912973493084925     
   3.5585585585585591       -4.1410676039930179E-003  0.33675114080953888     
   3.5685685685685691       -4.3408430546393153E-003  0.33383319573578857     
   3.5785785785785791       -5.3728213738305853E-003  0.32963740228205551     
   3.5885885885885891       -8.2680134114932365E-003  0.32418091849253250     
   3.5985985985985991       -1.6652030072163010E-002  0.31754628070890989     
   3.6086086086086091       -3.7806286246219428E-002  0.32309341072990189     
   3.6186186186186191       -3.1197816632632616E-002  0.35103050665343061     
   3.6286286286286291       -1.3487714568182853E-002  0.34927674691700539     
   3.6386386386386391       -7.6709762887012924E-003  0.34240482809066897     
   3.6486486486486491       -5.9378278201847176E-003  0.33672557015484589     
   3.6586586586586591       -6.2634624202153573E-003  0.33170179672886768     
   3.6686686686686691       -9.5607833166423857E-003  0.32803645846979879     
   3.6786786786786791       -1.1445013199518008E-002  0.32956413772288612     
   3.6886886886886892       -1.2247010439690672E-002  0.32937304999188272     
   3.6986986986986992       -8.8109304626114507E-003  0.33115185605038500     
   3.7087087087087092       -5.8892008957240529E-003  0.32711012018473073     
   3.7187187187187192       -5.9013091319400418E-003  0.32231571504525597     
   3.7287287287287292       -8.6407910226047237E-003  0.31713469141110934     
   3.7387387387387392       -1.7683056597028055E-002  0.31460152246627282     
   3.7487487487487492       -2.3797892417570660E-002  0.32565488642829182     
   3.7587587587587592       -1.4115297493574723E-002  0.33364982177568459     
   3.7687687687687692       -6.7898251763696483E-003  0.32978412536370288     
   3.7787787787787792       -4.3065753887103530E-003  0.32552644243926321     
   3.7887887887887892       -3.3434778232153458E-003  0.32209237300888749     
   3.7987987987987992       -2.9878409224360280E-003  0.31911961341565676     
   3.8088088088088092       -3.0561412562686778E-003  0.31630236979979781     
   3.8188188188188192       -3.8051055438621450E-003  0.31340734155716243     
   3.8288288288288292       -6.4113794669194805E-003  0.31094393360345518     
   3.8388388388388393       -9.7042124439391322E-003  0.31264029710839641     
   3.8488488488488493       -7.3580373751033429E-003  0.31611231411681828     
   3.8588588588588593       -3.8696191347231371E-003  0.31425431463410175     
   3.8688688688688693       -2.7166444829935213E-003  0.31167289897645944     
   3.8788788788788793       -2.4347671572117185E-003  0.30940342468076892     
   3.8888888888888893       -2.8435073772232547E-003  0.30754462495678475     
   3.8988988988988993       -2.9864110820535948E-003  0.30703406876253619     
   3.9089089089089093       -2.0883652253107158E-003  0.30571044318118551     
   3.9189189189189193       -1.7438795733618500E-003  0.30401797242510048     
   3.9289289289289293       -1.6556970786170881E-003  0.30240543858534857     
   3.9389389389389393       -1.7823656946575814E-003  0.30087860332981825     
   3.9489489489489493       -2.1050331149419978E-003  0.29982842595410958     
   3.9589589589589593       -1.7327364800532896E-003  0.29884990387859933     
   3.9689689689689693       -1.5371426061695647E-003  0.29743899859995521     
   3.9789789789789793       -1.6241720851872560E-003  0.29607417276152059     
   3.9889889889889893       -1.7680780092628170E-003  0.29513979698480342     
   3.9989989989989994       -1.4470299541770447E-003  0.29406962495754141     
   4.0090090090090094       -1.2943178406529931E-003  0.29279679264239639     
   4.0190190190190194       -1.2327471561941626E-003  0.29155524426973356     
   4.0290290290290294       -1.2031661384181999E-003  0.29034595546867031     
   4.0390390390390394       -1.1943513496739939E-003  0.28915696924421824     
   4.0490490490490494       -1.2216915097199635E-003  0.28798646176817222     
   4.0590590590590594       -1.2875315275749906E-003  0.28691965995608648     
   4.0690690690690694       -1.2020148949593108E-003  0.28587333402983983     
   4.0790790790790794       -1.1461850062654928E-003  0.28473966581668309     
   4.0890890890890894       -1.1247151738043347E-003  0.28361212094504512     
   4.0990990990990994       -1.1151770203405773E-003  0.28249453140021558     
   4.1091091091091094       -1.1119477731697434E-003  0.28138217457860915     
   4.1191191191191194       -1.1141374493920540E-003  0.28027048397302395     
   4.1291291291291294       -1.1233295513325685E-003  0.27915452198925822     
   4.1391391391391394       -1.1456821894474673E-003  0.27802840048973465     
   4.1491491491491495       -1.2030487661221756E-003  0.27689347130569186     
   4.1591591591591595       -1.2881368395614508E-003  0.27582995384595393     
   4.1691691691691695       -1.2514147414540904E-003  0.27472397372306634     
   4.1791791791791795       -1.2683252856058008E-003  0.27350449084953221     
   4.1891891891891895       -1.3479402493443567E-003  0.27222440155755301     
   4.1991991991991995       -1.5185277021263464E-003  0.27085195061152034     
   4.2092092092092095       -1.9281995628843843E-003  0.26936157974713404     
   4.2192192192192195       -2.8754782421365047E-003  0.26821821535526702     
   4.2292292292292295       -2.8534989006097486E-003  0.26758056892880644     
   4.2392392392392395       -3.0388268479126135E-003  0.26552111391840427     
   4.2492492492492495       -4.8583719581080740E-003  0.26297240522545956     
   4.2592592592592595       -9.7372756886549110E-003  0.26286110932597218     
   4.2692692692692695       -9.9874309963294931E-003  0.26641355056376853     
   4.2792792792792795       -1.0866264374012396E-002  0.26901057578690235     
   4.2892892892892895       -5.9888138918050542E-003  0.27073380866003438     
   4.2992992992992995       -3.5364047098045848E-003  0.26807913189113564     
   4.3093093093093096       -3.1467798029728412E-003  0.26546810557817196     
   4.3193193193193196       -4.3886186849624526E-003  0.26346512324948312     
   4.3293293293293296       -5.4239109606661097E-003  0.26474768619388878     
   4.3393393393393396       -3.2160334752624519E-003  0.26413921502744231     
   4.3493493493493496       -2.5171153192149903E-003  0.26201485718006839     
   4.3593593593593596       -2.7961659600887023E-003  0.25980820141739230     
   4.3693693693693696       -4.4729932159165604E-003  0.25767334977433615     
   4.3793793793793796       -7.6146570164430617E-003  0.25891113839941865     
   4.3893893893893896       -5.4163144062979816E-003  0.26017099826266016     
   4.3993993993993996       -5.7827360170375824E-003  0.25819295495159877     
   4.4094094094094096       -6.9524407770878687E-003  0.26034926565910099     
   4.4194194194194196       -3.8530647780027991E-003  0.26018603235449017     
   4.4294294294294296       -2.9252738843757796E-003  0.25795378342167419     
   4.4394394394394396       -3.7783178890837248E-003  0.25600623335556727     
   4.4494494494494496       -5.4275602351939343E-003  0.25702210058375569     
   4.4594594594594597       -3.1685775959299795E-003  0.25748797450438254     
   4.4694694694694697       -2.1271804809416869E-003  0.25582610890361451     
   4.4794794794794797       -2.1949448981944228E-003  0.25428474251846500     
   4.4894894894894897       -2.7650330258133008E-003  0.25394058227838234     
   4.4994994994994997       -1.8381054780279866E-003  0.25358123680347933     
   4.5095095095095097       -1.3371550509397180E-003  0.25238546362412190     
   4.5195195195195197       -1.2022774206629247E-003  0.25123133364947337     
   4.5295295295295297       -1.3053774838793423E-003  0.25018099545435984     
   4.5395395395395397       -1.5223619326233367E-003  0.24960279276738792     
   4.5495495495495497       -1.1599751654957650E-003  0.24896352194315793     
   4.5595595595595597       -9.7122228908308136E-004  0.24803323086420898     
   4.5695695695695697       -9.0615365772593094E-004  0.24712778163585078     
   4.5795795795795797       -8.9731344926239102E-004  0.24625092595756343     
   4.5895895895895897       -9.6830618594705316E-004  0.24539954611758766     
   4.5995995995995997       -1.1342245581093186E-003  0.24475873807030940     
   4.6096096096096097       -9.5819878904417413E-004  0.24417840835689217     
   4.6196196196196198       -8.3569451016471635E-004  0.24338062680600214     
   4.6296296296296298       -7.9387678777119149E-004  0.24258702095726734     
   4.6396396396396398       -7.8414424236764740E-004  0.24181005545799963     
   4.6496496496496498       -8.1120875885751210E-004  0.24104488100595298     
   4.6596596596596598       -9.0193998750317042E-004  0.24036314031079320     
   4.6696696696696698       -8.3469414314762741E-004  0.23976909733222324     
   4.6796796796796798       -7.5951837352017154E-004  0.23904237770214687     
   4.6896896896896898       -7.3741837633274339E-004  0.23830976671492468     
   4.6996996996996998       -7.4450054847727026E-004  0.23758660364323997     
   4.7097097097097098       -7.9429074575966953E-004  0.23690355435566995     
   4.7197197197197198       -7.6896750873363103E-004  0.23629514264727552     
   4.7297297297297298       -7.1716439882909492E-004  0.23560531414071967     
   4.7397397397397398       -7.0068237527804974E-004  0.23490674779995693     
   4.7497497497497498       -7.0008131894103783E-004  0.23421229312389705     
   4.7597597597597598       -7.1946716203177971E-004  0.23351862752751318     
   4.7697697697697699       -7.8946762024479646E-004  0.23285458731579889     
   4.7797797797797799       -7.9088370365177827E-004  0.23230631191402024     
   4.7897897897897899       -7.1576805641362972E-004  0.23164884454462276     
   4.7997997997997999       -6.9276045578180461E-004  0.23096199494252076     
   4.8098098098098099       -6.9212378852323672E-004  0.23027697525524696     
   4.8198198198198199       -7.1281664908175754E-004  0.22959082482199017     
   4.8298298298298299       -7.7712884075801906E-004  0.22893353373521658     
   4.8398398398398399       -7.6725697629598233E-004  0.22834840149628186     
   4.8498498498498499       -7.2538750424103985E-004  0.22766342729274269     
   4.8598598598598599       -7.2572932090530671E-004  0.22695119648980269     
   4.8698698698698699       -7.4799232860206456E-004  0.22622222278278328     
   4.8798798798798799       -7.9278650543632612E-004  0.22546289681133067     
   4.8898898898898899       -8.7562493518065707E-004  0.22465080544918570     
   4.8998998998998999       -1.0401543724832115E-003  0.22374729617361108     
   4.9099099099099099       -1.4205324553267463E-003  0.22268848260456689     
   4.9199199199199199       -2.5090832333875767E-003  0.22150223072109820     
   4.9299299299299300       -5.1056810855404158E-003  0.22206270844366305     
   4.9399399399399400       -3.7988396977358882E-003  0.22481413694733507     
   4.9499499499499500       -1.9013697566403242E-003  0.22395795601179286     
   4.9599599599599600       -1.3131900720008828E-003  0.22272144817965761     
   4.9699699699699700       -1.1587077466663662E-003  0.22160723154350292     
   4.9799799799799800       -1.2353613279903258E-003  0.22051637406058738     
   4.9899899899899900       -1.6595109822764083E-003  0.21934448512553595     
   5.0000000000000000       -3.0846788926735566E-003  0.21836682362083693     
