  -5.0000000000000000       -3.1385718355492840E-003 -0.22291886660363600     
  -4.9899899899899900       -3.0607680737990976E-003 -0.22112555362062580     
  -4.9799799799799800       -1.5919765853916203E-003 -0.22161128997302118     
  -4.9699699699699700       -1.1091615478613988E-003 -0.22263802748687184     
  -4.9599599599599600       -9.7212222799046295E-004 -0.22358767401214855     
  -4.9499499499499500       -9.8647548159947439E-004 -0.22450843575703744     
  -4.9399399399399400       -1.1681403844039705E-003 -0.22547513747448111     
  -4.9299299299299300       -1.7799569211141705E-003 -0.22650339089593038     
  -4.9199199199199199       -3.3581502300286535E-003 -0.22659474845561350     
  -4.9099099099099099       -2.9024875987564464E-003 -0.22497627523339492     
  -4.8998998998998999       -1.5176310989193891E-003 -0.22553841199567407     
  -4.8898898898898899       -1.0361448844533679E-003 -0.22652366792926068     
  -4.8798798798798799       -8.5731952239626844E-004 -0.22739708540462528     
  -4.8698698698698699       -7.7838905988728772E-004 -0.22818872653552760     
  -4.8598598598598599       -7.4338490163515633E-004 -0.22893585498758703     
  -4.8498498498498499       -7.4042001757725019E-004 -0.22966071861044224     
  -4.8398398398398399       -7.9150782774503050E-004 -0.23035781151871937     
  -4.8298298298298299       -8.2842933454138601E-004 -0.23092106137871735     
  -4.8198198198198199       -7.3790373822776325E-004 -0.23156048878780566     
  -4.8098098098098099       -7.0601054232389084E-004 -0.23225551016962745     
  -4.7997997997997999       -7.0661733982625317E-004 -0.23295015028592103     
  -4.7897897897897899       -7.4110622150725812E-004 -0.23364521606828031     
  -4.7797797797797799       -8.4223946827747815E-004 -0.23427880851942937     
  -4.7697697697697699       -7.9908269140941681E-004 -0.23480842664732079     
  -4.7597597597597598       -7.2260993890131112E-004 -0.23548665828006179     
  -4.7497497497497498       -7.0027820758396221E-004 -0.23618343962435431     
  -4.7397397397397398       -6.9537124690905675E-004 -0.23687737164318312     
  -4.7297297297297298       -6.9773703699903624E-004 -0.23757213864257529     
  -4.7197197197197198       -7.0582350149293567E-004 -0.23827174116404909     
  -4.7097097097097098       -7.2339846474707859E-004 -0.23898016810055986     
  -4.6996996996996998       -7.6777238999093604E-004 -0.23969689585927983     
  -4.6896896896896898       -8.5619152427012781E-004 -0.24035301089691596     
  -4.6796796796796798       -8.1567849316957670E-004 -0.24098596455689658     
  -4.6696696696696698       -8.0804431896289305E-004 -0.24173341681430668     
  -4.6596596596596598       -9.0288038939913252E-004 -0.24246548100014706     
  -4.6496496496496498       -9.3887818197807267E-004 -0.24302485822682374     
  -4.6396396396396398       -8.3087010670611361E-004 -0.24373994457557988     
  -4.6296296296296298       -8.0736112927855025E-004 -0.24452627932691937     
  -4.6196196196196198       -8.2884724984529350E-004 -0.24532632359602488     
  -4.6096096096096097       -9.0749845612974104E-004 -0.24614826365223541     
  -4.5995995995995997       -1.1409958782619351E-003 -0.24692236320785863     
  -4.5895895895895897       -1.2332058860341343E-003 -0.24732552034488198     
  -4.5795795795795797       -1.0083814651005636E-003 -0.24806860350492987     
  -4.5695695695695697       -9.9049127348653791E-004 -0.24897039044731567     
  -4.5595595595595597       -1.1677046794714889E-003 -0.24985112586074354     
  -4.5495495495495497       -1.3751891128027493E-003 -0.25034752886555089     
  -4.5395395395395397       -1.1066680600613137E-003 -0.25104094637788071     
  -4.5295295295295297       -1.0209472768168781E-003 -0.25199729539388099     
  -4.5195195195195197       -1.0594479023893905E-003 -0.25299178993444099     
  -4.5095095095095097       -1.2237588520448560E-003 -0.25404317107190610     
  -4.4994994994994997       -1.7140732807947349E-003 -0.25508032012882842     
  -4.4894894894894897       -2.2442408649099937E-003 -0.25532749273733663     
  -4.4794794794794797       -1.9016215598928773E-003 -0.25612218744876197     
  -4.4694694694694697       -2.4842107743873708E-003 -0.25738414836690765     
  -4.4594594594594597       -3.5869720945292112E-003 -0.25696635831709941     
  -4.4494494494494496       -2.2542486774683804E-003 -0.25693652199859057     
  -4.4394394394394396       -1.6232455395988618E-003 -0.25829919072999108     
  -4.4294294294294296       -1.5267662601981531E-003 -0.25971962519182962     
  -4.4194194194194196       -1.7167947463348743E-003 -0.26120244450441132     
  -4.4094094094094096       -2.3781877311836305E-003 -0.26285078703031334     
  -4.3993993993993996       -4.3092091012402346E-003 -0.26409364256299966     
  -4.3893893893893896       -5.3811814499093238E-003 -0.26301925587688446     
  -4.3793793793793796       -6.3895095507162285E-003 -0.26308559675419435     
  -4.3693693693693696       -5.1713503933033230E-003 -0.26057584374572562     
  -4.3593593593593596       -2.7990436715144575E-003 -0.26190924142228306     
  -4.3493493493493496       -2.1476273474578061E-003 -0.26383262906484939     
  -4.3393393393393396       -2.3230694939115914E-003 -0.26563206209909951     
  -4.3293293293293296       -3.5536110702782246E-003 -0.26673262933309672     
  -4.3193193193193196       -3.3365893995791099E-003 -0.26597867977057954     
  -4.3093093093093096       -2.1914277873954454E-003 -0.26725902528345385     
  -4.2992992992992995       -2.0029159644581510E-003 -0.26901329525834261     
  -4.2892892892892895       -2.4368667443200507E-003 -0.27086152372413697     
  -4.2792792792792795       -4.0955530427456205E-003 -0.27250358065177938     
  -4.2692692692692695       -5.7225365066278962E-003 -0.27126233527665261     
  -4.2592592592592595       -4.8463472138292494E-003 -0.27188030466887075     
  -4.2492492492492495       -6.6626867843514875E-003 -0.27155936378892226     
  -4.2392392392392395       -4.4055480048268390E-003 -0.27008574177288797     
  -4.2292292292292295       -3.0814912983953939E-003 -0.27188998557903699     
  -4.2192192192192195       -3.3642628083864804E-003 -0.27277632427623294     
  -4.2092092092092095       -2.3051007492330190E-003 -0.27326021160796782     
  -4.1991991991991995       -1.6513946072073131E-003 -0.27472009629116151     
  -4.1891891891891895       -1.4691895103313586E-003 -0.27610820651867968     
  -4.1791791791791795       -1.4438524380358487E-003 -0.27723816019778558     
  -4.1691691691691695       -1.2661775562810827E-003 -0.27834293810634625     
  -4.1591591591591595       -1.1730899092694963E-003 -0.27951185846728377     
  -4.1491491491491495       -1.1319704367552393E-003 -0.28065161437658487     
  -4.1391391391391394       -1.1110140164494894E-003 -0.28176834806595119     
  -4.1291291291291294       -1.1002236147102532E-003 -0.28287179481308417     
  -4.1191191191191194       -1.0957229557097812E-003 -0.28396866828042361     
  -4.1091091091091094       -1.0958084842540362E-003 -0.28506378697249940     
  -4.0990990990990994       -1.0998990773422204E-003 -0.28616103046300762     
  -4.0890890890890894       -1.1084838423480615E-003 -0.28726405155568097     
  -4.0790790790790794       -1.1242286458496016E-003 -0.28837695005796082     
  -4.0690690690690694       -1.1571810191507209E-003 -0.28950374703485771     
  -4.0590590590590594       -1.2410298193126937E-003 -0.29062331419767634     
  -4.0490490490490494       -1.2840529970836575E-003 -0.29162775139262698     
  -4.0390390390390394       -1.2180985508888080E-003 -0.29275080682810750     
  -4.0290290290290294       -1.2188043230367475E-003 -0.29394116508087359     
  -4.0190190190190194       -1.2698406474554995E-003 -0.29515779909813561     
  -4.0090090090090094       -1.4225074580991371E-003 -0.29639065139874782     
  -3.9989989989989989       -1.6995121520897549E-003 -0.29737170837215021     
  -3.9889889889889889       -1.5036454306484861E-003 -0.29833025264080953     
  -3.9789789789789789       -1.4066724330598572E-003 -0.29963757927409096     
  -3.9689689689689689       -1.4777872097298658E-003 -0.30099505623855843     
  -3.9589589589589589       -1.7741762807852921E-003 -0.30227996732560597     
  -3.9489489489489489       -1.8618101075722324E-003 -0.30312561886502321     
  -3.9389389389389389       -1.6131585331538767E-003 -0.30443310362519854     
  -3.9289289289289289       -1.6163549180329554E-003 -0.30594299878474618     
  -3.9189189189189189       -1.8273035855240303E-003 -0.30752606682811057     
  -3.9089089089089089       -2.4781036812280919E-003 -0.30900466650035674     
  -3.8988988988988988       -2.7928759580855330E-003 -0.30952331964051372     
  -3.8888888888888888       -2.2856147576630795E-003 -0.31101075805498984     
  -3.8788788788788788       -2.4172144699069783E-003 -0.31305612144996453     
  -3.8688688688688688       -3.2616179029914790E-003 -0.31538347947838968     
  -3.8588588588588588       -5.9812331236833291E-003 -0.31754278740536679     
  -3.8488488488488488       -9.6096361716687170E-003 -0.31461604014210903     
  -3.8388388388388388       -5.9304906240539544E-003 -0.31210279425194470     
  -3.8288288288288288       -3.3353918001811046E-003 -0.31432800840903302     
  -3.8188188188188188       -2.5256483432995512E-003 -0.31677946829806380     
  -3.8088088088088088       -2.3033828672732121E-003 -0.31902954665191774     
  -3.7987987987987988       -2.3926468776955595E-003 -0.32123757240315715     
  -3.7887887887887888       -2.9309983595076938E-003 -0.32352100606180423     
  -3.7787787787787788       -4.5511521325640163E-003 -0.32522984200156374     
  -3.7687687687687688       -4.5990218379907289E-003 -0.32492403517681268     
  -3.7587587587587588       -3.6210197450660228E-003 -0.32714534173869553     
  -3.7487487487487487       -4.2730907066276845E-003 -0.33016168369181614     
  -3.7387387387387387       -7.1537596185607373E-003 -0.33231499797762915     
  -3.7287287287287287       -7.9328084680620071E-003 -0.33103586545772778     
  -3.7187187187187187       -8.2662999352151479E-003 -0.33390712542331008     
  -3.7087087087087087       -1.3290229175840024E-002 -0.33276991405017620     
  -3.6986986986986987       -1.0189499822443058E-002 -0.32948503425308701     
  -3.6886886886886887       -9.4342580313525534E-003 -0.32984794259535133     
  -3.6786786786786787       -5.7692225127964772E-003 -0.33014374602479341     
  -3.6686686686686687       -3.7840369250833469E-003 -0.33336822469497729     
  -3.6586586586586587       -3.1839129954338136E-003 -0.33648360322354609     
  -3.6486486486486487       -3.1219143685807123E-003 -0.33946023952006132     
  -3.6386386386386387       -3.4685748225355465E-003 -0.34255160815738595     
  -3.6286286286286287       -4.5036882811283407E-003 -0.34605431702321127     
  -3.6186186186186187       -7.4764138015748528E-003 -0.35015123385955693     
  -3.6086086086086087       -1.5760524453790520E-002 -0.35116298602226526     
  -3.5985985985985987       -1.7122679463866641E-002 -0.34081092366079085     
  -3.5885885885885886       -9.9833338773256831E-003 -0.34126023004041600     
  -3.5785785785785786       -1.0523583599872766E-002 -0.34390434372216716     
  -3.5685685685685686       -8.1438823600182633E-003 -0.34162079395019523     
  -3.5585585585585586       -4.5167322636904435E-003 -0.34436808223448567     
  -3.5485485485485486       -3.2191108478060448E-003 -0.34756535990298770     
  -3.5385385385385386       -2.6781800894526745E-003 -0.35032614813998175     
  -3.5285285285285286       -2.4073043301409466E-003 -0.35279713774872706     
  -3.5185185185185186       -2.2558025212666252E-003 -0.35509557322283059     
  -3.5085085085085086       -2.1659699098740882E-003 -0.35728928898661516     
  -3.4984984984984986       -2.1117625341225132E-003 -0.35941860453487851     
  -3.4884884884884886       -2.0799532477145015E-003 -0.36150894925961968     
  -3.4784784784784786       -2.0632259464653038E-003 -0.36357733138585563     
  -3.4684684684684686       -2.0572793091976540E-003 -0.36563576510278234     
  -3.4584584584584586       -2.0594819303934326E-003 -0.36769319045707194     
  -3.4484484484484486       -2.0681999154993232E-003 -0.36975661537658416     
  -3.4384384384384385       -2.0824465380650269E-003 -0.37183184166286870     
  -3.4284284284284285       -2.1017044672218877E-003 -0.37392396761652513     
  -3.4184184184184185       -2.1258593386440806E-003 -0.37603778244789804     
  -3.4084084084084085       -2.1552354005307411E-003 -0.37817813837993153     
  -3.3983983983983985       -2.1907815700517260E-003 -0.38035039292465528     
  -3.3883883883883881       -2.2345817864711961E-003 -0.38256106625962105     
  -3.3783783783783781       -2.2912558332345407E-003 -0.38481898990192798     
  -3.3683683683683681       -2.3723317925183345E-003 -0.38713738763419114     
  -3.3583583583583581       -2.5127039619043095E-003 -0.38953556805850659     
  -3.3483483483483480       -2.8393459759826225E-003 -0.39200078934235871     
  -3.3383383383383380       -3.4576049220444200E-003 -0.39402784645017219     
  -3.3283283283283280       -3.1227199902965027E-003 -0.39587374835852579     
  -3.3183183183183180       -2.8643174335199915E-003 -0.39852392240775264     
  -3.3083083083083080       -2.8826761344709303E-003 -0.40131808361625759     
  -3.2982982982982980       -3.0331967604984101E-003 -0.40422600599685071     
  -3.2882882882882880       -3.3289403628112731E-003 -0.40732607132715282     
  -3.2782782782782780       -3.9245662126831012E-003 -0.41073259253778444     
  -3.2682682682682680       -5.3857799404149189E-003 -0.41445110401886731     
  -3.2582582582582580       -8.1471749279083006E-003 -0.41672222739175219     
  -3.2482482482482480       -9.4982518883351668E-003 -0.41910487980031746     
  -3.2382382382382380       -1.3704835668656412E-002 -0.41867376313738430     
  -3.2282282282282280       -1.0771284265909536E-002 -0.41830849744737630     
  -3.2182182182182180       -1.1915413306437942E-002 -0.42116327353246619     
  -3.2082082082082080       -1.0704502268925591E-002 -0.42209129219607228     
  -3.1981981981981980       -1.2991539572080490E-002 -0.42475500155104728     
  -3.1881881881881879       -1.0708563218355564E-002 -0.42193483634742524     
  -3.1781781781781779       -6.5118297556728301E-003 -0.42598016669042871     
  -3.1681681681681679       -5.2856759849254720E-003 -0.43097925031881773     
  -3.1581581581581579       -5.2578093361172022E-003 -0.43578907570771030     
  -3.1481481481481479       -6.4392430350049216E-003 -0.44035526272672459     
  -3.1381381381381379       -7.8798554616836616E-003 -0.44262930584603666     
  -3.1281281281281279       -6.8391045789121929E-003 -0.44644392457781507     
  -3.1181181181181179       -8.0737248357877316E-003 -0.45204745359530657     
  -3.1081081081081079       -1.2537281570267388E-002 -0.45521902071732634     
  -3.0980980980980979       -1.1336555263953925E-002 -0.45545073267133618     
  -3.0880880880880879       -1.0913035135652487E-002 -0.46246326544325178     
  -3.0780780780780779       -1.7111995443545882E-002 -0.47076766017318417     
  -3.0680680680680679       -3.2323830353674407E-002 -0.46867756281309975     
  -3.0580580580580579       -3.1543789520270940E-002 -0.45157639532971156     
  -3.0480480480480479       -1.6181677237115021E-002 -0.45146321150546131     
  -3.0380380380380378       -1.0782313780735820E-002 -0.45986680090567628     
  -3.0280280280280278       -1.0238105324869358E-002 -0.46567771836004734     
  -3.0180180180180178       -8.0057791105959831E-003 -0.47048019113879658     
  -3.0080080080080078       -6.9009684255192921E-003 -0.47692259284899685     
  -2.9979979979979978       -6.8674109455378520E-003 -0.48346693523281831     
  -2.9879879879879878       -7.5378914110322739E-003 -0.49034614095249318     
  -2.9779779779779778       -9.2355710252119919E-003 -0.49808084893796656     
  -2.9679679679679678       -1.3452179254310933E-002 -0.50734179572571791     
  -2.9579579579579578       -2.5650876880426624E-002 -0.51656700630256325     
  -2.9479479479479478       -4.2813101533416061E-002 -0.50571441104949166     
  -2.9379379379379378       -3.4902886705181442E-002 -0.49996845702418063     
  -2.9279279279279278       -4.4955011501005594E-002 -0.49658133277167299     
  -2.9179179179179178       -2.9016597667634200E-002 -0.48088535200936428     
  -2.9079079079079078       -1.4775808008063350E-002 -0.48991057502102570     
  -2.8978978978978978       -9.9367062485386862E-003 -0.49978360091147550     
  -2.8878878878878878       -7.9777365617478037E-003 -0.50802618017514012     
  -2.8778778778778777       -7.0466479724460331E-003 -0.51526407806456631     
  -2.8678678678678677       -6.5665977719703197E-003 -0.52194418219344108     
  -2.8578578578578577       -6.3174966375843088E-003 -0.52832027554913097     
  -2.8478478478478477       -6.2013565118133676E-003 -0.53454223878176821     
  -2.8378378378378377       -6.1694261085315600E-003 -0.54070494751622766     
  -2.8278278278278277       -6.1954641103984815E-003 -0.54687292794155851     
  -2.8178178178178177       -6.2645959157440687E-003 -0.55309327008757569     
  -2.8078078078078077       -6.3681923096075522E-003 -0.55940279798290904     
  -2.7977977977977977       -6.5013421987557933E-003 -0.56583231534196066     
  -2.7877877877877877       -6.6615534316006881E-003 -0.57240931021431785     
  -2.7777777777777777       -6.8480950893548241E-003 -0.57915984374037055     
  -2.7677677677677677       -7.0617247458273262E-003 -0.58611004127411814     
  -2.7577577577577577       -7.3047100026283956E-003 -0.59328746992288262     
  -2.7477477477477477       -7.5811767192627659E-003 -0.60072265539392078     
  -2.7377377377377377       -7.8979992072634835E-003 -0.60845104871905964     
  -2.7277277277277276       -8.2669500935312161E-003 -0.61651589280602692     
  -2.7177177177177176       -8.7108076785254174E-003 -0.62497207085127893     
  -2.7077077077077076       -9.2817942512780586E-003 -0.63387919775459001     
  -2.6976976976976976       -9.9923281398680702E-003 -0.64324572604343322     
  -2.6876876876876876       -1.0850484464568794E-002 -0.65338704654457869     
  -2.6776776776776776       -1.2335770007533499E-002 -0.66454762408375345     
  -2.6676676676676676       -1.5468547236187022E-002 -0.67682825207776653     
  -2.6576576576576576       -2.1879598918781770E-002 -0.68765448510804372     
  -2.6476476476476476       -2.7417187433319230E-002 -0.69456749424629294     
  -2.6376376376376376       -2.7841178449166930E-002 -0.70413919494177957     
  -2.6276276276276276       -3.8672439876440992E-002 -0.71321370859589994     
  -2.6176176176176176       -3.2976617608046523E-002 -0.71076081522815493     
  -2.6076076076076076       -2.5271611911639673E-002 -0.72862935801588991     
  -2.5975975975975976       -2.7365990449645675E-002 -0.75075004268300916     
  -2.5875875875875876       -4.0421899288967320E-002 -0.77342427049269857     
  -2.5775775775775776       -6.3627256207647309E-002 -0.77812621945916072     
  -2.5675675675675675       -7.5291371502089297E-002 -0.76821885524135525     
  -2.5575575575575575       -5.0029119730886140E-002 -0.76090223945287783     
  -2.5475475475475475       -3.3496164660143886E-002 -0.78695468628097764     
  -2.5375375375375375       -2.9663086741059431E-002 -0.81510785062529856     
  -2.5275275275275275       -3.0678711904475544E-002 -0.84358160588772291     
  -2.5175175175175175       -3.5930836129272205E-002 -0.87365300613352803     
  -2.5075075075075075       -4.5622322200227820E-002 -0.90193087712115061     
  -2.4974974974974975       -5.3505911080856818E-002 -0.93623718708832648     
  -2.4874874874874875       -8.2472738640390370E-002 -0.97716743238567583     
  -2.4774774774774775      -0.12252419190044253      -0.97973749240997687     
  -2.4674674674674675      -0.12107277949296467      -0.97776856818125424     
  -2.4574574574574575      -0.10761035829999023       -1.0241444376997320     
  -2.4474474474474475      -0.16004941090428040       -1.0825024150845728     
  -2.4374374374374375      -0.20926212454859969       -1.0383805175747001     
  -2.4274274274274275      -0.15099824813313092       -1.0363879114696539     
  -2.4174174174174174      -0.11248098970903690       -1.1152836635406220     
  -2.4074074074074074      -0.11463462640396284       -1.2147701430952742     
  -2.3973973973973974      -0.14298661792698164       -1.3306632709002904     
  -2.3873873873873874      -0.21410490607331548       -1.4740944235357702     
  -2.3773773773773774      -0.38271047493706267       -1.6143956353370674     
  -2.3673673673673674      -0.60765019288849231       -1.6491186916659952     
  -2.3573573573573574      -0.80062824601071803       -1.6106781292956169     
  -2.3473473473473474      -0.95990222395060132       -1.5405965102905719     
  -2.3373373373373374       -1.0942766064916247       -1.4550849171190376     
  -2.3273273273273274       -1.2043628054462037       -1.3553062594946104     
  -2.3173173173173174       -1.3054455356481582       -1.2615985439741506     
  -2.3073073073073074       -1.3997121601306497       -1.1433036899366915     
  -2.2972972972972974       -1.4785933760250922       -1.0091688805254826     
  -2.2872872872872874       -1.5126702928521114      -0.85007868648260654     
  -2.2772772772772774       -1.4703912300721831      -0.75446055555691938     
  -2.2672672672672673       -1.5657114524011337      -0.72674352473446013     
  -2.2572572572572573       -1.6733054025705105      -0.56679633159107556     
  -2.2472472472472473       -1.7265499030007068      -0.36586956756967248     
  -2.2372372372372373       -1.7382148299246392      -0.14223444470495694     
  -2.2272272272272273       -1.7038488567098526       0.10505032000626444     
  -2.2172172172172173       -1.6048497379388866       0.37565369326659648     
  -2.2072072072072073       -1.4046704354526474       0.65637784331485838     
  -2.1971971971971973       -1.0464166128335484       0.88269345165217228     
  -2.1871871871871873      -0.57506647701540159       0.85958064479521101     
  -2.1771771771771773      -0.30139781004938948       0.62399851228625713     
  -2.1671671671671673      -0.19025971425507512       0.42429963777329199     
  -2.1571571571571573      -0.13578346128491328       0.27661219829573402     
  -2.1471471471471473      -0.10457706647501520       0.16304927393721791     
  -2.1371371371371373       -8.4748416841038482E-002   7.1816721114955295E-002
  -2.1271271271271273       -7.1262189236498200E-002  -4.1798910680718821E-003
  -2.1171171171171173       -6.1692788477134927E-002  -6.9389723083281063E-002
  -2.1071071071071072       -5.4764704018508435E-002 -0.12673513018076454     
  -2.0970970970970972       -4.9838126361824830E-002 -0.17827283173760761     
  -2.0870870870870872       -4.6862962567631693E-002 -0.22531461291307159     
  -2.0770770770770772       -4.5045554650392700E-002 -0.26812718994385676     
  -2.0670670670670672       -4.5043929566729944E-002 -0.30959949332914499     
  -2.0570570570570572       -5.0956988138814399E-002 -0.34505424655781636     
  -2.0470470470470472       -4.8486392200488469E-002 -0.36921194137691243     
  -2.0370370370370372       -3.9894507326371516E-002 -0.40278432020365401     
  -2.0270270270270272       -3.5811426002586313E-002 -0.43868931322316018     
  -2.0170170170170172       -3.2977753609695362E-002 -0.47502876074481237     
  -2.0070070070070072       -3.8236345667412318E-002 -0.51374539832565291     
  -1.9969969969969972       -3.8729119360887507E-002 -0.54092589240561206     
  -1.9869869869869872       -3.7238178144846069E-002 -0.57568800689236965     
  -1.9769769769769772       -3.9016838184409548E-002 -0.61148116809584230     
  -1.9669669669669672       -4.0924394573169730E-002 -0.64564419598431422     
  -1.9569569569569571       -4.1718671009024030E-002 -0.68349803140759480     
  -1.9469469469469471       -4.5831786859240352E-002 -0.72281373266451110     
  -1.9369369369369371       -4.7687607749577220E-002 -0.76210114934650985     
  -1.9269269269269271       -4.9895392815878077E-002 -0.80832458715910593     
  -1.9169169169169171       -5.5140199508003154E-002 -0.85957886895802738     
  -1.9069069069069071       -6.3874499005770441E-002 -0.91712360755740507     
  -1.8968968968968971       -7.9726174664809787E-002 -0.98346233409799833     
  -1.8868868868868871      -0.11445390684179557       -1.0555109079670058     
  -1.8768768768768771      -0.15796825042520560       -1.1077371958349878     
  -1.8668668668668671      -0.18845470420163551       -1.1491079050855582     
  -1.8568568568568571      -0.18237970391017216       -1.2445773091212915     
  -1.8468468468468471      -0.24785555433686704       -1.4031473455091603     
  -1.8368368368368371      -0.43890777526736852       -1.5440624616871945     
  -1.8268268268268271      -0.68204516157510564       -1.5343942749275314     
  -1.8168168168168171      -0.82484074112302352       -1.4206974265657799     
  -1.8068068068068071      -0.85347257911438312       -1.3186653983612622     
  -1.7967967967967970      -0.83439426410405548       -1.3701273428515870     
  -1.7867867867867866      -0.98730947875379882       -1.4437338869480363     
  -1.7767767767767766       -1.1550846821391041       -1.3975966379380875     
  -1.7667667667667666       -1.2747810160590352       -1.3089517674804467     
  -1.7567567567567566       -1.3465722320877722       -1.2276712062960371     
  -1.7467467467467466       -1.4309384902836439       -1.1632866708086942     
  -1.7367367367367366       -1.5106100119253105       -1.0852469464385894     
  -1.7267267267267266       -1.5870175843092018      -0.99433311332446950     
  -1.7167167167167166       -1.6502449726720592      -0.89410729944139555     
  -1.7067067067067065       -1.7027379970597061      -0.78864024609727290     
  -1.6966966966966965       -1.7448137669959483      -0.67723264958618890     
  -1.6866866866866865       -1.7725105295639032      -0.56216807930257262     
  -1.6766766766766765       -1.7963033329508584      -0.44757882359322748     
  -1.6666666666666665       -1.8029334656110316      -0.31487917513620195     
  -1.6566566566566565       -1.7720390296976236      -0.18758161165371789     
  -1.6466466466466465       -1.7185291986472222      -0.13029214727802704     
  -1.6366366366366365       -1.7817637563725233       -5.9102259177510025E-002
  -1.6266266266266265       -1.8062820636947703       0.10177492778926157     
  -1.6166166166166165       -1.7845075449118419       0.27507983443482104     
  -1.6066066066066065       -1.7295174879348669       0.45511580376616589     
  -1.5965965965965965       -1.6377868297301732       0.64314914694085079     
  -1.5865865865865865       -1.4965587552042383       0.83716709060011885     
  -1.5765765765765765       -1.2824551151763035        1.0253869408364984     
  -1.5665665665665665      -0.96014886110612141        1.1629424224035256     
  -1.5565565565565564      -0.55434352039121793        1.1146902309948219     
  -1.5465465465465464      -0.30131217450132391       0.88261678542898803     
  -1.5365365365365364      -0.19683310398918016       0.67663486063174672     
  -1.5265265265265264      -0.14578381437550797       0.51935146818484790     
  -1.5165165165165164      -0.11634000047910614       0.39441928522039055     
  -1.5065065065065064       -9.7545827835384930E-002  0.29067983788102658     
  -1.4964964964964964       -8.4787093242144784E-002  0.20139721150770501     
  -1.4864864864864864       -7.5810256832652342E-002  0.12230660699424649     
  -1.4764764764764764       -6.9399089324103685E-002   5.0534716780105883E-002
  -1.4664664664664664       -6.4857184382629510E-002  -1.5976545852311702E-002
  -1.4564564564564564       -6.1785639011840275E-002  -7.8797109413423549E-002
  -1.4464464464464464       -6.0000495381404735E-002 -0.13921236817188312     
  -1.4364364364364364       -5.9588618275860331E-002 -0.19833978203530181     
  -1.4264264264264264       -6.1132474670720346E-002 -0.25673438782612451     
  -1.4164164164164164       -6.3308258426775635E-002 -0.31432997041522681     
  -1.4064064064064064       -6.8010981865460854E-002 -0.37533147386263471     
  -1.3963963963963963       -8.0998496463940542E-002 -0.43403617285644919     
  -1.3863863863863863       -8.9802903614242202E-002 -0.48164607951928867     
  -1.3763763763763763       -8.3160598792970247E-002 -0.54080497651403492     
  -1.3663663663663663       -8.4808354470899266E-002 -0.61590806829370615     
  -1.3563563563563563       -9.3249761917449187E-002 -0.69373020825130138     
  -1.3463463463463463       -9.9961772581419417E-002 -0.79498126441358252     
  -1.3363363363363363      -0.12681573885107611      -0.90090397733381000     
  -1.3263263263263263      -0.16299023453176706       -1.0334492150985648     
  -1.3163163163163163      -0.23610755148794352       -1.2026186212457208     
  -1.3063063063063063      -0.41008811854819610       -1.3975406696209218     
  -1.2962962962962963      -0.69988183523002667       -1.4792401211003776     
  -1.2862862862862863      -0.94356268324888548       -1.4378304893534528     
  -1.2762762762762763       -1.1422083954175211       -1.3612721051893812     
  -1.2662662662662663       -1.3013212492013710       -1.2583952690699571     
  -1.2562562562562563       -1.4273100931959246       -1.1463791053414150     
  -1.2462462462462462       -1.5288517423875345       -1.0305509687200991     
  -1.2362362362362362       -1.6108841881920535      -0.91174003578085028     
  -1.2262262262262262       -1.6745035949321765      -0.78845359620254774     
  -1.2162162162162162       -1.7114280212158082      -0.65998412724817745     
  -1.2062062062062062       -1.7153993478279328      -0.55711842335012340     
  -1.1961961961961962       -1.7192357321545852      -0.47222079625406022     
  -1.1861861861861862       -1.7422265656845553      -0.43568818340242116     
  -1.1761761761761762       -1.8154686732144008      -0.34742260350151605     
  -1.1661661661661662       -1.8530870255622445      -0.22776887731325507     
  -1.1561561561561562       -1.8674043893230066      -0.10668943976581700     
  -1.1461461461461462       -1.8626659246956743        1.3046431036746832E-002
  -1.1361361361361362       -1.8455471189081731       0.11975188766370698     
  -1.1261261261261262       -1.8226544514694669       0.23704196277398010     
  -1.1161161161161162       -1.7499361699642551       0.33172426603978894     
  -1.1061061061061062       -1.7426334142329762       0.34658801465420225     
  -1.0960960960960962       -1.7738489969637241       0.46414998030157123     
  -1.0860860860860861       -1.7491783861562953       0.60076426688330753     
  -1.0760760760760761       -1.6989356009922247       0.73194171832298971     
  -1.0660660660660661       -1.6307297103492682       0.86013642395141432     
  -1.0560560560560561       -1.5441315191366836       0.98701199646216042     
  -1.0460460460460461       -1.4356675424535470        1.1125993008521446     
  -1.0360360360360361       -1.2992252016607195        1.2350167801080099     
  -1.0260260260260261       -1.1248762761791693        1.3486374558755263     
  -1.0160160160160161      -0.89677428496499989        1.4373392047819336     
  -1.0060060060060061      -0.60127999130470877        1.4493681046174924     
 -0.99599599599599564      -0.32873975695132285        1.3002134357181367     
 -0.98598598598598564      -0.20028884237975819        1.1057643555268690     
 -0.97597597597597563      -0.14259664480964154       0.95281854733812665     
 -0.96596596596596562      -0.11095911648183039       0.83316632902255261     
 -0.95595595595595562       -9.1116763697699305E-002  0.73558954715127312     
 -0.94594594594594561       -7.7589904244907401E-002  0.65317430761629081     
 -0.93593593593593560       -6.7853136244557799E-002  0.58164586952384445     
 -0.92592592592592560       -6.0583070376644621E-002  0.51821386389374335     
 -0.91591591591591559       -5.5019907652067393E-002  0.46095800313360941     
 -0.90590590590590558       -5.0697479947098049E-002  0.40849451868621084     
 -0.89589589589589558       -4.7315585430437367E-002  0.35978517096830048     
 -0.88588588588588557       -4.4674251304836821E-002  0.31402181148924041     
 -0.87587587587587556       -4.2637612506719172E-002  0.27055297347775414     
 -0.86586586586586556       -4.1113097153373211E-002  0.22883484302750262     
 -0.85585585585585555       -4.0039085542284469E-002  0.18839680219065297     
 -0.84584584584584555       -3.9377595064409215E-002  0.14881577231068258     
 -0.83583583583583554       -3.9110205288203803E-002  0.10969572457346138     
 -0.82582582582582553       -3.9236334137718126E-002   7.0649849246866181E-002
 -0.81581581581581553       -3.9773539173732879E-002   3.1283398138311082E-002
 -0.80580580580580552       -4.0759982413594686E-002  -8.8246927046416596E-003
 -0.79579579579579551       -4.2259758705378313E-002  -5.0143618487971359E-002
 -0.78578578578578551       -4.4372751015759340E-002  -9.3219071062778450E-002
 -0.77577577577577550       -4.7252793314448156E-002 -0.13871312999796251     
 -0.76576576576576549       -5.1143637456479825E-002 -0.18746426564174121     
 -0.75575575575575549       -5.6461508710039424E-002 -0.24058102366355805     
 -0.74574574574574548       -6.4032302483247316E-002 -0.29955575337523704     
 -0.73573573573573547       -7.5629440314974386E-002 -0.36580176857581514     
 -0.72572572572572547       -9.1103386522467869E-002 -0.44089223840827774     
 -0.71571571571571546      -0.11778597828266092      -0.53289984840081173     
 -0.70570570570570545      -0.17027365093620844      -0.62890870735691151     
 -0.69569569569569545      -0.22171437784101311      -0.72746613346923150     
 -0.68568568568568544      -0.27799187351456928      -0.86953511062797084     
 -0.67567567567567544      -0.44387076227818228       -1.0924135334053680     
 -0.66566566566566543      -0.81128599697039949       -1.2105538700526859     
 -0.65565565565565542       -1.1635288402720592       -1.1055385584189723     
 -0.64564564564564542       -1.4078846845208306      -0.91391067798359604     
 -0.63563563563563541       -1.5718545500142145      -0.69910255878276739     
 -0.62562562562562540       -1.6783701817513998      -0.47941336243254173     
 -0.61561561561561540       -1.7403111356666363      -0.26030602839093497     
 -0.60560560560560539       -1.7630975937411653       -4.3184298517955175E-002
 -0.59559559559559538       -1.7441449739413506       0.16734225725576760     
 -0.58558558558558538       -1.6970907931545567       0.35567989190544558     
 -0.57557557557557537       -1.6132339826249837       0.54895509554876931     
 -0.56556556556556536       -1.4489040018077857       0.67999234194162739     
 -0.55555555555555536       -1.4081929146773000       0.66712540850873792     
 -0.54554554554554535       -1.4292331439965402       0.86309980727433822     
 -0.53553553553553535       -1.3009592015438880        1.0831334703217677     
 -0.52552552552552534       -1.0896776938913246        1.2594399266173848     
 -0.51551551551551533      -0.79980088763534174        1.3686982137319514     
 -0.50550550550550533      -0.46016956396613012        1.3245879570678953     
 -0.49549549549549532      -0.24760583178507292        1.1355554109682788     
 -0.48548548548548531      -0.15885245382005328       0.96874248423509479     
 -0.47547547547547531      -0.11513518142636157       0.84358660026818488     
 -0.46546546546546530       -8.9627674347664985E-002  0.74637387430459168     
 -0.45545545545545529       -7.3067471899060127E-002  0.66771723820498319     
 -0.44544544544544529       -6.1537107293207376E-002  0.60198260043596652     
 -0.43543543543543528       -5.3108611157164400E-002  0.54564631472827874     
 -0.42542542542542527       -4.6725359533864939E-002  0.49638602116297492     
 -0.41541541541541527       -4.1760751881573487E-002  0.45259906189088556     
 -0.40540540540540526       -3.7820293283920496E-002  0.41313606893331906     
 -0.39539539539539525       -3.4643762507207645E-002  0.37714569407110149     
 -0.38538538538538525       -3.2053032657507134E-002  0.34397966666590729     
 -0.37537537537537524       -2.9922496403563530E-002  0.31313225253496163     
 -0.36536536536536524       -2.8161452544657226E-002  0.28420021423447500     
 -0.35535535535535523       -2.6703179654627755E-002  0.25685546563377371     
 -0.34534534534534522       -2.5497925977651239E-002  0.23082584774426229     
 -0.33533533533533522       -2.4508287009394038E-002  0.20588124455590190     
 -0.32532532532532521       -2.3706092144390484E-002  0.18182328868325309     
 -0.31531531531531520       -2.3070277834168679E-002  0.15847751967984602     
 -0.30530530530530520       -2.2585427987415210E-002  0.13568723243469732     
 -0.29529529529529519       -2.2240783048505755E-002  0.11330848655160633     
 -0.28528528528528518       -2.2029593879125828E-002   9.1205894529797285E-002
 -0.27527527527527518       -2.1948745167270509E-002   6.9248898042037280E-002
 -0.26526526526526517       -2.1998607039630403E-002   4.7308295483440399E-002
 -0.25525525525525516       -2.2183099938696139E-002   2.5252810071549153E-002
 -0.24524524524524516       -2.2509981621020046E-002   2.9454906414630054E-003
 -0.23523523523523515       -2.2991390624886834E-002  -1.9760282699027902E-002
 -0.22522522522522515       -2.3644712495327163E-002  -4.3025462335447802E-002
 -0.21521521521521514       -2.4493879987813886E-002  -6.7031022137570159E-002
 -0.20520520520520513       -2.5571286777348434E-002  -9.1985160031188826E-002
 -0.19519519519519513       -2.6920603744156228E-002 -0.11813271405627795     
 -0.18518518518518512       -2.8600970177410409E-002 -0.14576783126880480     
 -0.17517517517517511       -3.0693351045213115E-002 -0.17525148326536888     
 -0.16516516516516511       -3.3310428850393384E-002 -0.20703635094583148     
 -0.15515515515515510       -3.6612491722644178E-002 -0.24170320661567840     
 -0.14514514514514509       -4.0833956793766446E-002 -0.28001579956683953     
 -0.13513513513513509       -4.6329770217256282E-002 -0.32300662853568540     
 -0.12512512512512508       -5.3661364777006150E-002 -0.37211650171703403     
 -0.11511511511511507       -6.3767649415610791E-002 -0.42943235933100676     
 -0.10510510510510507       -7.8337306575368082E-002 -0.49811389073980344     
  -9.5095095095095061E-002 -0.10072034518012066      -0.58319699792312074     
  -8.5085085085085055E-002 -0.13853436582646014      -0.69311039475805436     
  -7.5075075075075048E-002 -0.21271915382260165      -0.84150976065458338     
  -6.5065065065065042E-002 -0.39122742188869170       -1.0308622562878291     
  -5.5055055055055035E-002 -0.75501471480951221       -1.0966571436161066     
  -4.5045045045045029E-002  -1.0121915603964367      -0.92870896701019523     
  -3.5035035035035023E-002  -1.1852112326277915      -0.82094147166019060     
  -2.5025025025025016E-002  -1.3838802750207186      -0.68398338988863283     
  -1.5015015015015010E-002  -1.5667006166894153      -0.43676037758579572     
  -5.0050050050050032E-003  -1.6433340387342270      -0.14419613859114055     
   5.0050050050050032E-003  -1.6433327563924922       0.14420205455709525     
   1.5015015015015010E-002  -1.5666973561172370       0.43676611606772547     
   2.5025025025025016E-002  -1.3838758836972409       0.68398839311252069     
   3.5035035035035023E-002  -1.1852045186673954       0.82095562511118669     
   4.5045045045045029E-002  -1.0121663199914692       0.92871886608020737     
   5.5055055055055035E-002 -0.75498062167663682        1.0966510250790638     
   6.5065065065065042E-002 -0.39120413904252349        1.0308354665646038     
   7.5075075075075048E-002 -0.21271015039531066       0.84148405416295868     
   8.5085085085085055E-002 -0.13853030371149339       0.69308846257112189     
   9.5095095095095061E-002 -0.10071823630878672       0.58317741832847725     
  0.10510510510510507       -7.8336149337283334E-002  0.49809567939378546     
  0.11511511511511507       -6.3767033225748046E-002  0.42941491831103962     
  0.12512512512512508       -5.3661094653279874E-002  0.37209944569788989     
  0.13513513513513509       -4.6329743881870084E-002  0.32298968910016324     
  0.14514514514514509       -4.0834117092533179E-002  0.27999877498425557     
  0.15515515515515510       -3.6612805721482240E-002  0.24168593420759135     
  0.16516516516516511       -3.3310877738173060E-002  0.20701869090988156     
  0.17517517517517511       -3.0693924900857369E-002  0.17523330857251329     
  0.18518518518518512       -2.8601665122880354E-002  0.14574902090908443     
  0.19519519519519513       -2.6921420357642535E-002  0.11811314817712504     
  0.20520520520520513       -2.5572229220133934E-002   9.1964716144309053E-002
  0.21521521521521514       -2.4494955566228101E-002   6.7009571897894388E-002
  0.22522522522522515       -2.3645931512106682E-002   4.3002868569742385E-002
  0.23523523523523515       -2.2992766444930177E-002   1.9736396454216768E-002
  0.24524524524524516       -2.2511530917346024E-002  -2.9708332142764481E-003
  0.25525525525525516       -2.2184843110823773E-002  -2.5279791164456219E-002
  0.26526526526526517       -2.2000568816619732E-002  -4.7337119581415135E-002
  0.27527527527527518       -2.1950955426018322E-002  -6.9279796567239649E-002
  0.28528528528528518       -2.2032088728622092E-002  -9.1239131412087948E-002
  0.29529529529529519       -2.2243606255849344E-002 -0.11334436501736397     
  0.30530530530530520       -2.2588632855343467E-002 -0.13572610339416397     
  0.31531531531531520       -2.3073929688121723E-002 -0.15851979221974430     
  0.32532532532532521       -2.3710271658044266E-002 -0.18186944335318853     
  0.33533533533533522       -2.4513094704508138E-002 -0.20593185040067241     
  0.34534534534534522       -2.5503488399155727E-002 -0.23088158442190532     
  0.35535535535535523       -2.6709657982971608E-002 -0.25691715253924696     
  0.36536536536536524       -2.8169054831216803E-002 -0.28426884943430597     
  0.37537537537537524       -2.9931495322554735E-002 -0.31320906570063206     
  0.38538538538538525       -3.2063791887774196E-002 -0.34406619240763531     
  0.39539539539539525       -3.4656777037610317E-002 -0.37724387572181928     
  0.40540540540540526       -3.7836252997411488E-002 -0.41324840904003085     
  0.41541541541541527       -4.1780645708923314E-002 -0.45272884662070745     
  0.42542542542542527       -4.6750653868065754E-002 -0.49653766594551163     
  0.43543543543543528       -5.3141572441484340E-002 -0.54582591709908923     
  0.44544544544544529       -6.1581425370848868E-002 -0.60219886392137623     
  0.45545545545545529       -7.3129569518710455E-002 -0.66798309519512289     
  0.46546546546546530       -8.9719770882284069E-002 -0.74670948758755817     
  0.47547547547547531      -0.11528355373567865      -0.84402507621176548     
  0.48548548548548531      -0.15912423972715428      -0.96933910115937805     
  0.49549549549549532      -0.24821206743154614       -1.1363684221775776     
  0.50550550550550533      -0.46157969583442776       -1.3252162452169503     
  0.51551551551551533      -0.80134322203854191       -1.3683936630916156     
  0.52552552552552534       -1.0908598973421073       -1.2586717456087448     
  0.53553553553553535       -1.3017992507287774       -1.0821073957747993     
  0.54554554554554535       -1.4295623056913640      -0.86186776379211072     
  0.55555555555555536       -1.4076964705654746      -0.66668081499530629     
  0.56556556556556536       -1.4498552364477433      -0.67974756021226379     
  0.57557557557557537       -1.6138005515852374      -0.54790835437551633     
  0.58558558558558538       -1.6973390944796589      -0.35467116541586430     
  0.59559559559559538       -1.7443523318355008      -0.16621731497072656     
  0.60560560560560539       -1.7630582796434611        4.4411149435043512E-002
  0.61561561561561540       -1.7400497070781320       0.26156369944599001     
  0.62562562562562540       -1.6778714457121167       0.48069423134567063     
  0.63563563563563541       -1.5710619852304124       0.70038836260391713     
  0.64564564564564542       -1.4066937954800103       0.91514215934372656     
  0.65565565565565542       -1.1617678268021792        1.1065245380939777     
  0.66566566566566543      -0.80889560288613815        1.2106401097237314     
  0.67567567567567544      -0.44223767273359338        1.0911076586472004     
  0.68568568568568544      -0.27750614214501262       0.86840699954616285     
  0.69569569569569545      -0.22136940019420470       0.72682751518063460     
  0.70570570570570545      -0.16993290201541297       0.62841661854189934     
  0.71571571571571546      -0.11755420283839546       0.53233868651842942     
  0.72572572572572547       -9.0992166212846975E-002  0.44043382263963587     
  0.73573573573573547       -7.5540925459601435E-002  0.36542633206648195     
  0.74574574574574548       -6.3972984372934069E-002  0.29922835812785142     
  0.75575575575575549       -5.6419444041294502E-002  0.24029838149867144     
  0.76576576576576549       -5.1111619190143724E-002  0.18721663317088746     
  0.77577577577577550       -4.7227459507018850E-002  0.13849315879793128     
  0.78578578578578551       -4.4352198586631704E-002   9.3021438874600793E-002
  0.79579579579579551       -4.2242780390723128E-002   4.9964358250881427E-002
  0.80580580580580552       -4.0745759635048361E-002   8.6607626130033814E-003
  0.81581581581581553       -3.9761492236214703E-002  -3.1434386089044829E-002
  0.82582582582582553       -3.9226039686614200E-002  -7.0789807469040650E-002
  0.83583583583583554       -3.9101347086316386E-002 -0.10982621152668302     
  0.84584584584584555       -3.9369933028619679E-002 -0.14893807841223894     
  0.85585585585585555       -4.0032435559788193E-002 -0.18851201240189139     
  0.86586586586586556       -4.1107317672130772E-002 -0.22894388387394329     
  0.87587587587587556       -4.2632595667797382E-002 -0.27065664961516728     
  0.88588588588588557       -4.4669917394071529E-002 -0.31412083541360641     
  0.89589589589589558       -4.7311880103471343E-002 -0.35988018866398030     
  0.90590590590590558       -5.0694374282205738E-002 -0.40858613374308267     
  0.91591591591591559       -5.5017401861968893E-002 -0.46104680215803495     
  0.92592592592592560       -6.0581203397579199E-002 -0.51830044713996926     
  0.93593593593593560       -6.7852006451344787E-002 -0.58173089326008565     
  0.94594594594594561       -7.7589714127640624E-002 -0.65325855043467584     
  0.95595595595595562       -9.1117922868406157E-002 -0.73567402493832579     
  0.96596596596596562      -0.11096250788570962      -0.83325250927313421     
  0.97597597597597563      -0.14260443319437910      -0.95290873908378304     
  0.98598598598598564      -0.20030746058895452       -1.1058619057699897     
  0.99599599599599564      -0.32878993625031377       -1.3003137488733827     
   1.0060060060060056      -0.60135824596315912       -1.4494191428781582     
   1.0160160160160157      -0.89682338229352865       -1.4373548127020674     
   1.0260260260260257       -1.1248992693523230       -1.3486484961949856     
   1.0360360360360357       -1.2992320927019032       -1.2350320352037025     
   1.0460460460460457       -1.4356648933749820       -1.1126209940607328     
   1.0560560560560557       -1.5441235490619794      -0.98704047928314942     
   1.0660660660660657       -1.6307193494873260      -0.86017157708479697     
   1.0760760760760757       -1.6989253227756735      -0.73198357713343565     
   1.0860860860860857       -1.7491716535538122      -0.60081347555484488     
   1.0960960960960957       -1.7738557059232902      -0.46420604966285089     
   1.1061061061061057       -1.7426697030268290      -0.34661270710587921     
   1.1161161161161157       -1.7498994342174508      -0.33173872149475631     
   1.1261261261261257       -1.8226363724145478      -0.23709672954607910     
   1.1361361361361357       -1.8455432850324969      -0.11979973412540849     
   1.1461461461461457       -1.8626584193156963       -1.3100344469117784E-002
   1.1561561561561557       -1.8674054001401512       0.10663311580529942     
   1.1661661661661658       -1.8530938391215432       0.22771338001958058     
   1.1761761761761758       -1.8154813401714811       0.34736842025978659     
   1.1861861861861858       -1.7422463964029806       0.43563896699539595     
   1.1961961961961958       -1.7192568166099906       0.47217818279134072     
   1.2062062062062058       -1.7154200541082656       0.55708420155051985     
   1.2162162162162158       -1.7114439459479716       0.65995436845892186     
   1.2262262262262258       -1.6745166594876919       0.78842439473043924     
   1.2362362362362358       -1.6108958556384954       0.91171266161883091     
   1.2462462462462458       -1.5288606712636670        1.0305266604040715     
   1.2562562562562558       -1.4273127175679663        1.1463579980821503     
   1.2662662662662658       -1.3013097164773013        1.2583732044212936     
   1.2762762762762758       -1.1421732991437830        1.3612190454884892     
   1.2862862862862858      -0.94363744577605690        1.4377143695716308     
   1.2962962962962958      -0.69990706145606252        1.4792864863958379     
   1.3063063063063058      -0.41005288240143517        1.3975220096788563     
   1.3163163163163158      -0.23610165934432803        1.2025675399809821     
   1.3263263263263259      -0.16299930168794943        1.0334076199668190     
   1.3363363363363359      -0.12684336745607019       0.90088439899368933     
   1.3463463463463459       -9.9806768253281539E-002  0.79492580107390809     
   1.3563563563563559       -9.3355386290153441E-002  0.69379497591503270     
   1.3663663663663659       -8.4772188972147638E-002  0.61586507997072215     
   1.3763763763763759       -8.3170152851392717E-002  0.54074157382800836     
   1.3863863863863859       -8.9826164724915933E-002  0.48163163242288254     
   1.3963963963963959       -8.0985653985847381E-002  0.43400177010902152     
   1.4064064064064059       -6.8007497364852398E-002  0.37528348838243286     
   1.4164164164164168       -6.3311534111088433E-002  0.31428332710967299     
   1.4264264264264268       -6.1132959725834435E-002  0.25668737161369654     
   1.4364364364364368       -5.9590307219510356E-002  0.19828930533530809     
   1.4464464464464468       -6.0003117409982154E-002  0.13915937199307524     
   1.4564564564564568       -6.1788986000429612E-002   7.8741105690440391E-002
   1.4664664664664668       -6.4861335190241134E-002   1.5916853639752135E-002
   1.4764764764764768       -6.9404267897848634E-002  -5.0598954641207256E-002
   1.4864864864864868       -7.5816846475875790E-002 -0.12237652864593569     
   1.4964964964964969       -8.4795734053008581E-002 -0.20147440424844335     
   1.5065065065065069       -9.7557643553434964E-002 -0.29076662561992334     
   1.5165165165165169      -0.11635714031293225      -0.39451925671104127     
   1.5265265265265269      -0.14581092635448689      -0.51947048254763606     
   1.5365365365365369      -0.19688214432461323      -0.67678266970491185     
   1.5465465465465469      -0.30142105327387420      -0.88280357226666617     
   1.5565565565565569      -0.55459926273088478       -1.1148408473255773     
   1.5665665665665669      -0.96041107685428928       -1.1629119020767968     
   1.5765765765765769       -1.2826259833140727       -1.0252939048483316     
   1.5865865865865869       -1.4966664013726823      -0.83706934301357749     
   1.5965965965965969       -1.6378550252165183      -0.64306151206251505     
   1.6066066066066069       -1.7295603532808319      -0.45504153124742119     
   1.6166166166166169       -1.7845326100497383      -0.27501893212537182     
   1.6266266266266269       -1.8062885823953809      -0.10173097977680148     
   1.6366366366366369       -1.7817692780061396        5.9053934094239931E-002
   1.6466466466466469       -1.7190323844619024       0.13089491962514677     
   1.6566566566566570       -1.7710921364240297       0.18619140756910271     
   1.6666666666666670       -1.8043961915399302       0.31566639823436643     
   1.6766766766766770       -1.7950353293954779       0.44825580102917406     
   1.6866866866866870       -1.7728898456547439       0.56135140524486049     
   1.6966966966966970       -1.7450548537473975       0.67735079569743517     
   1.7067067067067070       -1.7027793531375459       0.78873864494864576     
   1.7167167167167170       -1.6502400072410395       0.89416479980244101     
   1.7267267267267270       -1.5869867386679277       0.99436417523214615     
   1.7367367367367370       -1.5105483208913109        1.0852271082153415     
   1.7467467467467470       -1.4308364016738402        1.1631293910233897     
   1.7567567567567570       -1.3471783618684943        1.2274400319251528     
   1.7667667667667670       -1.2748632831548636        1.3095008464889295     
   1.7767767767767770       -1.1547547828460984        1.3978945472476521     
   1.7867867867867870      -0.98675925842691137        1.4436779607346149     
   1.7967967967967970      -0.83413526314003350        1.3692966154231885     
   1.8068068068068071      -0.85439105974179519        1.3185473840267730     
   1.8168168168168171      -0.82489912763123407        1.4210287899315723     
   1.8268268268268271      -0.68192063780782142        1.5344766130704390     
   1.8368368368368371      -0.43876501744870350        1.5439180774116414     
   1.8468468468468471      -0.24793105933651885        1.4028141600643191     
   1.8568568568568571      -0.18288168647530542        1.2442631907689012     
   1.8668668668668671      -0.18907313527430150        1.1498056097762417     
   1.8768768768768771      -0.15777925032823678        1.1080441099090859     
   1.8868868868868871      -0.11424084820698814        1.0555801178837316     
   1.8968968968968971       -7.9656192806648929E-002  0.98343381867790403     
   1.9069069069069071       -6.3860149754552620E-002  0.91709997327258452     
   1.9169169169169171       -5.5154383005224066E-002  0.85955416027516363     
   1.9269269269269271       -4.9958738101446083E-002  0.80829506647550908     
   1.9369369369369371       -4.7864891590515442E-002  0.76219019441052771     
   1.9469469469469471       -4.5660416771818667E-002  0.72300738756359262     
   1.9569569569569571       -4.1622205634924678E-002  0.68345143106831774     
   1.9669669669669672       -4.0906445459519047E-002  0.64559062960091651     
   1.9769769769769772       -3.9032238713904828E-002  0.61144183905498395     
   1.9869869869869872       -3.7279855652583405E-002  0.57564538058354997     
   1.9969969969969972       -3.8864292913469579E-002  0.54090942605247117     
   2.0070070070070072       -3.8268838815464210E-002  0.51405521451822989     
   2.0170170170170172       -3.2785692718733286E-002  0.47499596803656602     
   2.0270270270270272       -3.5760520773316935E-002  0.43859335727685894     
   2.0370370370370372       -3.9908308766464798E-002  0.40267698945949687     
   2.0470470470470472       -4.8619750288903779E-002  0.36921365256553584     
   2.0570570570570572       -5.1032619186302995E-002  0.34490663758755141     
   2.0670670670670672       -4.5136471583273712E-002  0.30983418692067682     
   2.0770770770770772       -4.4753387031630509E-002  0.26816613179189774     
   2.0870870870870872       -4.6932736189789943E-002  0.22513824167849006     
   2.0970970970970972       -4.9888183972104094E-002  0.17824806117904368     
   2.1071071071071072       -5.4784864034236262E-002  0.12670963085914816     
   2.1171171171171173       -6.1705952657166975E-002   6.9352496804989949E-002
   2.1271271271271273       -7.1271772412747084E-002   4.1271461419188742E-003
   2.1371371371371373       -8.4763602279853745E-002  -7.1901507667816181E-002
   2.1471471471471473      -0.10462322458672807      -0.16316514094348047     
   2.1571571571571573      -0.13589949417537975      -0.27674329475324810     
   2.1671671671671673      -0.19035243731254614      -0.42428460192604955     
   2.1771771771771773      -0.30140122368997951      -0.62435327254055917     
   2.1871871871871873      -0.57563014398831680      -0.85993815841038357     
   2.1971971971971973       -1.0470638637683003      -0.88248952697522309     
   2.2072072072072073       -1.4050505983395267      -0.65597834997440796     
   2.2172172172172173       -1.6050463008989411      -0.37523476571734321     
   2.2272272272272273       -1.7039272521810727      -0.10465085285022392     
   2.2372372372372373       -1.7382055939093268       0.14260997530336275     
   2.2472472472472473       -1.7264527737136539       0.36622406275398595     
   2.2572572572572573       -1.6730663881263996       0.56710926967722652     
   2.2672672672672673       -1.5652144749187378       0.72674267983594987     
   2.2772772772772774       -1.4707769709708394       0.75379374016716749     
   2.2872872872872874       -1.5135072650721813       0.85057430134805889     
   2.2972972972972974       -1.4785974637904542        1.0105203530015885     
   2.3073073073073074       -1.3977449333260421        1.1439704825597423     
   2.3173173173173174       -1.3045047997742745        1.2599242916715299     
   2.3273273273273274       -1.2064301197804572        1.3546388175095911     
   2.3373373373373374       -1.0955087893725675        1.4569503869010605     
   2.3473473473473474      -0.95707175345301276        1.5423157519934212     
   2.3573573573573574      -0.79977463516722047        1.6089289544609522     
   2.3673673673673674      -0.60809443263352358        1.6483947266588317     
   2.3773773773773774      -0.38319255871554597        1.6143889024182019     
   2.3873873873873874      -0.21424211993222167        1.4744137486187110     
   2.3973973973973974      -0.14286326805341021        1.3310576810984147     
   2.4074074074074074      -0.11414112820264403        1.2152969401145515     
   2.4174174174174174      -0.11078634747514515        1.1157389011706160     
   2.4274274274274275      -0.14740401109703144        1.0319343430324581     
   2.4374374374374375      -0.21855968591162983        1.0364475299139895     
   2.4474474474474475      -0.16223290858695330        1.0893136631126186     
   2.4574574574574575      -0.10212035563272197        1.0305539112735018     
   2.4674674674674675      -0.10841745229741689       0.96865851683441295     
   2.4774774774774775      -0.13576342159546234       0.97413304457164429     
   2.4874874874874875       -8.6441298516176421E-002  0.98295727088154405     
   2.4974974974974975       -5.1861983682710021E-002  0.94164716762001244     
   2.5075075075075075       -3.9303955079608523E-002  0.90213607435427023     
   2.5175175175175175       -3.5155736504754787E-002  0.86879493260742080     
   2.5275275275275275       -3.3461991124792041E-002  0.84268082942951672     
   2.5375375375375375       -3.0678814180569450E-002  0.81584888115347098     
   2.5475475475475475       -3.3822706621103107E-002  0.78761380327001973     
   2.5575575575575575       -5.0172000268560078E-002  0.76165443769397312     
   2.5675675675675675       -7.4203210050763149E-002  0.76938415157627960     
   2.5775775775775776       -6.2209079837470697E-002  0.77649443557090692     
   2.5875875875875876       -4.1291818764163268E-002  0.77295972047782269     
   2.5975975975975976       -2.7678535221420466E-002  0.75081943940186435     
   2.6076076076076076       -2.5472051370856147E-002  0.72866746760261802     
   2.6176176176176176       -3.3334573136374279E-002  0.71099903084550009     
   2.6276276276276276       -3.8260631821893092E-002  0.71374428741857077     
   2.6376376376376376       -2.7323740317414927E-002  0.70404511689000560     
   2.6476476476476476       -2.7472018365924510E-002  0.69387955454545658     
   2.6576576576576576       -2.2187664023234178E-002  0.68774806398820032     
   2.6676676676676676       -1.5507724768122885E-002  0.67690698573956909     
   2.6776776776776776       -1.2340383055381692E-002  0.66459960471220536     
   2.6876876876876876       -1.0822612321887059E-002  0.65343467393069876     
   2.6976976976976976       -9.9098272081266474E-003  0.64324065825246468     
   2.7077077077077076       -9.2876689376023350E-003  0.63381315596915000     
   2.7177177177177176       -8.7277886988379183E-003  0.62496196650064795     
   2.7277277277277276       -8.2714692295290954E-003  0.61651119612598748     
   2.7377377377377377       -7.8992612751303745E-003  0.60844590887759731     
   2.7477477477477477       -7.5815087967419943E-003  0.60071724179956265     
   2.7577577577577577       -7.3047320285837209E-003  0.59328202719796008     
   2.7677677677677677       -7.0616358452264905E-003  0.58610468291986795     
   2.7777777777777777       -6.8479699539894037E-003  0.57915461278965841     
   2.7877877877877877       -6.6614240101793227E-003  0.57240421589381352     
   2.7977977977977977       -6.5012241638853600E-003  0.56582734977243088     
   2.8078078078078077       -6.3680948469953761E-003  0.55939794345909499     
   2.8178178178178177       -6.2645257211588045E-003  0.55308850203375937     
   2.8278278278278277       -6.1954269349306958E-003  0.54686821583011713     
   2.8378378378378377       -6.1694264815269871E-003  0.54070025499754681     
   2.8478478478478477       -6.2013940956470517E-003  0.53453752433808965     
   2.8578578578578577       -6.3175526928207501E-003  0.52831549641988784     
   2.8678678678678677       -6.5665880605564253E-003  0.52193930851197734     
   2.8778778778778777       -7.0462494528274145E-003  0.51525913179787830     
   2.8878878878878878       -7.9756767537077691E-003  0.50802128731339535     
   2.8978978978978978       -9.9273986814876272E-003  0.49977838718537149     
   2.9079079079079078       -1.4731636025476011E-002  0.48989163114006495     
   2.9179179179179178       -2.8874096335679441E-002  0.48062094346368933     
   2.9279279279279278       -4.6533795713925769E-002  0.49628117069456623     
   2.9379379379379378       -3.3859209066087852E-002  0.50243063709470615     
   2.9479479479479478       -4.1063687606087029E-002  0.50294868510319646     
   2.9579579579579578       -2.7001336628978724E-002  0.51630223500186223     
   2.9679679679679678       -1.3865107611869504E-002  0.50770164358174164     
   2.9779779779779778       -9.3523872660219651E-003  0.49839096626343404     
   2.9879879879879878       -7.5398549431127670E-003  0.49063135895994736     
   2.9979979979979978       -6.7661396166515033E-003  0.48378279111283828     
   3.0080080080080087       -6.5785958929726268E-003  0.47732822068818720     
   3.0180180180180187       -6.9577314735170606E-003  0.47085009869486977     
   3.0280280280280287       -8.3266329774915413E-003  0.46389079433591840     
   3.0380380380380387       -1.2394222202181780E-002  0.45613735757782686     
   3.0480480480480487       -2.3253906000377880E-002  0.45211062486127934     
   3.0580580580580587       -3.1044351283213735E-002  0.46112323540872824     
   3.0680680680680688       -2.1280813308841257E-002  0.46794698215988967     
   3.0780780780780788       -1.8100946336289614E-002  0.46213672813021850     
   3.0880880880880888       -1.5475697010366194E-002  0.46233238498085272     
   3.0980980980980988       -1.3064553248030696E-002  0.45696900791347550     
   3.1081081081081088       -1.2748875603541258E-002  0.45686402041572144     
   3.1181181181181188       -7.7690600182991855E-003  0.45325457374915884     
   3.1281281281281288       -5.8207086880437730E-003  0.44770602155892775     
   3.1381381381381388       -5.2384338013501206E-003  0.44258175696392782     
   3.1481481481481488       -5.4864161090389767E-003  0.43771482223753561     
   3.1581581581581588       -7.0831641840656641E-003  0.43360385603067197     
   3.1681681681681688       -7.3819889809212140E-003  0.43173024231366225     
   3.1781781781781788       -7.1904430423176350E-003  0.42719264819036123     
   3.1881881881881888       -1.0877449016657218E-002  0.42324926079181679     
   3.1981981981981988       -1.2053589795917301E-002  0.42623472790282868     
   3.2082082082082088       -8.1786866735594661E-003  0.42298036470610073     
   3.2182182182182189       -9.0418005851364246E-003  0.41723891689379222     
   3.2282282282282289       -1.5073438590722604E-002  0.41502190628925467     
   3.2382382382382389       -1.6430824952510401E-002  0.42129558652516436     
   3.2482482482482489       -9.0101559798873264E-003  0.42187834424308146     
   3.2582582582582589       -5.5375061448906448E-003  0.41721686940277586     
   3.2682682682682689       -4.5212919254405222E-003  0.41295341379898653     
   3.2782782782782789       -4.6211232328858378E-003  0.40973751588775364     
   3.2882882882882889       -3.8998255522284244E-003  0.40745242599715892     
   3.2982982982982989       -3.2075987370593002E-003  0.40442864168011494     
   3.3083083083083089       -2.9315535830823224E-003  0.40147965286077175     
   3.3183183183183189       -2.8458442432668088E-003  0.39867150655532441     
   3.3283283283283289       -2.9926519658029665E-003  0.39600804059684247     
   3.3383383383383389       -3.2450738420585867E-003  0.39388375047192054     
   3.3483483483483489       -2.9253031747092529E-003  0.39191919821889659     
   3.3583583583583589       -2.5441041355857333E-003  0.38953999417759744     
   3.3683683683683689       -2.3815151341853033E-003  0.38714255332516456     
   3.3783783783783790       -2.2945432969797858E-003  0.38482164572997807     
   3.3883883883883890       -2.2359716286193768E-003  0.38256230340245750     
   3.3983983983983990       -2.1914431072111253E-003  0.38035089268080746     
   3.4084084084084090       -2.1555764813961627E-003  0.37817824378200865     
   3.4184184184184190       -2.1260428583679356E-003  0.37603767034079566     
   3.4284284284284290       -2.1018021713528961E-003  0.37392373522089956     
   3.4384384384384390       -2.0824917580535745E-003  0.37183154720990669     
   3.4484484484484490       -2.0682075069553005E-003  0.36975629822228434     
   3.4584584584584590       -2.0594558987505184E-003  0.36769288234352709     
   3.4684684684684690       -2.0572146942215998E-003  0.36563549815871044     
   3.4784784784784790       -2.0631064796882981E-003  0.36357714632186772     
   3.4884884884884890       -2.0797431044896567E-003  0.36150890730843954     
   3.4984984984984990       -2.1113855458363413E-003  0.35941880907748452     
   3.5085085085085090       -2.1652566134787591E-003  0.35728992947289839     
   3.5185185185185190       -2.2543439727894026E-003  0.35509702034102103     
   3.5285285285285291       -2.4039999571455572E-003  0.35280015374410623     
   3.5385385385385391       -2.6696238131949626E-003  0.35033229080663220     
   3.5485485485485491       -3.1927513281157986E-003  0.34757676743114546     
   3.5585585585585591       -4.4173420885446173E-003  0.34436979183290356     
   3.5685685685685691       -7.8165288582107521E-003  0.34127245357184782     
   3.5785785785785791       -1.2250921847680465E-002  0.34298931882254025     
   3.5885885885885891       -1.0264907193847136E-002  0.34402861661574302     
   3.5985985985985991       -1.3344288892964309E-002  0.34072953213695906     
   3.6086086086086091       -1.7171822072040887E-002  0.34851690416391951     
   3.6186186186186191       -8.5801563369053355E-003  0.35047238005322756     
   3.6286286286286291       -4.8312179225052428E-003  0.34648868778812231     
   3.6386386386386391       -3.5640133180733975E-003  0.34290721149168890     
   3.6486486486486491       -3.1091082082078721E-003  0.33979471735793226     
   3.6586586586586591       -3.0533497494140199E-003  0.33685975803567736     
   3.6686686686686691       -3.3766275980513694E-003  0.33384921916082166     
   3.6786786786786791       -4.4245187941016565E-003  0.33049466871242406     
   3.6886886886886892       -7.6198670554041281E-003  0.32689684662845953     
   3.6986986986986992       -1.4286080261208813E-002  0.32787439456964423     
   3.7087087087087092       -1.4905444588862274E-002  0.33529595693307590     
   3.7187187187187192       -7.7608387077182147E-003  0.33620106226107377     
   3.7287287287287292       -5.1184825080607017E-003  0.33233043505816379     
   3.7387387387387392       -5.6263841000864147E-003  0.32922670702832207     
   3.7487487487487492       -5.8922692669296541E-003  0.32929089762043101     
   3.7587587587587592       -4.3344511540403469E-003  0.32732380841809960     
   3.7687687687687692       -5.1038464803095634E-003  0.32537114267681788     
   3.7787787787787792       -4.3336076833861894E-003  0.32559030901075520     
   3.7887887887887892       -2.8342092945548808E-003  0.32358765238325582     
   3.7987987987987992       -2.3527435632509103E-003  0.32130188699558265     
   3.8088088088088092       -2.2607177452877059E-003  0.31911651453458206     
   3.8188188188188192       -2.4385879089647835E-003  0.31690340156927860     
   3.8288288288288292       -3.0907870122365969E-003  0.31449519733973030     
   3.8388388388388393       -5.1822961580418984E-003  0.31195488898913043     
   3.8488488488488493       -1.0053769981135595E-002  0.31323131433655582     
   3.8588588588588593       -6.8372306248016441E-003  0.31781877490252380     
   3.8688688688688693       -3.5011181124535409E-003  0.31583579295968572     
   3.8788788788788793       -2.4150843652407292E-003  0.31347727275163728     
   3.8888888888888893       -2.0296392551379084E-003  0.31144440916751714     
   3.8988988988988993       -1.9853836337562795E-003  0.30960938303256030     
   3.9089089089089093       -2.3706031724324973E-003  0.30811366924403433     
   3.9189189189189193       -2.2642031611843573E-003  0.30742450559173551     
   3.9289289289289293       -1.7676947113703858E-003  0.30602107058280398     
   3.9389389389389393       -1.6918248636594764E-003  0.30448826763953479     
   3.9489489489489493       -1.9341787846837431E-003  0.30323287884339423     
   3.9589589589589593       -1.7263325672182900E-003  0.30235126863388789     
   3.9689689689689693       -1.4511382354866040E-003  0.30102931349652762     
   3.9789789789789793       -1.3717211388413518E-003  0.29968033320497883     
   3.9889889889889893       -1.4075063476948007E-003  0.29836539842864662     
   3.9989989989989994       -1.6140557263015129E-003  0.29721682291235735     
   4.0090090090090094       -1.5018999856148847E-003  0.29635539314251813     
   4.0190190190190194       -1.2971687910557331E-003  0.29516382485243475     
   4.0290290290290294       -1.2323080347750122E-003  0.29394248850931687     
   4.0390390390390394       -1.2374076168658894E-003  0.29274964856612484     
   4.0490490490490494       -1.3060475205481444E-003  0.29166036682765040     
   4.0590590590590594       -1.2213707299985235E-003  0.29063402376106223     
   4.0690690690690694       -1.1505449113154804E-003  0.28950213150869875     
   4.0790790790790794       -1.1220166328617725E-003  0.28837599339718323     
   4.0890890890890894       -1.1074797878929819E-003  0.28726395981196362     
   4.0990990990990994       -1.0992304754862273E-003  0.28616155537732241     
   4.1091091091091094       -1.0951377127075095E-003  0.28506487107806078     
   4.1191191191191194       -1.0948014970299253E-003  0.28397043051937132     
   4.1291291291291294       -1.0986828743049888E-003  0.28287456613311118     
   4.1391391391391394       -1.1080453252343316E-003  0.28177282136807169     
   4.1491491491491495       -1.1253779619418472E-003  0.28065917619904029     
   4.1591591591591595       -1.1556325950739094E-003  0.27952477041384410     
   4.1691691691691695       -1.2097869269847340E-003  0.27835560545707844     
   4.1791791791791795       -1.3170442807516325E-003  0.27712954841351028     
   4.1891891891891895       -1.5716809647338883E-003  0.27583609509333590     
   4.1991991991991995       -2.0652785333019411E-003  0.27471731053652415     
   4.2092092092092095       -2.5288397139925064E-003  0.27359135325514367     
   4.2192192192192195       -3.2237900214449155E-003  0.27325075815379135     
   4.2292292292292295       -2.7104795022968539E-003  0.27219099005119901     
   4.2392392392392395       -3.4598622214849421E-003  0.27017492667643739     
   4.2492492492492495       -6.3502754182767534E-003  0.26959310719185675     
   4.2592592592592595       -6.1917819917089601E-003  0.27179249513803733     
   4.2692692692692695       -6.2769627005395470E-003  0.27195157399894326     
   4.2792792792792795       -4.0326545930998142E-003  0.27291335545716999     
   4.2892892892892895       -2.3733388118832950E-003  0.27115685864612288     
   4.2992992992992995       -1.8575575520477306E-003  0.26935207163553626     
   4.3093093093093096       -1.7709815302447219E-003  0.26768456960300296     
   4.3193193193193196       -2.0562570559002897E-003  0.26602308429053867     
   4.3293293293293296       -3.1924241390542734E-003  0.26458895336348531     
   4.3393393393393396       -4.0645369750960713E-003  0.26529000372543871     
   4.3493493493493496       -2.8136429363027834E-003  0.26446541162034909     
   4.3593593593593596       -3.0234135241777467E-003  0.26247782091413085     
   4.3693693693693696       -5.2504420847299133E-003  0.26125983053870677     
   4.3793793793793796       -5.7406404744506931E-003  0.26387132812338937     
   4.3893893893893896       -3.8415326177120225E-003  0.26298403061869952     
   4.3993993993993996       -4.5222327020364213E-003  0.26229726438256973     
   4.4094094094094096       -3.1411798502403530E-003  0.26284022143221436     
   4.4194194194194196       -1.9565566031285518E-003  0.26137344236562543     
   4.4294294294294296       -1.6226553991518420E-003  0.25983254591917360     
   4.4394394394394396       -1.6940584965122038E-003  0.25836928881107046     
   4.4494494494494496       -2.3884105005190174E-003  0.25702229461320447     
   4.4594594594594597       -3.5900116650623972E-003  0.25732327754501461     
   4.4694694694694697       -2.2878650923458294E-003  0.25751709816620350     
   4.4794794794794797       -1.6397300999846990E-003  0.25623146657241291     
   4.4894894894894897       -1.7531895310968278E-003  0.25501278962432289     
   4.4994994994994997       -2.0753553695330752E-003  0.25467578511956884     
   4.5095095095095097       -1.4247051656880835E-003  0.25409717580501412     
   4.5195195195195197       -1.1303284784240633E-003  0.25304494057339927     
   4.5295295295295297       -1.0671407962632715E-003  0.25202464490951443     
   4.5395395395395397       -1.1869585823558822E-003  0.25107100425664541     
   4.5495495495495497       -1.4009599152556022E-003  0.25051920010908241     
   4.5595595595595597       -1.0929355288325055E-003  0.24990295352752595     
   4.5695695695695697       -9.4164390218133478E-004  0.24901071813379416     
   4.5795795795795797       -9.1655728470477974E-004  0.24812518392275562     
   4.5895895895895897       -1.0002392871045682E-003  0.24726074516150290     
   4.5995995995995997       -1.2436498722601589E-003  0.24662362939900712     
   4.6096096096096097       -1.0559597818198653E-003  0.24616582671349746     
   4.6196196196196198       -8.7808287582175494E-004  0.24536693822072311     
   4.6296296296296298       -8.3105366745468516E-004  0.24455246750628087     
   4.6396396396396398       -8.5859413894497452E-004  0.24375983558995307     
   4.6496496496496498       -9.6873434771066024E-004  0.24309150317146946     
   4.6596596596596598       -8.6682211520614459E-004  0.24250677173175383     
   4.6696696696696698       -7.7774949775972471E-004  0.24176305277927365     
   4.6796796796796798       -7.5087920086334796E-004  0.24101669027109826     
   4.6896896896896898       -7.5636691362180100E-004  0.24028178313042489     
   4.6996996996996998       -8.0922667619799345E-004  0.23958724046208341     
   4.7097097097097098       -7.8814734287617971E-004  0.23898231709954273     
   4.7197197197197198       -7.2739287568627359E-004  0.23828874422388288     
   4.7297297297297298       -7.0606070976047684E-004  0.23758358579718755     
   4.7397397397397398       -6.9972317121977585E-004  0.23688476934599312     
   4.7497497497497498       -7.0404241434395410E-004  0.23618810939681420     
   4.7597597597597598       -7.2965651655477299E-004  0.23548975236035766     
   4.7697697697697699       -8.1600177563117269E-004  0.23482315569074949     
   4.7797797797797799       -8.2640059084733647E-004  0.23430333316268379     
   4.7897897897897899       -7.2992732810099852E-004  0.23365169585209483     
   4.7997997997997999       -6.9780929934646794E-004  0.23295984238567197     
   4.8098098098098099       -6.9034425945839050E-004  0.23227200192091144     
   4.8198198198198199       -6.9528903092122042E-004  0.23158374603334356     
   4.8298298298298299       -7.1561985015395496E-004  0.23088772138181751     
   4.8398398398398399       -7.7459177145553545E-004  0.23017998352248170     
   4.8498498498498499       -9.2527678538635843E-004  0.22954116749140507     
   4.8598598598598599       -8.9190059747525064E-004  0.22903466838709924     
   4.8698698698698699       -8.2108001879946943E-004  0.22830301708329093     
   4.8798798798798799       -8.5697072978035136E-004  0.22750572750475029     
   4.8898898898898899       -9.9748820009740169E-004  0.22664451982282011     
   4.8998998998998999       -1.3943348622430913E-003  0.22569205184013005     
   4.9099099099099099       -2.4739131830388604E-003  0.22508325108942068     
   4.9199199199199199       -3.1208712008694295E-003  0.22569252716526753     
   4.9299299299299300       -2.3975123208685124E-003  0.22644503140608452     
   4.9399399399399400       -1.3737402958817720E-003  0.22567706294180850     
   4.9499499499499500       -1.0493659526254263E-003  0.22467768661212428     
   4.9599599599599600       -9.7904423389352422E-004  0.22373910937840225     
   4.9699699699699700       -1.0676805301624336E-003  0.22279853065323632     
   4.9799799799799800       -1.4477304278244841E-003  0.22180500694993244     
   4.9899899899899900       -2.5643763589824850E-003  0.22122471262059776     
   5.0000000000000000       -3.0779746417597727E-003  0.22208217880593836     
