  -5.0000000000000000       -3.4041454411056632E-003 -0.21813256906237127     
  -4.9899899899899900       -1.8144632573194380E-003 -0.21867720347134662     
  -4.9799799799799800       -1.2784783401608008E-003 -0.21983936695048215     
  -4.9699699699699700       -1.1697955263128314E-003 -0.22093859035722882     
  -4.9599599599599600       -1.3116506740455129E-003 -0.22205308092701315     
  -4.9499499499499500       -1.8915953289005713E-003 -0.22327777952605291     
  -4.9399399399399400       -3.7154538078080471E-003 -0.22406083707905275     
  -4.9299299299299300       -4.9586879161037430E-003 -0.22179559004699459     
  -4.9199199199199199       -2.7261341072578878E-003 -0.22085269298158963     
  -4.9099099099099099       -1.4908132561366851E-003 -0.22196508279112426     
  -4.8998998998998999       -1.0683631361660326E-003 -0.22303960643858123     
  -4.8898898898898899       -8.9548857602922654E-004 -0.22395782646831450     
  -4.8798798798798799       -8.2209350953363998E-004 -0.22478447711594704     
  -4.8698698698698699       -8.2182364072122028E-004 -0.22555422165844091     
  -4.8598598598598599       -8.7919834159070872E-004 -0.22618879423678367     
  -4.8498498498498499       -7.7603442609986957E-004 -0.22679389723491838     
  -4.8398398398398399       -7.1134393030861283E-004 -0.22749128518950618     
  -4.8298298298298299       -6.8678058233026496E-004 -0.22818046261807928     
  -4.8198198198198199       -6.7630402014069192E-004 -0.22885864049434107     
  -4.8098098098098099       -6.7299479888829905E-004 -0.22953135867964383     
  -4.7997997997997999       -6.7591921383304435E-004 -0.23020331718607961     
  -4.7897897897897899       -6.8931928085505089E-004 -0.23087882272930990     
  -4.7797797797797799       -7.3254179739935864E-004 -0.23155497451167822     
  -4.7697697697697699       -8.0732991650169276E-004 -0.23214931304093131     
  -4.7597597597597598       -7.4270972464312191E-004 -0.23274436353747718     
  -4.7497497497497498       -7.1037499110985418E-004 -0.23343183479543198     
  -4.7397397397397398       -7.2145444439913832E-004 -0.23412657619247876     
  -4.7297297297297298       -7.7940710499322958E-004 -0.23479142254692550     
  -4.7197197197197198       -7.6545611458161814E-004 -0.23538621489041531     
  -4.7097097097097098       -7.2046092673833410E-004 -0.23607270846818396     
  -4.6996996996996998       -7.1170886500619712E-004 -0.23677822010458288     
  -4.6896896896896898       -7.1793237381384252E-004 -0.23748832042009083     
  -4.6796796796796798       -7.3846983335291722E-004 -0.23820761706144800     
  -4.6696696696696698       -7.9512503271938421E-004 -0.23893376361776500     
  -4.6596596596596598       -8.9846227284245679E-004 -0.23956869018333665     
  -4.6496496496496498       -8.2584719180529105E-004 -0.24019146718204670     
  -4.6396396396396398       -7.8457721675765930E-004 -0.24094411329465526     
  -4.6296296296296298       -7.9361928449174740E-004 -0.24171573193272883     
  -4.6196196196196198       -8.4821920290860256E-004 -0.24250167700392009     
  -4.6096096096096097       -1.0079318169514237E-003 -0.24324118683792897     
  -4.5995995995995997       -1.0235445639271239E-003 -0.24376134997511545     
  -4.5895895895895897       -8.8724381859800244E-004 -0.24452281300742271     
  -4.5795795795795797       -8.5723369637795064E-004 -0.24535949710830529     
  -4.5695695695695697       -8.7111477108896328E-004 -0.24621023286994653     
  -4.5595595595595597       -9.1739407403093078E-004 -0.24708772519586983     
  -4.5495495495495497       -1.0259664594103374E-003 -0.24800923650192916     
  -4.5395395395395397       -1.3206157009092701E-003 -0.24892445217327666     
  -4.5295295295295297       -1.5984703164573526E-003 -0.24937649378760873     
  -4.5195195195195197       -1.3390566603145996E-003 -0.25017742393680775     
  -4.5095095095095097       -1.4334431998009008E-003 -0.25132681371180582     
  -4.4994994994994997       -2.0628454682898481E-003 -0.25235844032848592     
  -4.4894894894894897       -2.3771627416544925E-003 -0.25232233425315143     
  -4.4794794794794797       -1.7572311980412485E-003 -0.25324877004616814     
  -4.4694694694694697       -1.7650428411588718E-003 -0.25471431545652817     
  -4.4594594594594597       -2.3893897759631336E-003 -0.25633691301345152     
  -4.4494494494494496       -4.3698241885531709E-003 -0.25737706261650645     
  -4.4394394394394396       -4.7327295280648251E-003 -0.25555715603315016     
  -4.4294294294294296       -3.2333609916127683E-003 -0.25678368158538312     
  -4.4194194194194196       -3.8625054151848548E-003 -0.25900680818465865     
  -4.4094094094094096       -6.7972740882743929E-003 -0.25924033583780448     
  -4.3993993993993996       -5.5235099712070716E-003 -0.25701225042445913     
  -4.3893893893893896       -4.5099995501141519E-003 -0.25910435680051230     
  -4.3793793793793796       -6.9675582507867885E-003 -0.26002713663897092     
  -4.3693693693693696       -5.9330246599289529E-003 -0.25701277253129312     
  -4.3593593593593596       -3.3786232491941968E-003 -0.25859015064359259     
  -4.3493493493493496       -2.9691852527735508E-003 -0.26094883559200022     
  -4.3393393393393396       -4.1805946779077457E-003 -0.26289726820618731     
  -4.3293293293293296       -5.4463037347419413E-003 -0.26175319151153492     
  -4.3193193193193196       -3.3445393879499904E-003 -0.26226225581875146     
  -4.3093093093093096       -2.7097148662690918E-003 -0.26450030991268486     
  -4.2992992992992995       -3.0994300260097120E-003 -0.26695694711854828     
  -4.2892892892892895       -4.8881999190700997E-003 -0.26972822204522662     
  -4.2792792792792795       -1.0090231952408513E-002 -0.27067146844755274     
  -4.2692692692692695       -1.2014965738300803E-002 -0.26585885752758248     
  -4.2592592592592595       -1.0992891415440190E-002 -0.26132518567082169     
  -4.2492492492492495       -5.3620879150875203E-003 -0.26108806602518814     
  -4.2392392392392395       -3.1172330764640444E-003 -0.26374403763150400     
  -4.2292292292292295       -2.5274337035744131E-003 -0.26600665712709881     
  -4.2192192192192195       -2.8051583956186714E-003 -0.26741819909471848     
  -4.2092092092092095       -2.2172920360197888E-003 -0.26804429605856633     
  -4.1991991991991995       -1.6196441886436295E-003 -0.26946225533892765     
  -4.1891891891891895       -1.3960696027013688E-003 -0.27086485216089989     
  -4.1791791791791795       -1.3174719880949207E-003 -0.27216691228939438     
  -4.1691691691691695       -1.3433991691857415E-003 -0.27334682876967686     
  -4.1591591591591595       -1.2662758248133308E-003 -0.27438845625073766     
  -4.1491491491491495       -1.1712086216434808E-003 -0.27553001064814797     
  -4.1391391391391394       -1.1321014033027668E-003 -0.27666646731644001     
  -4.1291291291291294       -1.1136363805001204E-003 -0.27778467258203915     
  -4.1191191191191194       -1.1047576577525059E-003 -0.27889189760077515     
  -4.1091091091091094       -1.1018735025968918E-003 -0.27999413865765838     
  -4.0990990990990994       -1.1038163838739030E-003 -0.28109607844468387     
  -4.0890890890890894       -1.1109470439516307E-003 -0.28220196331560687     
  -4.0790790790790794       -1.1262625372797199E-003 -0.28331638477102133     
  -4.0690690690690694       -1.1616430854399721E-003 -0.28444318028615095     
  -4.0590590590590594       -1.2534593511602887E-003 -0.28555077646861327     
  -4.0490490490490494       -1.2713345216788584E-003 -0.28654293507782097     
  -4.0390390390390394       -1.2047525356783037E-003 -0.28767211921969349     
  -4.0290290290290294       -1.2010360672733051E-003 -0.28885293950480451     
  -4.0190190190190194       -1.2331808712919346E-003 -0.29005416912919657     
  -4.0090090090090094       -1.3216354696653321E-003 -0.29128186161498648     
  -3.9989989989989989       -1.5508064270993611E-003 -0.29243719997847611     
  -3.9889889889889889       -1.5442783787795698E-003 -0.29334075359982015     
  -3.9789789789789789       -1.4008497370707070E-003 -0.29458767264669433     
  -3.9689689689689689       -1.4122821773391741E-003 -0.29593574321190308     
  -3.9589589589589589       -1.5501411004333093E-003 -0.29732632254223113     
  -3.9489489489489489       -1.9480585992299577E-003 -0.29861218317969795     
  -3.9389389389389389       -2.0102290997490954E-003 -0.29942999193959285     
  -3.9289289289289289       -1.8309576009831461E-003 -0.30085434414004342     
  -3.9189189189189189       -2.1514074478786497E-003 -0.30239243411025618     
  -3.9089089089089089       -2.5186435675096188E-003 -0.30320368194981073     
  -3.8988988988988988       -2.0447006457481745E-003 -0.30449269512202126     
  -3.8888888888888888       -1.9593178638995785E-003 -0.30628870371502681     
  -3.8788788788788788       -2.1500462029508055E-003 -0.30823044186710513     
  -3.8688688688688688       -2.6768044906834410E-003 -0.31041980760994081     
  -3.8588588588588588       -4.0971837484165491E-003 -0.31297217747539452     
  -3.8488488488488488       -8.2739044232695205E-003 -0.31443808629500131     
  -3.8388388388388388       -9.6062998556002560E-003 -0.30897235579767501     
  -3.8288288288288288       -4.9032619345237925E-003 -0.30935019536433417     
  -3.8188188188188188       -3.2608905570661512E-003 -0.31222977512374134     
  -3.8088088088088088       -2.8216313021237282E-003 -0.31496428407234484     
  -3.7987987987987988       -2.8421082640597648E-003 -0.31764677200910352     
  -3.7887887887887888       -3.2032838231042804E-003 -0.32050804781897713     
  -3.7787787787787788       -4.0819309906327626E-003 -0.32382467759706096     
  -3.7687687687687688       -6.2121515076900237E-003 -0.32798311067811253     
  -3.7587587587587588       -1.2391973390271462E-002 -0.33278003344794033     
  -3.7487487487487487       -2.6646307067036638E-002 -0.32712862685691435     
  -3.7387387387387387       -1.8102274673961596E-002 -0.31149656899301104     
  -3.7287287287287287       -8.5992843098322419E-003 -0.31523088681577560     
  -3.7187187187187187       -5.9103028139971710E-003 -0.32057049377099234     
  -3.7087087087087087       -5.7897456233060498E-003 -0.32546978916216374     
  -3.6986986986986987       -8.2827926788466184E-003 -0.33029774489771935     
  -3.6886886886886887       -1.6024095171427433E-002 -0.33059695464465538     
  -3.6786786786786787       -1.3125782100327240E-002 -0.32217593356535501     
  -3.6686686686686687       -7.0344376852201386E-003 -0.32536649575238585     
  -3.6586586586586587       -5.4438961133163842E-003 -0.33025177300855446     
  -3.6486486486486487       -5.6536465601088777E-003 -0.33516908777657894     
  -3.6386386386386387       -7.4844347626447840E-003 -0.34075785349529170     
  -3.6286286286286287       -1.3049883596067126E-002 -0.34771461379749613     
  -3.6186186186186187       -3.0495815999403562E-002 -0.35134473496062496     
  -3.6086086086086087       -4.1517775710393355E-002 -0.32165547988074938     
  -3.5985985985985987       -1.8082020820594489E-002 -0.31429944465610649     
  -3.5885885885885886       -8.9887571608761162E-003 -0.32130782917691242     
  -3.5785785785785786       -6.2248368170337151E-003 -0.32699427362102479     
  -3.5685685685685686       -5.2439468369654789E-003 -0.33047401891864120     
  -3.5585585585585586       -4.2252766642012843E-003 -0.33360334584310769     
  -3.5485485485485486       -3.6557802014252939E-003 -0.33607035385007294     
  -3.5385385385385386       -2.9056432828055709E-003 -0.33870108180570740     
  -3.5285285285285286       -2.5522231494699683E-003 -0.34129382362040089     
  -3.5185185185185186       -2.3671382302814328E-003 -0.34370942233600688     
  -3.5085085085085086       -2.2558686422217743E-003 -0.34600078324103362     
  -3.4984984984984986       -2.1849061930517581E-003 -0.34821022187600231     
  -3.4884884884884886       -2.1392097564823104E-003 -0.35036579387067374     
  -3.4784784784784786       -2.1108227975642790E-003 -0.35248680843667568     
  -3.4684684684684686       -2.0950921028836064E-003 -0.35458726456769712     
  -3.4584584584584586       -2.0891328213213322E-003 -0.35667782362937117     
  -3.4484484484484486       -2.0911126030835562E-003 -0.35876699786025140     
  -3.4384384384384385       -2.0998912929022662E-003 -0.36086191881072571     
  -3.4284284284284285       -2.1148444595631070E-003 -0.36296888120984683     
  -3.4184184184184185       -2.1358121115778654E-003 -0.36509378187891439     
  -3.4084084084084085       -2.1631878935476235E-003 -0.36724254999930772     
  -3.3983983983983985       -2.1982906438688917E-003 -0.36942168258438413     
  -3.3883883883883881       -2.2445916831032413E-003 -0.37163902745873595     
  -3.3783783783783781       -2.3123485321492167E-003 -0.37390431758235815     
  -3.3683683683683681       -2.4364873661333912E-003 -0.37621595586099321     
  -3.3583583583583581       -2.6025838275230513E-003 -0.37845560028158970     
  -3.3483483483483480       -2.6167799244331785E-003 -0.38081326213201588     
  -3.3383383383383380       -2.8030473450482052E-003 -0.38336537137164189     
  -3.3283283283283280       -3.2959598632053650E-003 -0.38576322911713740     
  -3.3183183183183180       -3.2888730333917016E-003 -0.38790130076143897     
  -3.3083083083083080       -3.3904068217805038E-003 -0.39072446032393904     
  -3.2982982982982980       -4.1615887342221552E-003 -0.39324713011639312     
  -3.2882882882882880       -3.9321291704380885E-003 -0.39521912346839116     
  -3.2782782782782780       -3.6260933587151656E-003 -0.39840412991232754     
  -3.2682682682682680       -3.8305047285509103E-003 -0.40194914179290714     
  -3.2582582582582580       -4.4513994421956551E-003 -0.40585767199730488     
  -3.2482482482482480       -5.9257659708873483E-003 -0.41034785096650250     
  -3.2382382382382380       -9.9340371254054149E-003 -0.41480387555224840     
  -3.2282282282282280       -1.4496000520817157E-002 -0.41432460085649719     
  -3.2182182182182180       -1.7436282625478874E-002 -0.41399997516726050     
  -3.2082082082082080       -1.3916449245771774E-002 -0.41109873388912821     
  -3.1981981981981980       -1.2075703928974842E-002 -0.41730526733656864     
  -3.1881881881881879       -1.8674674162629086E-002 -0.42008056304556673     
  -3.1781781781781779       -1.5738968183984393E-002 -0.41335150986151487     
  -3.1681681681681679       -9.5013541256080292E-003 -0.41845766820339292     
  -3.1581581581581579       -8.6391173002750392E-003 -0.42546125289447190     
  -3.1481481481481479       -1.1640997603513991E-002 -0.43108908498460546     
  -3.1381381381381379       -1.2446156565012601E-002 -0.43112888014500833     
  -3.1281281281281279       -9.6074456668508116E-003 -0.43682355910124071     
  -3.1181181181181179       -1.0337846672906097E-002 -0.44521137636737818     
  -3.1081081081081079       -1.4742426732628369E-002 -0.45526289885908999     
  -3.0980980980980979       -2.8422115961537989E-002 -0.46593415701991336     
  -3.0880880880880879       -5.2529545857077593E-002 -0.45527062209592883     
  -3.0780780780780779       -5.3089644980417634E-002 -0.43347254851321626     
  -3.0680680680680679       -3.0998004287649539E-002 -0.42223082871847473     
  -3.0580580580580579       -1.8831973576024969E-002 -0.43421840147529683     
  -3.0480480480480479       -1.9984588270371809E-002 -0.44456252608074714     
  -3.0380380380380378       -1.9803421713092365E-002 -0.44396826971894543     
  -3.0280280280280278       -1.3467425606245411E-002 -0.45133677406447970     
  -3.0180180180180178       -1.2814249016839759E-002 -0.46198262660655531     
  -3.0080080080080078       -1.7083106412429581E-002 -0.47238841261568737     
  -2.9979979979979978       -2.2824124179408999E-002 -0.47611752891734349     
  -2.9879879879879878       -2.2315509741228506E-002 -0.48642689713148402     
  -2.9779779779779778       -3.3454611907109265E-002 -0.50512141465765170     
  -2.9679679679679678       -7.2621517664523835E-002 -0.51868358098575562     
  -2.9579579579579578      -0.11500583614454982      -0.46793058386881348     
  -2.9479479479479478       -7.4856521340419563E-002 -0.42017440270955414     
  -2.9379379379379378       -4.7649439374597556E-002 -0.43247082731918601     
  -2.9279279279279278       -3.7964525156847104E-002 -0.43038766616231794     
  -2.9179179179179178       -2.0098940493379121E-002 -0.43920879369252125     
  -2.9079079079079078       -1.2859396228353122E-002 -0.45180457653470346     
  -2.8978978978978978       -9.8044409638261311E-003 -0.46207873024827473     
  -2.8878878878878878       -8.2547931231476412E-003 -0.47070130320864650     
  -2.8778778778778777       -7.3768308235583812E-003 -0.47832421071536224     
  -2.8678678678678677       -6.8504902358937358E-003 -0.48533369667107867     
  -2.8578578578578577       -6.5302712641121495E-003 -0.49196260900336791     
  -2.8478478478478477       -6.3417476242176619E-003 -0.49835991333934510     
  -2.8378378378378377       -6.2435758595816978E-003 -0.50462689898082902     
  -2.8278278278278277       -6.2114580277716006E-003 -0.51083656253960530     
  -2.8178178178178177       -6.2306332533457673E-003 -0.51704457018639105     
  -2.8078078078078077       -6.2920894579077810E-003 -0.52329583754001407     
  -2.7977977977977977       -6.3905649197452449E-003 -0.52962874422487338     
  -2.7877877877877877       -6.5235049417226671E-003 -0.53607805711531809     
  -2.7777777777777777       -6.6906229049190956E-003 -0.54267719149325333     
  -2.7677677677677677       -6.8940256880113803E-003 -0.54946024220732059     
  -2.7577577577577577       -7.1393921320884691E-003 -0.55646409623847659     
  -2.7477477477477477       -7.4407640923647971E-003 -0.56372963441494506     
  -2.7377377377377377       -7.8308567018448866E-003 -0.57128090214641569     
  -2.7277277277277276       -8.2378563863232477E-003 -0.57912177105102025     
  -2.7177177177177176       -8.6973324041070676E-003 -0.58748499489894801     
  -2.7077077077077076       -9.3425198393352945E-003 -0.59642154012869963     
  -2.6976976976976976       -1.0256199117488015E-002 -0.60608018683241693     
  -2.6876876876876876       -1.1673186543901679E-002 -0.61673819980068534     
  -2.6776776776776776       -1.4263112246848337E-002 -0.62884843086885056     
  -2.6676676676676676       -2.0304550315855988E-002 -0.64266151224037704     
  -2.6576576576576576       -3.4180802009179036E-002 -0.65199323428721634     
  -2.6476476476476476       -4.3036804041470353E-002 -0.64767426011650453     
  -2.6376376376376376       -3.3952968212189204E-002 -0.65162132459164068     
  -2.6276276276276276       -4.0280174640183145E-002 -0.66675502327006286     
  -2.6176176176176176       -4.1905866076097309E-002 -0.66064243283549950     
  -2.6076076076076076       -2.8086043581402133E-002 -0.67467057929644048     
  -2.5975975975975976       -2.5860542350338089E-002 -0.69709057589565648     
  -2.5875875875875876       -3.0965853436114816E-002 -0.72168904746711604     
  -2.5775775775775776       -4.8612771609168701E-002 -0.74765839044337601     
  -2.5675675675675675       -8.0492593729359796E-002 -0.75214725005291960     
  -2.5575575575575575       -9.4241672513162109E-002 -0.73173083851726550     
  -2.5475475475475475       -6.3612399782376816E-002 -0.73339954070276048     
  -2.5375375375375375       -6.1975561292827823E-002 -0.76834779616860471     
  -2.5275275275275275       -7.8341761912784941E-002 -0.77748765090784910     
  -2.5175175175175175       -6.5858057908596598E-002 -0.79923588579861105     
  -2.5075075075075075       -8.6319824773293391E-002 -0.84058747911540088     
  -2.4974974974974975      -0.12268310896236653      -0.83022810850342466     
  -2.4874874874874875       -9.7738346723331995E-002 -0.84500078935126643     
  -2.4774774774774775      -0.12145701148678641      -0.88029572478739371     
  -2.4674674674674675      -0.11462738254251253      -0.88838539355685275     
  -2.4574574574574575      -0.12517851528423501      -0.95694064483992070     
  -2.4474474474474475      -0.22587495368520027       -1.0045048942675039     
  -2.4374374374374375      -0.28372337950633203      -0.89290781795802965     
  -2.4274274274274275      -0.17950730331103973      -0.85963151276968353     
  -2.4174174174174174      -0.11784142035478128      -0.94308305139718596     
  -2.4074074074074074      -0.10927399044401059       -1.0408372610297272     
  -2.3973973973973974      -0.12630905863775013       -1.1482729753411771     
  -2.3873873873873874      -0.17318755673000980       -1.2786769239096598     
  -2.3773773773773774      -0.29024320293113520       -1.4386556573204545     
  -2.3673673673673674      -0.53321547589326002       -1.5398825444149054     
  -2.3573573573573574      -0.78061092345747252       -1.4929265711537978     
  -2.3473473473473474      -0.95651552671973672       -1.3888541926779192     
  -2.3373373373373374       -1.0637694264777771       -1.2561278961636935     
  -2.3273273273273274       -1.1711503404410544       -1.1971837156020144     
  -2.3173173173173174       -1.3009786297238572       -1.0556860724746722     
  -2.3073073073073074       -1.3975195366905957      -0.89694071852892332     
  -2.2972972972972974       -1.4249103477868732      -0.66437752557372398     
  -2.2872872872872874       -1.2722319879510766      -0.57055702189322033     
  -2.2772772772772774       -1.4058008320356299      -0.62809299053758216     
  -2.2672672672672673       -1.5784424700010831      -0.41441044721079162     
  -2.2572572572572573       -1.6241222673762821      -0.11435542606837511     
  -2.2472472472472473       -1.5574966434551820       0.21762824980219792     
  -2.2372372372372373       -1.3467889070364492       0.55488672825749785     
  -2.2272272272272273      -0.93353362464296297       0.79074884418557789     
  -2.2172172172172173      -0.47123679723627010       0.70071876603224126     
  -2.2072072072072073      -0.25309155619189316       0.47284584558812542     
  -2.1971971971971973      -0.16274244175313710       0.29803683880577986     
  -2.1871871871871873      -0.11697938638783079       0.17009901219543289     
  -2.1771771771771773       -9.0167325586232916E-002   7.1987112483576671E-002
  -2.1671671671671673       -7.2933159809869710E-002  -6.6535594649148842E-003
  -2.1571571571571573       -6.1167723007062080E-002  -7.1979826841366473E-002
  -2.1471471471471473       -5.2839947045673331E-002 -0.12785805247510251     
  -2.1371371371371373       -4.6924920842474564E-002 -0.17686515889544299     
  -2.1271271271271273       -4.3136373813900571E-002 -0.22064660632433611     
  -2.1171171171171173       -4.0756584974778763E-002 -0.25936083948919597     
  -2.1071071071071072       -3.9010555721961555E-002 -0.29545901093352533     
  -2.0970970970970972       -3.7927002669335255E-002 -0.32793088020741096     
  -2.0870870870870872       -3.8757002066111691E-002 -0.36008734186993935     
  -2.0770770770770772       -4.0043326499294152E-002 -0.38441329531197316     
  -2.0670670670670672       -3.6109558138509398E-002 -0.41278271830181329     
  -2.0570570570570572       -3.9824520960681807E-002 -0.44028111598820785     
  -2.0470470470470472       -3.7637068009249916E-002 -0.45840782746371045     
  -2.0370370370370372       -3.0659450290956416E-002 -0.48472466601600811     
  -2.0270270270270272       -2.6939153166577211E-002 -0.51291082738701610     
  -2.0170170170170172       -2.1443806283963834E-002 -0.54250352813348279     
  -2.0070070070070072       -2.5822633592192060E-002 -0.58782740010941981     
  -1.9969969969969972       -3.8668859394170016E-002 -0.60115478561153535     
  -1.9869869869869872       -3.4431528892428238E-002 -0.62795134062711688     
  -1.9769769769769772       -3.4528704517693895E-002 -0.65762390094890200     
  -1.9669669669669672       -3.5014182631965506E-002 -0.68981445723108337     
  -1.9569569569569571       -3.7402302693418495E-002 -0.72361093085446837     
  -1.9469469469469471       -3.9856891361916488E-002 -0.76001455765456871     
  -1.9369369369369371       -4.4748833732151862E-002 -0.80047140145097917     
  -1.9269269269269271       -5.4667079530986332E-002 -0.84296117435181850     
  -1.9169169169169171       -6.1409855540191932E-002 -0.88232441611096557     
  -1.9069069069069071       -6.5471459881597555E-002 -0.93697451474386906     
  -1.8968968968968971       -7.9266019180008418E-002  -1.0042292536408077     
  -1.8868868868868871      -0.10919400222547933       -1.0862582166908989     
  -1.8768768768768771      -0.18309632826147054       -1.1761664829240817     
  -1.8668668668668671      -0.28084681470465878       -1.1943279813510739     
  -1.8568568568568571      -0.33299713736659975       -1.2104718668717769     
  -1.8468468468468471      -0.32907918868316116       -1.2838014826437636     
  -1.8368368368368371      -0.48569575464094039       -1.4365333484042275     
  -1.8268268268268271      -0.74057790872940044       -1.3996833173514285     
  -1.8168168168168171      -0.84363653923423487       -1.2415732153837580     
  -1.8068068068068071      -0.86000328044788188       -1.1025286574260071     
  -1.7967967967967970      -0.73512092636915205       -1.0856619192878387     
  -1.7867867867867866      -0.71126260464181357       -1.2630264716824040     
  -1.7767767767767766      -0.93773248910272955       -1.3768027772131470     
  -1.7667667667667666       -1.1504775414763273       -1.3076849220954783     
  -1.7567567567567566       -1.2715845348638670       -1.1707570485740635     
  -1.7467467467467466       -1.2967106407639111       -1.0823377900840343     
  -1.7367367367367366       -1.3912640037879136       -1.0428297166726872     
  -1.7267267267267266       -1.4760733451798564      -0.96044096886200958     
  -1.7167167167167166       -1.5811270077661461      -0.85217449080557217     
  -1.7067067067067065       -1.6429297308831057      -0.69922125751295028     
  -1.6966966966966965       -1.6539170411207591      -0.57648793307699397     
  -1.6866866866866865       -1.7131359275661693      -0.44854393180005642     
  -1.6766766766766765       -1.7264696282965142      -0.25636530801045876     
  -1.6666666666666665       -1.6312885304504350       -6.4840453142117074E-002
  -1.6566566566566565       -1.5005900164728709       -8.3918077482734027E-002
  -1.6466466466466465       -1.6424986229933627       -2.7552018628315814E-002
  -1.6366366366366365       -1.6827277770564431       0.21045355066888868     
  -1.6266266266266265       -1.6158473297077192       0.46694948780788542     
  -1.6166166166166165       -1.4592336769948280       0.72209532073322991     
  -1.6066066066066065       -1.1868342999779804       0.95059476058667824     
  -1.5965965965965965      -0.77105865837373055        1.0483394468629892     
  -1.5865865865865865      -0.39716454580083560       0.87516917135201922     
  -1.5765765765765765      -0.23352229073796116       0.64684010704684380     
  -1.5665665665665665      -0.16143209639079548       0.47295686561219763     
  -1.5565565565565564      -0.12281403849753265       0.33998593876667732     
  -1.5465465465465464       -9.9272762979332796E-002  0.23336222773418849     
  -1.5365365365365364       -8.3717597928509399E-002  0.14431793785382682     
  -1.5265265265265264       -7.2898532308477509E-002   6.7505467202650327E-002
  -1.5165165165165164       -6.5134115523645938E-002  -5.2891303941055500E-004
  -1.5065065065065064       -5.9480409885528739E-002  -6.2148673834865269E-002
  -1.4964964964964964       -5.5384714746028019E-002 -0.11906418899468522     
  -1.4864864864864864       -5.2538021400336019E-002 -0.17258868520077250     
  -1.4764764764764764       -5.0856542018313959E-002 -0.22379666124276107     
  -1.4664664664664664       -5.0699659276380982E-002 -0.27347107126659853     
  -1.4564564564564564       -5.2216415670450649E-002 -0.32051375655149306     
  -1.4464464464464464       -5.1588641006504253E-002 -0.36748053252131979     
  -1.4364364364364364       -5.3748061969853170E-002 -0.41765547040184048     
  -1.4264264264264264       -6.2562562313681527E-002 -0.46855592023835740     
  -1.4164164164164164       -7.6566890460842821E-002 -0.50551768474169867     
  -1.4064064064064064       -6.8902868584817575E-002 -0.54694256135172026     
  -1.3963963963963963       -7.2068622957447356E-002 -0.60243618670853671     
  -1.3863863863863863       -7.5551530428905334E-002 -0.65050310639071185     
  -1.3763763763763763       -7.2755939308413606E-002 -0.71268032891705557     
  -1.3663663663663663       -7.7534462487194630E-002 -0.78483837625622688     
  -1.3563563563563563       -8.7321764545798375E-002 -0.86599356471398314     
  -1.3463463463463463      -0.10638151343401422      -0.96310689939683836     
  -1.3363363363363363      -0.13905415750865041       -1.0673365236136152     
  -1.3263263263263263      -0.18361323704751609       -1.2020676837050255     
  -1.3163163163163163      -0.28700988984586073       -1.3786498428945513     
  -1.3063063063063063      -0.51759538232076696       -1.5258373424574565     
  -1.2962962962962963      -0.78055550093741111       -1.5308531108815500     
  -1.2862862862862863      -0.97655492859458037       -1.4616765603731570     
  -1.2762762762762763       -1.1309346778954892       -1.3948561869700824     
  -1.2662662662662663       -1.2744908681430180       -1.3068182373946500     
  -1.2562562562562563       -1.3923183067991443       -1.2056694868538365     
  -1.2462462462462462       -1.4906615209420864       -1.0988649690796284     
  -1.2362362362362362       -1.5732930940945682      -0.98779163464807807     
  -1.2262262262262262       -1.6425370275601399      -0.87224347105668298     
  -1.2162162162162162       -1.6990463371920590      -0.75064765807436684     
  -1.2062062062062062       -1.7405641013401514      -0.61984693195562091     
  -1.1961961961961962       -1.7560866246439795      -0.47683587222962054     
  -1.1861861861861862       -1.7223386720967193      -0.33897509005185650     
  -1.1761761761761762       -1.6608146495604341      -0.26829512044737980     
  -1.1661661661661662       -1.6448052789803704      -0.20763838524877448     
  -1.1561561561561562       -1.5953218571877315      -0.21220171376672195     
  -1.1461461461461462       -1.7143980181025797      -0.17857300392256104     
  -1.1361361361361362       -1.7522400017498732       -3.6992056235475718E-002
  -1.1261261261261262       -1.7734350047478007        8.8826127282170944E-002
  -1.1161161161161162       -1.7492283626317997       0.25879607647533692     
  -1.1061061061061062       -1.6290699146846057       0.39468373798222234     
  -1.0960960960960962       -1.5567513283090679       0.34963784470503595     
  -1.0860860860860861       -1.6576211522609714       0.45740038556915924     
  -1.0760760760760761       -1.6372731843880168       0.65695790349295924     
  -1.0660660660660661       -1.5473788662118109       0.84545362500154864     
  -1.0560560560560561       -1.4083995583728723        1.0220125766316448     
  -1.0460460460460461       -1.2128723392986167        1.1830528700661047     
  -1.0360360360360361      -0.93979762227107122        1.3044633960157606     
  -1.0260260260260261      -0.58523034503299221        1.3016955063429432     
  -1.0160160160160161      -0.31278127184872162        1.1102524735425607     
  -1.0060060060060061      -0.19621760728731946       0.91054439800958875     
 -0.99599599599599564      -0.14168441711984739       0.75769158132664771     
 -0.98598598598598564      -0.11092933177478780       0.63800595833814511     
 -0.97597597597597563       -9.1393739862261195E-002  0.54017549650444496     
 -0.96596596596596562       -7.8015521683421490E-002  0.45737334724424411     
 -0.95595595595595562       -6.8386518170599125E-002  0.38535721259345229     
 -0.94594594594594561       -6.1219122571876894E-002  0.32134067929796539     
 -0.93593593593593560       -5.5764585893887712E-002  0.26339708470011430     
 -0.92592592592592560       -5.1559867290720839E-002  0.21013323907145692     
 -0.91591591591591559       -4.8305440538580345E-002  0.16050093432681911     
 -0.90590590590590558       -4.5801447734154441E-002  0.11368213562316030     
 -0.89589589589589558       -4.3912261636347615E-002   6.9015491995912642E-002
 -0.88588588588588557       -4.2545946168925007E-002   2.5946950954816739E-002
 -0.87587587587587556       -4.1642079485009836E-002  -1.6005193081700238E-002
 -0.86586586586586556       -4.1164628479612511E-002  -5.7276581023464411E-002
 -0.85585585585585555       -4.1098193381128391E-002  -9.8278109346920162E-002
 -0.84584584584584555       -4.1446885769223556E-002 -0.13941496250144061     
 -0.83583583583583554       -4.2235832765916449E-002 -0.18110566725062149     
 -0.82582582582582553       -4.3516232183093445E-002 -0.22380371238586716     
 -0.81581581581581553       -4.5376878406996175E-002 -0.26802529684152238     
 -0.80580580580580552       -4.7971161382839210E-002 -0.31438889187034785     
 -0.79579579579579551       -5.1592662450358533E-002 -0.36367224190302477     
 -0.78578578578578551       -5.6943263125375870E-002 -0.41681888594456662     
 -0.77577577577577550       -6.5562051826503626E-002 -0.47371182351932856     
 -0.76576576576576549       -7.3664395437388536E-002 -0.53423838223814635     
 -0.75575575575575549       -8.5432192581125610E-002 -0.60794279612804858     
 -0.74574574574574548      -0.11157684158684754      -0.69395997837979839     
 -0.73573573573573547      -0.16436099948904390      -0.77117010018862830     
 -0.72572572572572547      -0.18026528075156606      -0.84236916041918197     
 -0.71571571571571546      -0.22720452120183365      -0.97533995044271637     
 -0.70570570570570545      -0.30220432429903316       -1.1162352441999597     
 -0.69569569569569545      -0.48064574160040224       -1.3204792658373785     
 -0.68568568568568544      -0.80452189262348905       -1.3925623282680402     
 -0.67567567567567544       -1.0833834923581807       -1.3158138277804725     
 -0.66566566566566543       -1.2906290059880174       -1.1881864260858477     
 -0.65565565565565542       -1.4470657203404673       -1.0435917378986088     
 -0.64564564564564542       -1.5670370102811852      -0.89260119548973982     
 -0.63563563563563541       -1.6591430381662899      -0.73893845963550842     
 -0.62562562562562540       -1.7286193747789527      -0.58385652012966693     
 -0.61561561561561540       -1.7785939995766329      -0.42751577740879337     
 -0.60560560560560539       -1.8106103318485842      -0.26946689889181769     
 -0.59559559559559538       -1.8244706565529509      -0.10886799255845746     
 -0.58558558558558538       -1.8166003707224418        5.4267600890323266E-002
 -0.57557557557557537       -1.7838724712289453       0.20793549376761206     
 -0.56556556556556536       -1.7491797972058047       0.36350145850202403     
 -0.55555555555555536       -1.6723894559616987       0.52656495362355993     
 -0.54554554554554535       -1.5730759221046102       0.67785099662885939     
 -0.53553553553553535       -1.3813171211842288       0.81098036812145291     
 -0.52552552552552534       -1.1984657086505481       0.71115839955305504     
 -0.51551551551551533       -1.3430241029300629       0.73598228675646737     
 -0.50550550550550533       -1.2993702088912782       0.99342223797073115     
 -0.49549549549549532       -1.0931011968775259        1.2018379470477836     
 -0.48548548548548531      -0.78053704211747976        1.3152492682775125     
 -0.47547547547547531      -0.43125977261231357        1.2368896660960695     
 -0.46546546546546530      -0.23940498332676283        1.0332465693968298     
 -0.45545545545545529      -0.15919115636927997       0.86445083015797641     
 -0.44544544544544529      -0.11853721505278494       0.73608294812378616     
 -0.43543543543543528       -9.4400303163222982E-002  0.63434432008771346     
 -0.42542542542542527       -7.8572842067967510E-002  0.55036823094748977     
 -0.41541541541541527       -6.7497663557305215E-002  0.47881579510657463     
 -0.40540540540540526       -5.9395918961363890E-002  0.41631305070966562     
 -0.39539539539539525       -5.3282307121155267E-002  0.36060940376795864     
 -0.38538538538538525       -4.8568457848016659E-002  0.31013079247683972     
 -0.37537537537537524       -4.4882549071110271E-002  0.26373081655003783     
 -0.36536536536536524       -4.1979263192985929E-002  0.22054455475904583     
 -0.35535535535535523       -3.9691443368279754E-002  0.17989838191399615     
 -0.34534534534534522       -3.7902596871622257E-002  0.14125182096209263     
 -0.33533533533533522       -3.6530529499002380E-002  0.10415849451688398     
 -0.32532532532532521       -3.5517268529643334E-002   6.8238849311884398E-002
 -0.31531531531531520       -3.4822726400779616E-002   3.3160309912814281E-002
 -0.30530530530530520       -3.4420708293181758E-002  -1.3778347741473455E-003
 -0.29529529529529519       -3.4296479471097048E-002  -3.5656574657438760E-002
 -0.28528528528528518       -3.4445456051141257E-002  -6.9947581303249545E-002
 -0.27527527527527518       -3.4872798480398648E-002 -0.10452281016615005     
 -0.26526526526526517       -3.5593840735111931E-002 -0.13966411382581073     
 -0.25525525525525516       -3.6635423909570204E-002 -0.17567367863285668     
 -0.24524524524524516       -3.8038356882504870E-002 -0.21288622693415121     
 -0.23523523523523515       -3.9861443062425561E-002 -0.25168421945788494     
 -0.22522522522522515       -4.2187861563286397E-002 -0.29251782780771052     
 -0.21521521521521514       -4.5135307157216385E-002 -0.33593238568280809     
 -0.20520520520520513       -4.8872452353721146E-002 -0.38260768297675490     
 -0.19519519519519513       -5.3646610206161488E-002 -0.43341646637347747     
 -0.18518518518518512       -5.9832408509594634E-002 -0.48951515576648613     
 -0.17517517517517511       -6.8022604722207614E-002 -0.55249090051613547     
 -0.16516516516516511       -7.9210583159732215E-002 -0.62461202931780357     
 -0.15515515515515510       -9.5193749708146480E-002 -0.70927794197572280     
 -0.14514514514514509      -0.11958379343683349      -0.81186557749250665     
 -0.13513513513513509      -0.16079216057813916      -0.94127966556122744     
 -0.12512512512512508      -0.24275975710330788       -1.1109661455270852     
 -0.11511511511511507      -0.43835921514936593       -1.3095692438822737     
 -0.10510510510510507      -0.77145564548571399       -1.3783662372900725     
  -9.5095095095095061E-002  -1.0618111498555252       -1.2832650635762226     
  -8.5085085085085055E-002  -1.2596152216375212       -1.1122912846958459     
  -7.5075075075075048E-002  -1.3193854405725416      -0.93436130054940558     
  -6.5065065065065042E-002  -1.3874619757506919      -0.90946353947902836     
  -5.5055055055055035E-002  -1.5183598054650582      -0.79778293129768452     
  -4.5045045045045029E-002  -1.6153964416474138      -0.69595084100357185     
  -3.5035035035035023E-002  -1.7170047732501603      -0.55215386490657770     
  -2.5025025025025016E-002  -1.7793779279906001      -0.39275841254294619     
  -1.5015015015015010E-002  -1.8152612844547400      -0.23379331820814414     
  -5.0050050050050032E-003  -1.8304132307873275       -7.6916395947720165E-002
   5.0050050050050032E-003  -1.8304368332561003        7.6431333604859486E-002
   1.5015015015015010E-002  -1.8153338155668219       0.23330799625013704     
   2.5025025025025016E-002  -1.7795056522685146       0.39227457742214156     
   3.5035035035035023E-002  -1.7172040689453918       0.55168550344284484     
   4.5045045045045029E-002  -1.6156419787344374       0.69560140112704871     
   5.5055055055055035E-002  -1.5184053239621578       0.79726402568661003     
   6.5065065065065042E-002  -1.3878059170854682       0.90886906998681194     
   7.5075075075075048E-002  -1.3198075401813796       0.93377779286677265     
   8.5085085085085055E-002  -1.2602755627826865        1.1117032374442528     
   9.5095095095095061E-002  -1.0627475699237103        1.2828066547828219     
  0.10510510510510507      -0.77270956859742423        1.3782740458682776     
  0.11511511511511507      -0.43944863060300560        1.3102377434210850     
  0.12512512512512508      -0.24321750598865294        1.1117181072256177     
  0.13513513513513509      -0.16100279887101782       0.94185412371774235     
  0.14514514514514509      -0.11970145301168218       0.81231370855457086     
  0.15515515515515510       -9.5268162247628352E-002  0.70964299514360574     
  0.16516516516516511       -7.9261556207006034E-002  0.62491995598596084     
  0.17517517517517511       -6.8059477238263846E-002  0.55275767919230590     
  0.18518518518518512       -5.9860145059895453E-002  0.48975116444906236     
  0.19519519519519513       -5.3668091055766684E-002  0.43362878209228045     
  0.20520520520520513       -4.8889462470297469E-002  0.38280133230371988     
  0.21521521521521514       -4.5149010986703084E-002  0.33611106131767959     
  0.22522522522522515       -4.2199050511486640E-002  0.29268432022129987     
  0.23523523523523515       -3.9870673254999690E-002  0.25184068853310709     
  0.24524524524524516       -3.8046030066261151E-002  0.21303437947752729     
  0.25525525525525516       -3.6641837123391009E-002  0.17581488819050045     
  0.26526526526526517       -3.5599217973957431E-002  0.13979950384609999     
  0.27527527527527518       -3.4877311542150506E-002  0.10465331313526366     
  0.28528528528528518       -3.4449238654284502E-002   7.0073981688034262E-002
  0.29529529529529519       -3.4299637059701682E-002   3.5779540661022284E-002
  0.30530530530530520       -3.4423325007686092E-002   1.4979421838218542E-003
  0.31531531531531520       -3.4824870148285968E-002  -3.3042559591062698E-002
  0.32532532532532521       -3.5518994761847097E-002  -6.8123014940162527E-002
  0.33533533533533522       -3.6531884107089213E-002 -0.10404418460985326     
  0.34534534534534522       -3.7903618484837732E-002 -0.14113868546880659     
  0.35535535535535523       -3.9692165267886353E-002 -0.17978610603030196     
  0.36536536536536524       -4.1979715009488536E-002 -0.22043285448308667     
  0.37537537537537524       -4.4882758409491776E-002 -0.26361943584315972     
  0.38538538538538525       -4.8568451973653969E-002 -0.31001950202948203     
  0.39539539539539525       -5.3282114819799130E-002 -0.36049800150470757     
  0.40540540540540526       -5.9395572606128023E-002 -0.41620136429439969     
  0.41541541541541527       -6.7497201091441070E-002 -0.47870368678163433     
  0.42542542542542527       -7.8572307379703443E-002 -0.55025560490688030     
  0.43543543543543528       -9.4399738535679956E-002 -0.63423113191713187     
  0.44544544544544529      -0.11853661903252484      -0.73596921537883286     
  0.45545545545545529      -0.15919028211380101      -0.86433666674219478     
  0.46546546546546530      -0.23940236267882134       -1.0331327181584593     
  0.47547547547547531      -0.43125209078083154       -1.2367847233241562     
  0.48548548548548531      -0.78055011412671804       -1.3151636301162009     
  0.49549549549549532       -1.0931431159661100       -1.2017372985038222     
  0.50550550550550533       -1.2994101902570445      -0.99329143765424710     
  0.51551551551551533       -1.3429916399429560      -0.73587594567393388     
  0.52552552552552534       -1.1986369322276913      -0.71129008396854920     
  0.53553553553553535       -1.3817107029839102      -0.81072596446617939     
  0.54554554554554535       -1.5732841950156962      -0.67739163783796030     
  0.55555555555555536       -1.6723674829077761      -0.52612961665870406     
  0.56556556556556536       -1.7491745667401277      -0.36316496129845588     
  0.57557557557557537       -1.7839348977062830      -0.20757802988175661     
  0.58558558558558538       -1.8166191475473019       -5.3791939428116636E-002
  0.59559559559559538       -1.8244130828035341       0.10938223727371171     
  0.60560560560560539       -1.8104875280415380       0.27001039385413655     
  0.61561561561561540       -1.7784014198315352       0.42808925730819375     
  0.62562562562562540       -1.7283452118676286       0.58446005960717917     
  0.63563563563563541       -1.6587692120825082       0.73957022540462758     
  0.64564564564564542       -1.5665369650349559       0.89325574309054667     
  0.65565565565565542       -1.4463993137596691        1.0442556221326222     
  0.66566566566566543       -1.2897324631853608        1.1888256798551653     
  0.67567567567567544       -1.0821529605921407        1.3163314947430407     
  0.68568568568568544      -0.80284916851176080        1.3926317965756532     
  0.69569569569569545      -0.47916156434085605        1.3194657514278398     
  0.70570570570570545      -0.30177858510345895        1.1151905688700070     
  0.71571571571571546      -0.22680639962970828       0.97459980116626566     
  0.72572572572572547      -0.18026243718867446       0.84171621453018675     
  0.73573573573573547      -0.16409050729054739       0.77092943359681954     
  0.74574574574574548      -0.11135282257312228       0.69346122030763380     
  0.75575575575575549       -8.5334421832118590E-002  0.60749620337787058     
  0.76576576576576549       -7.3620339818065469E-002  0.53386822578482773     
  0.77577577577577550       -6.5501187274435893E-002  0.47339651768265500     
  0.78578578578578551       -5.6901301240116602E-002  0.41651754671882180     
  0.79579579579579551       -5.1563932574954029E-002  0.36339898800748360     
  0.80580580580580552       -4.7949040914699828E-002  0.31413932134718053     
  0.81581581581581553       -4.5358904503391133E-002  0.26779508381598743     
  0.82582582582582553       -4.3501197090475612E-002  0.22358963620427830     
  0.83583583583583554       -4.2223015698745016E-002  0.18090528764054978     
  0.84584584584584555       -4.1435805508142229E-002  0.13922637494596088     
  0.85585585585585555       -4.1088505990505945E-002   9.8099792541580730E-002
  0.86586586586586556       -4.1156076417187923E-002   5.7107298874515752E-002
  0.87587587587587556       -4.1634462752698928E-002   1.5843929067828805E-002
  0.88588588588588557       -4.2539104290566343E-002  -2.6101039073845662E-002
  0.89589589589589558       -4.3906061418034298E-002  -6.9163103824331038E-002
  0.90590590590590558       -4.5795774179791214E-002 -0.11382384994399837     
  0.91591591591591559       -4.8300189302158188E-002 -0.16063722316996010     
  0.92592592592592560       -5.1554937397173803E-002 -0.21026447488900774     
  0.93593593593593560       -5.5759871357891948E-002 -0.26352354037710135     
  0.94594594594594561       -6.1214500894249319E-002 -0.32146251933289016     
  0.95595595595595562       -6.8381832010528970E-002 -0.38547447157628267     
  0.96596596596596562       -7.8010545878489976E-002 -0.45748588767590870     
  0.97597597597597563       -9.1388115169753245E-002 -0.54028292972901937     
  0.98598598598598564      -0.11092241505760272      -0.63810749496544694     
  0.99599599599599564      -0.14167488963147898      -0.75778574518213404     
   1.0060060060060056      -0.19620224015120949      -0.91062855820898714     
   1.0160160160160157      -0.31275039668995669       -1.1103236640947278     
   1.0260260260260257      -0.58516447630612956       -1.3017675888374101     
   1.0360360360360357      -0.93970683524948728       -1.3045649590049913     
   1.0460460460460457       -1.2127748609591209       -1.1831893770070305     
   1.0560560560560557       -1.4083073328386102       -1.0221852979618749     
   1.0660660660660657       -1.5473043530183261      -0.84566646560536618     
   1.0760760760760757       -1.6372432781901189      -0.65721999241390006     
   1.0860860860860857       -1.6577296333334470      -0.45769221129300175     
   1.0960960960960957       -1.5569667699012990      -0.34958556421212533     
   1.1061061061061057       -1.6288623141340040      -0.39478514530399167     
   1.1161161161161157       -1.7491672207313422      -0.25908561652086248     
   1.1261261261261257       -1.7735077608237007       -8.9149686467988237E-002
   1.1361361361361357       -1.7524623391575063        3.6765310306222439E-002
   1.1461461461461457       -1.7145995860402701       0.17836967774331475     
   1.1561561561561557       -1.5962364652869980       0.21204130301285540     
   1.1661661661661658       -1.6431585518475620       0.20948603348415576     
   1.1761761761761758       -1.6627445538016281       0.26728305622568083     
   1.1861861861861858       -1.7206962433517814       0.33936076145603039     
   1.1961961961961958       -1.7563046820845187       0.47604976962800044     
   1.2062062062062058       -1.7407083917213548       0.61959311618542179     
   1.2162162162162158       -1.6991310945513873       0.75043192845433271     
   1.2262262262262258       -1.6426010456436222       0.87203785884131346     
   1.2362362362362358       -1.5733189716941856       0.98754001943852532     
   1.2462462462462458       -1.4908461387341463        1.0984781687218992     
   1.2562562562562558       -1.3927413365864940        1.2055497176836794     
   1.2662662662662658       -1.2744522022231342        1.3069934984666614     
   1.2762762762762758       -1.1306438282182967        1.3942265940191803     
   1.2862862862862858      -0.97760175823920403        1.4615055663140508     
   1.2962962962962958      -0.78076317410060558        1.5311366389041345     
   1.3063063063063058      -0.51765966245291262        1.5258828853345412     
   1.3163163163163158      -0.28711301160059366        1.3785901111100969     
   1.3263263263263259      -0.18383699050956084        1.2019607819019764     
   1.3363363363363359      -0.13954044566576018        1.0674304623878135     
   1.3463463463463459      -0.10610172070973557       0.96372511805436190     
   1.3563563563563559       -8.7067998215033249E-002  0.86580312786629976     
   1.3663663663663659       -7.7583384009329778E-002  0.78456727196138953     
   1.3763763763763759       -7.3161934771841741E-002  0.71248417086308391     
   1.3863863863863859       -7.5881591702621820E-002  0.65136277358687666     
   1.3963963963963959       -7.1159873074273267E-002  0.60209922022857498     
   1.4064064064064059       -6.9349066659777955E-002  0.54620985629663865     
   1.4164164164164168       -7.6837438194458735E-002  0.50617517763321118     
   1.4264264264264268       -6.2326710018357837E-002  0.46852194393569618     
   1.4364364364364368       -5.3704292433936762E-002  0.41751629674979240     
   1.4464464464464468       -5.1641968811885534E-002  0.36735729338327555     
   1.4564564564564568       -5.2257052311430893E-002  0.32049868233474726     
   1.4664664664664668       -5.0694623218058774E-002  0.27340312612339807     
   1.4764764764764768       -5.0862175117347239E-002  0.22371210382250439     
   1.4864864864864868       -5.2547467219059035E-002  0.17249449650291546     
   1.4964964964964969       -5.5396487956315452E-002  0.11895916969507499     
   1.5065065065065069       -5.9494657022020066E-002   6.2030835227606697E-002
   1.5165165165165169       -6.5151617892217573E-002   3.9562767407875615E-004
   1.5265265265265269       -7.2920686725057277E-002  -6.7657839348384305E-002
   1.5365365365365369       -8.3746800030779389E-002 -0.14449467453665996     
   1.5465465465465469       -9.9313371851368973E-002 -0.23357134552833553     
   1.5565565565565569      -0.12287482379854066      -0.34024026541003860     
   1.5665665665665669      -0.16153341868267415      -0.47327791792926999     
   1.5765765765765769      -0.23372171740974518      -0.64726191619458029     
   1.5865865865865869      -0.39765095686950103      -0.87567990636989068     
   1.5965965965965969      -0.77193328031582908       -1.0484554142814153     
   1.6066066066066069       -1.1874806107331044      -0.95028488689571433     
   1.6166166166166169       -1.4596158401684725      -0.72170019018060805     
   1.6266266266266269       -1.6160498917892696      -0.46656499577006516     
   1.6366366366366369       -1.6827678578198970      -0.21010558139860422     
   1.6466466466466469       -1.6422685151901182        2.7694715375229675E-002
   1.6566566566566570       -1.5010479600914868        8.3182201998327876E-002
   1.6666666666666670       -1.6322585076728822        6.5944898353972825E-002
   1.6766766766766770       -1.7257425888610383       0.25793626928411229     
   1.6866866866866870       -1.7098434816632131       0.44821035531901171     
   1.6966966966966970       -1.6576336979527435       0.56997970631048411     
   1.7067067067067070       -1.6465836428350216       0.70386997668833484     
   1.7167167167167170       -1.5793120010292154       0.85627312631355235     
   1.7267267267267270       -1.4709508761073862       0.96177246510648806     
   1.7367367367367370       -1.3843472025506109        1.0351933251203043     
   1.7467467467467470       -1.3141105962911945        1.0766240120406994     
   1.7567567567567570       -1.2737158971789098        1.1816218462991792     
   1.7667667667667670       -1.1452659731591246        1.3136318953155099     
   1.7767767767767770      -0.92905636731106678        1.3772169070951974     
   1.7867867867867870      -0.70482775471651904        1.2530947783258748     
   1.7967967967967970      -0.74582224154457355        1.0705091786963292     
   1.8068068068068071      -0.87514310801683859        1.1210492092275559     
   1.8168168168168171      -0.83308830208189533        1.2524908742168275     
   1.8268268268268271      -0.72637541472802769        1.3993028932155691     
   1.8368368368368371      -0.47593592428484338        1.4168204259493720     
   1.8468468468468471      -0.35768602054636833        1.2671192011456380     
   1.8568568568568571      -0.33531968534380618        1.2412050511656005     
   1.8668668668668671      -0.26954514337753172        1.1966998331747103     
   1.8768768768768771      -0.17811786619229919        1.1724088099438434     
   1.8868868868868871      -0.10819571129540315        1.0821990117243268     
   1.8968968968968971       -8.0824427644337851E-002   1.0002451061625592     
   1.9069069069069071       -7.1859532761691533E-002  0.93513740677272950     
   1.9169169169169171       -6.3400821912296609E-002  0.89062915651479768     
   1.9269269269269271       -5.0177837660134408E-002  0.84384877240619527     
   1.9369369369369371       -4.3291332268138465E-002  0.79931256261532668     
   1.9469469469469471       -3.9448399909020465E-002  0.75912007544670346     
   1.9569569569569571       -3.7013146810240476E-002  0.72282402069055207     
   1.9669669669669672       -3.5455750939467075E-002  0.68853129132988566     
   1.9769769769769772       -3.5372319716684655E-002  0.65723769785988539     
   1.9869869869869872       -3.6119153049345057E-002  0.62642093918485020     
   1.9969969969969972       -4.5988931592136899E-002  0.60300004127474638     
   2.0070070070070072       -1.3031280418195909E-002  0.60331169591551226     
   2.0170170170170172       -1.3338180681375968E-002  0.53101624230092426     
   2.0270270270270272       -3.4313888832867040E-002  0.50281713540973361     
   2.0370370370370372       -3.9969934143536216E-002  0.49027577203150174     
   2.0470470470470472       -3.5942079156285701E-002  0.46610230419245918     
   2.0570570570570572       -3.4256557694955198E-002  0.44029954192017295     
   2.0670670670670672       -3.4450268671056432E-002  0.41025294157815451     
   2.0770770770770772       -4.0376984055235529E-002  0.38212570069891538     
   2.0870870870870872       -4.1064423130083877E-002  0.35876231783284662     
   2.0970970970970972       -3.9139724847451554E-002  0.33022368675371949     
   2.1071071071071072       -3.8054472237115083E-002  0.29589288455330492     
   2.1171171171171173       -4.0473476312960693E-002  0.25921046108820311     
   2.1271271271271273       -4.3043036240885534E-002  0.22050429137830993     
   2.1371371371371373       -4.6901301636692386E-002  0.17673501107525860     
   2.1471471471471473       -5.2845048531061180E-002  0.12772709490189582     
   2.1571571571571573       -6.1190791423254280E-002   7.1832930608441453E-002
   2.1671671671671673       -7.2974400379000867E-002   6.4760824142758551E-003
   2.1771771771771773       -9.0234427693348065E-002  -7.2213521296876193E-002
   2.1871871871871873      -0.11709204532613572      -0.17040220039960355     
   2.1971971971971973      -0.16295108051326007      -0.29846341183565789     
   2.2072072072072073      -0.25354930257641611      -0.47346449414216651     
   2.2172172172172173      -0.47243856059115408      -0.70139304400890046     
   2.2272272272272273      -0.93534456347752382      -0.79021116379713452     
   2.2372372372372373       -1.3478389114322753      -0.55345993111462721     
   2.2472472472472473       -1.5577597111976749      -0.21595368794262390     
   2.2572572572572573       -1.6234927246444173       0.11612657476400517     
   2.2672672672672673       -1.5760549562145061       0.41579935930520234     
   2.2772772772772774       -1.4007116327632754       0.62434281595441032     
   2.2872872872872874       -1.2833134131831321       0.56217418606776104     
   2.2972972972972974       -1.4320433200994001       0.67538690915895472     
   2.3073073073073074       -1.3909634102944810       0.90916028351249190     
   2.3173173173173174       -1.2870495155309121        1.0561439883276271     
   2.3273273273273274       -1.1606588611487352        1.1759324727266465     
   2.3373373373373374       -1.0890207518223320        1.2571294280511185     
   2.3473473473473474      -0.95735670685152896        1.3985568137811086     
   2.3573573573573574      -0.77729438135945828        1.4997963236884544     
   2.3673673673673674      -0.52667515593771863        1.5414257043169770     
   2.3773773773773774      -0.28621056977629977        1.4356645456777259     
   2.3873873873873874      -0.17192385019479417        1.2755591373171133     
   2.3973973973973974      -0.12620132532897693        1.1454347976255113     
   2.4074074074074074      -0.11020270033150995        1.0378069906294074     
   2.4174174174174174      -0.12113964572005267       0.93950011013951817     
   2.4274274274274275      -0.18989039178149042       0.85922185081841329     
   2.4374374374374375      -0.29020825768439401       0.91439937192138299     
   2.4474474474474475      -0.19987881083846568        1.0046443346805569     
   2.4574574574574575      -0.11942346679865001       0.94094457386058838     
   2.4674674674674675      -0.12354658128115537       0.87844616488912697     
   2.4774774774774775      -0.12433226426256398       0.87473638357230510     
   2.4874874874874875      -0.12392347328165756       0.84497467149777794     
   2.4974974974974975      -0.10930074037980229       0.86614642231274297     
   2.5075075075075075       -6.7414672137354831E-002  0.83212951260196155     
   2.5175175175175175       -6.4806272733576448E-002  0.78821587570538110     
   2.5275275275275275       -7.8696539178841535E-002  0.77607255169365219     
   2.5375375375375375       -6.4333917548925770E-002  0.75754227868765645     
   2.5475475475475475       -8.4350604920272937E-002  0.73222961350620541     
   2.5575575575575575       -8.6973251902741119E-002  0.75433606217983906     
   2.5675675675675675       -7.1084503498400273E-002  0.75142029712144198     
   2.5775775775775776       -4.4261863221607918E-002  0.74309685641616596     
   2.5875875875875876       -3.0263195385417951E-002  0.71700949788016355     
   2.5975975975975976       -2.7876495570021149E-002  0.69234624166356540     
   2.6076076076076076       -3.6194406306465803E-002  0.67188566098250901     
   2.6176176176176176       -4.5344817949058709E-002  0.67462350084171974     
   2.6276276276276276       -3.1061878577741824E-002  0.66619192625124612     
   2.6376376376376376       -3.2349527694289525E-002  0.64685660699618108     
   2.6476476476476476       -4.6328558025665253E-002  0.64506233408984059     
   2.6576576576576576       -3.4809323575504370E-002  0.65444480198421973     
   2.6676676676676676       -1.9776259751695429E-002  0.64282650838472222     
   2.6776776776776776       -1.4123214692156041E-002  0.62877781686500001     
   2.6876876876876876       -1.1630680859089602E-002  0.61667968052609179     
   2.6976976976976976       -1.0241096526582429E-002  0.60603536173251271     
   2.7077077077077076       -9.3390214501879818E-003  0.59638349105894362     
   2.7177177177177176       -8.7064683958600030E-003  0.58745126658413216     
   2.7277277277277276       -8.2602748865114282E-003  0.57911818529902037     
   2.7377377377377377       -7.8137025479776290E-003  0.57127425147290656     
   2.7477477477477477       -7.4334167984460037E-003  0.56371043035660096     
   2.7577577577577577       -7.1364512018045612E-003  0.55644625864383390     
   2.7677677677677677       -6.8924621884020078E-003  0.54944395045697636     
   2.7777777777777777       -6.6896421224004222E-003  0.54266198391858156     
   2.7877877877877877       -6.5228573061721492E-003  0.53606360224354987     
   2.7977977977977977       -6.3901651777901825E-003  0.52961479417778123     
   2.8078078078078077       -6.2919197707219264E-003  0.52328217433476687     
   2.8178178178178177       -6.2307186269967606E-003  0.51703096848356822     
   2.8278278278278277       -6.2118691866776994E-003  0.51082275471124106     
   2.8378378378378377       -6.2444546893587350E-003  0.50461252835740056     
   2.8478478478478477       -6.3433717025585595E-003  0.49834445564228652     
   2.8578578578578577       -6.5332120476498034E-003  0.49194522272492508     
   2.8678678678678677       -6.8560323704380298E-003  0.48531291527584092     
   2.8778778778778777       -7.3882214400453131E-003  0.47829728456403664     
   2.8878878878878878       -8.2815517540726601E-003  0.47066290664414723     
   2.8978978978978978       -9.8800723493519295E-003  0.46202063905302648     
   2.9079079079079078       -1.3126830647674935E-002  0.45175351024199656     
   2.9179179179179178       -2.1034930725469782E-002  0.43991262117158203     
   2.9279279279279278       -3.4392457236733946E-002  0.43429273086434367     
   2.9379379379379378       -4.4251611142976204E-002  0.42310573693805137     
   2.9479479479479478       -8.8897923318966399E-002  0.41752797542923487     
   2.9579579579579578      -0.11464286762696407       0.48191409938826479     
   2.9679679679679678       -6.2090286706903496E-002  0.51729413986675987     
   2.9779779779779778       -3.1649936323973039E-002  0.49897304347353572     
   2.9879879879879878       -2.6899729701431563E-002  0.48280220410214120     
   2.9979979979979978       -2.3267615849159918E-002  0.48021037954502965     
   3.0080080080080087       -1.5762184836733636E-002  0.47036511995056657     
   3.0180180180180187       -1.6024423916051623E-002  0.45954124958969494     
   3.0280280280280287       -1.8845046843231517E-002  0.45673944379428150     
   3.0380380380380387       -1.3765151604312674E-002  0.45117095540189894     
   3.0480480480480487       -1.3230968518008529E-002  0.44050296249072868     
   3.0580580580580587       -1.8048539578687555E-002  0.42833234323497549     
   3.0680680680680688       -3.5042860324131862E-002  0.41712028298475218     
   3.0780780780780788       -6.0896880074724886E-002  0.43406528733528693     
   3.0880880880880888       -5.1080835653438988E-002  0.46634575980742221     
   3.0980980980980988       -2.3447944376049062E-002  0.46523325782581038     
   3.1081081081081088       -1.3330850603775018E-002  0.45344507614309726     
   3.1181181181181188       -1.0158773603993946E-002  0.44364371949095233     
   3.1281281281281288       -1.0532347176530718E-002  0.43551559480414831     
   3.1381381381381388       -1.3895059327286395E-002  0.43232094440599256     
   3.1481481481481488       -1.0437531770104177E-002  0.43083356145604218     
   3.1581581581581588       -8.8956787102626375E-003  0.42412685036710185     
   3.1681681681681688       -1.1838859614444863E-002  0.41739593633211075     
   3.1781781781781788       -1.8823242215460924E-002  0.41854293332157089     
   3.1881881881881888       -1.2861429199813227E-002  0.42103032526998363     
   3.1981981981981988       -1.0407166339065674E-002  0.41433095250419011     
   3.2082082082082088       -1.5018364876339412E-002  0.40863544637063437     
   3.2182182182182189       -1.9652520330034586E-002  0.41305107127222218     
   3.2282282282282289       -1.5861430898427797E-002  0.41761044571030054     
   3.2382382382382389       -8.4309575282578483E-003  0.41516960806860925     
   3.2482482482482489       -5.4646968118783881E-003  0.41002159703211416     
   3.2582582582582589       -4.3194337720753847E-003  0.40558721285739385     
   3.2682682682682689       -3.8311918774401651E-003  0.40171535858751212     
   3.2782782782782789       -3.7897521748270881E-003  0.39818790894968825     
   3.2882882882882889       -4.3384082279521114E-003  0.39538831544389375     
   3.2982982982982989       -3.8454194030302230E-003  0.39345155477899896     
   3.3083083083083089       -3.3067290393726367E-003  0.39055627987851793     
   3.3183183183183189       -3.4378763440081369E-003  0.38786229641679132     
   3.3283283283283289       -3.2053424571118179E-003  0.38582784352255295     
   3.3383383383383389       -2.7873054144057592E-003  0.38328410996851986     
   3.3483483483483489       -2.7193923144112112E-003  0.38078189813684865     
   3.3583583583583589       -2.5926320042260545E-003  0.37855766638135374     
   3.3683683683683689       -2.3974325972951822E-003  0.37621423699792089     
   3.3783783783783790       -2.3004224646810817E-003  0.37389367597036993     
   3.3883883883883890       -2.2402606251508144E-003  0.37163118671526629     
   3.3983983983983990       -2.1963724588325824E-003  0.36941577832208172     
   3.4084084084084090       -2.1622263849155536E-003  0.36723772966610979     
   3.4184184184184190       -2.1353102702301573E-003  0.36508956410722804     
   3.4284284284284290       -2.1146091837036030E-003  0.36296498102832048     
   3.4384384384384390       -2.0998479980098655E-003  0.36085814091314272     
   3.4484484484484490       -2.0912470665094053E-003  0.35876317819144282     
   3.4584584584584590       -2.0894780234101437E-003  0.35667378904372665     
   3.4684684684684690       -2.0957423478535500E-003  0.35458279082483718     
   3.4784784784784790       -2.1119856296065442E-003  0.35248155642739948     
   3.4884884884884890       -2.1413467220361897E-003  0.35035918972752700     
   3.4984984984984990       -2.1891364133074928E-003  0.34820120996758785     
   3.5085085085085090       -2.2652928814044927E-003  0.34598733771816298     
   3.5185185185185190       -2.3920218031448634E-003  0.34368824648476948     
   3.5285285285285291       -2.6329437217994744E-003  0.34127205412196376     
   3.5385385385385391       -3.1039789461435913E-003  0.33886624218383821     
   3.5485485485485491       -3.3576420759625974E-003  0.33643608121361118     
   3.5585585585585591       -3.9716518505462485E-003  0.33343678862861093     
   3.5685685685685691       -4.7954954431581676E-003  0.33047308628886984     
   3.5785785785785791       -5.9674311853227038E-003  0.32616533366950951     
   3.5885885885885891       -9.5347798505586341E-003  0.32025256189271561     
   3.5985985985985991       -2.0350004068114543E-002  0.31358752245298144     
   3.6086086086086091       -4.3444587519926428E-002  0.32679194799392591     
   3.6186186186186191       -2.6481542286640673E-002  0.35153041972120741     
   3.6286286286286291       -1.1771858453220384E-002  0.34616133554999656     
   3.6386386386386391       -7.2046032681651511E-003  0.33935306493871897     
   3.6486486486486491       -5.9217282586275953E-003  0.33375395004441810     
   3.6586586586586591       -6.6243199210301385E-003  0.32861302832716505     
   3.6686686686686691       -1.0895988493409175E-002  0.32454839332829200     
   3.6786786786786791       -1.5801828136878297E-002  0.32879727622718191     
   3.6886886886886892       -1.0096256339951409E-002  0.33223005039813658     
   3.6986986986986992       -6.0589375972760068E-003  0.32815675619060902     
   3.7087087087087092       -5.2514598265478709E-003  0.32349393770166651     
   3.7187187187187192       -6.2199930886563132E-003  0.31864981650506113     
   3.7287287287287292       -1.0284859988648608E-002  0.31318287295710262     
   3.7387387387387392       -2.3060512107638528E-002  0.31216162679870646     
   3.7487487487487492       -2.4289796307757940E-002  0.33187373282026300     
   3.7587587587587592       -1.0481687135845488E-002  0.33236439776677290     
   3.7687687687687692       -5.6295658852688300E-003  0.32738488290732948     
   3.7787787787787792       -3.8751385338445716E-003  0.32338587533143931     
   3.7887887887887892       -3.1331332368405651E-003  0.32015469983755723     
   3.7987987987987992       -2.8506943399714234E-003  0.31731606778665106     
   3.8088088088088092       -2.9222646954803243E-003  0.31460246255016749     
   3.8188188188188192       -3.5724048129070064E-003  0.31178296312475307     
   3.8288288288288292       -5.9066307274981212E-003  0.30898414124596862     
   3.8388388388388393       -1.0736133770463308E-002  0.31089869674163412     
   3.8488488488488493       -6.7954261920341657E-003  0.31486957650407871     
   3.8588588588588593       -3.5826810730515257E-003  0.31257774057185800     
   3.8688688688688693       -2.5193616970761688E-003  0.31008784856088717     
   3.8788788788788793       -2.1263384842114194E-003  0.30794647081517856     
   3.8888888888888893       -2.0597549776953990E-003  0.30600776686760744     
   3.8988988988988993       -2.4251297543389336E-003  0.30432343293107722     
   3.9089089089089093       -2.6001360887123776E-003  0.30361375764837423     
   3.9189189189189193       -2.0347721065567983E-003  0.30227956470404949     
   3.9289289289289293       -2.0968339360920500E-003  0.30075410280290577     
   3.9389389389389393       -2.1007529252133929E-003  0.29991065833468078     
   3.9489489489489493       -1.6276143126289506E-003  0.29864750292856918     
   3.9589589589589593       -1.4433436721133443E-003  0.29722248127051271     
   3.9689689689689693       -1.3857308487245090E-003  0.29584772060276476     
   3.9789789789789793       -1.4226651749723338E-003  0.29451262913663157     
   3.9889889889889893       -1.6205011153437882E-003  0.29334367919145610     
   3.9989989989989994       -1.5064209332652340E-003  0.29244933996269651     
   4.0090090090090094       -1.3101917593456758E-003  0.29123927559683699     
   4.0190190190190194       -1.2517499409958359E-003  0.29000314089192325     
   4.0290290290290294       -1.2735497974268150E-003  0.28880031157717995     
   4.0390390390390394       -1.3448823314721795E-003  0.28774395677616221     
   4.0490490490490494       -1.2280046981440790E-003  0.28669652548236912     
   4.0590590590590594       -1.1583245137793783E-003  0.28555027149543394     
   4.0690690690690694       -1.1295687586222343E-003  0.28441573336482523     
   4.0790790790790794       -1.1145176022002072E-003  0.28329638486383724     
   4.0890890890890894       -1.1058813847752691E-003  0.28218719569339368     
   4.0990990990990994       -1.1015744216761538E-003  0.28108403514108427     
   4.1091091091091094       -1.1012173572323238E-003  0.27998326216703001     
   4.1191191191191194       -1.1054147394564567E-003  0.27888105131212937     
   4.1291291291291294       -1.1160612910616559E-003  0.27777272560276417     
   4.1391391391391394       -1.1382803121766020E-003  0.27665202816410628     
   4.1491491491491495       -1.1887153414096947E-003  0.27551350013834147     
   4.1591591591591595       -1.3015761486782592E-003  0.27440321124337752     
   4.1691691691691695       -1.3118245251171057E-003  0.27334462656778774     
   4.1791791791791795       -1.3315752985318665E-003  0.27211403441954263     
   4.1891891891891895       -1.4900702497775381E-003  0.27079701894274288     
   4.1991991991991995       -1.9388448455012100E-003  0.26951961880613862     
   4.2092092092092095       -2.1827384548789280E-003  0.26879290703699876     
   4.2192192192192195       -1.9753828457978943E-003  0.26737850651184941     
   4.2292292292292295       -2.2488203874685021E-003  0.26550430991345564     
   4.2392392392392395       -3.1442368804013611E-003  0.26323449537894517     
   4.2492492492492495       -5.7127995199465469E-003  0.26054748742180994     
   4.2592592592592595       -1.1910893402254197E-002  0.26108834623984523     
   4.2692692692692695       -1.3517967544279773E-002  0.26719820702125302     
   4.2792792792792795       -8.3882855531826582E-003  0.27160310866864812     
   4.2892892892892895       -4.1910477796593647E-003  0.26924795073705554     
   4.2992992992992995       -2.9016144151224050E-003  0.26651635662669787     
   4.3093093093093096       -2.7169022052068769E-003  0.26411446395970734     
   4.3193193193193196       -3.6111563276343892E-003  0.26194655031639130     
   4.3293293293293296       -5.6606964932249398E-003  0.26207156239602858     
   4.3393393393393396       -3.9525290456117988E-003  0.26261273497818216     
   4.3493493493493496       -3.2294866289311855E-003  0.26042519043380841     
   4.3593593593593596       -4.5529015039500048E-003  0.25822516469689760     
   4.3693693693693696       -7.1530049545755056E-003  0.25955819370800309     
   4.3793793793793796       -4.5420829349264386E-003  0.26048869334088570     
   4.3893893893893896       -3.7179317169266845E-003  0.25811886423901714     
   4.3993993993993996       -5.5851916114670686E-003  0.25626439243023669     
   4.4094094094094096       -6.6998122889500768E-003  0.25879722261476096     
   4.4194194194194196       -4.2240085255947054E-003  0.25812622702456345     
   4.4294294294294296       -4.8664945320273456E-003  0.25626436899812804     
   4.4394394394394396       -5.5170741873675497E-003  0.25806821340571839     
   4.4494494494494496       -2.9162562870382576E-003  0.25768227021596651     
   4.4594594594594597       -1.9099971696988644E-003  0.25596223381194694     
   4.4694694694694697       -1.6241986996129898E-003  0.25440739577155214     
   4.4794794794794797       -1.7659351752068713E-003  0.25300092901325866     
   4.4894894894894897       -2.4792607489791934E-003  0.25223167605064589     
   4.4994994994994997       -2.0471521572719832E-003  0.25219302002799165     
   4.5095095095095097       -1.6354008639235572E-003  0.25108702246023107     
   4.5195195195195197       -1.8713778999879607E-003  0.25031401747150761     
   4.5295295295295297       -1.4428857438569349E-003  0.24988430254582267     
   4.5395395395395397       -1.0868206770312850E-003  0.24890998702821365     
   4.5495495495495497       -9.5320523097952711E-004  0.24794811486119886     
   4.5595595595595597       -8.9171932384315023E-004  0.24704412781299570     
   4.5695695695695697       -8.6178901896441658E-004  0.24617738451226670     
   4.5795795795795797       -8.5738828560165609E-004  0.24533093530117636     
   4.5895895895895897       -9.0171721573181578E-004  0.24449657900463762     
   4.5995995995995997       -1.0563007246427105E-003  0.24377154845702939     
   4.6096096096096097       -9.8195453369330824E-004  0.24324156749588499     
   4.6196196196196198       -8.4451036961845360E-004  0.24247479384655476     
   4.6296296296296298       -8.1040679750826186E-004  0.24168303565895483     
   4.6396396396396398       -8.4595704691410134E-004  0.24091462881056164     
   4.6496496496496498       -9.1743892360379037E-004  0.24028687069512136     
   4.6596596596596598       -8.0657558904276240E-004  0.23964523339496188     
   4.6696696696696698       -7.4614172310101046E-004  0.23891090335628337     
   4.6796796796796798       -7.2288543279943511E-004  0.23818529105809325     
   4.6896896896896898       -7.1285674797559085E-004  0.23747092550603177     
   4.6996996996996998       -7.1217054356932207E-004  0.23676276082054210     
   4.7097097097097098       -7.2911143383457824E-004  0.23605808405145121     
   4.7197197197197198       -7.8610130829550044E-004  0.23539173801046157     
   4.7297297297297298       -7.6240576242472152E-004  0.23479330062662326     
   4.7397397397397398       -7.2113019487447002E-004  0.23410716163285611     
   4.7497497497497498       -7.3253585667596344E-004  0.23341003928287518     
   4.7597597597597598       -8.0459289153217428E-004  0.23276541819613947     
   4.7697697697697699       -7.6778831361000389E-004  0.23221226728992686     
   4.7797797797797799       -7.0153581315463899E-004  0.23154549974937075     
   4.7897897897897899       -6.7966061541587452E-004  0.23086702835690670     
   4.7997997997997999       -6.7262893662219342E-004  0.23019425262609264     
   4.8098098098098099       -6.7235818514860702E-004  0.22952351258258646     
   4.8198198198198199       -6.7786467431148114E-004  0.22885059366550817     
   4.8298298298298299       -6.9248414435817672E-004  0.22817080844606882     
   4.8398398398398399       -7.3017969936860910E-004  0.22748087981394335     
   4.8498498498498499       -8.2331050212322945E-004  0.22682444912354349     
   4.8598598598598599       -8.1479298310630703E-004  0.22624404012745594     
   4.8698698698698699       -7.8115026236947715E-004  0.22552283266474019     
   4.8798798798798799       -8.1247282869695726E-004  0.22475020257677988     
   4.8898898898898899       -8.9952401424097262E-004  0.22392324853118931     
   4.8998998998998999       -1.0886175939176204E-003  0.22299826046832130     
   4.9099099099099099       -1.5544803991074192E-003  0.22191274849369250     
   4.9199199199199199       -2.9242826108852415E-003  0.22087459391613459     
   4.9299299299299300       -4.9361424650641462E-003  0.22214473317141770     
   4.9399399399399400       -3.4113356683222957E-003  0.22406404652618719     
   4.9499499499499500       -1.7862505934002771E-003  0.22314160326640145     
   4.9599599599599600       -1.2881257457299569E-003  0.22192885003459936     
   4.9699699699699700       -1.1907828996562449E-003  0.22081334575849587     
   4.9799799799799800       -1.3697491800255311E-003  0.21969268139829445     
   4.9899899899899900       -2.1183776571457565E-003  0.21855918962108481     
   5.0000000000000000       -3.7168559115366667E-003  0.21867316174135670     
