  -5.0000000000000000       -3.4232795953105070E-003 -0.22287312092939437     
  -4.9899899899899900       -2.3866236781726609E-003 -0.22161563144314830     
  -4.9799799799799800       -1.3446822376418689E-003 -0.22246371219655386     
  -4.9699699699699700       -1.0288155427538930E-003 -0.22345474219659275     
  -4.9599599599599600       -9.5113717707968697E-004 -0.22437690142181349     
  -4.9499499499499500       -1.0063201990537971E-003 -0.22529457789788243     
  -4.9399399399399400       -1.2618962053985306E-003 -0.22627635064819332     
  -4.9299299299299300       -2.1003717537449820E-003 -0.22723068421929590     
  -4.9199199199199199       -3.4775111178714105E-003 -0.22663517944598141     
  -4.9099099099099099       -2.4068086084513616E-003 -0.22559796974777624     
  -4.8998998998998999       -1.3355540302290156E-003 -0.22639970890424344     
  -4.8898898898898899       -9.7443443453881394E-004 -0.22735562825645289     
  -4.8798798798798799       -8.3618219298449805E-004 -0.22820575408045043     
  -4.8698698698698699       -7.7894177563874801E-004 -0.22898967641350126     
  -4.8598598598598599       -7.7052488585323861E-004 -0.22974013901939735     
  -4.8498498498498499       -8.3411527503230777E-004 -0.23045007238096424     
  -4.8398398398398399       -8.6905357620468320E-004 -0.23099042285093460     
  -4.8298298298298299       -7.5574799730175341E-004 -0.23163472165253204     
  -4.8198198198198199       -7.1491843380651549E-004 -0.23233935388709573     
  -4.8098098098098099       -7.0924678147176552E-004 -0.23304048108144401     
  -4.7997997997997999       -7.3119114910649989E-004 -0.23374240413114281     
  -4.7897897897897899       -8.1638346537882354E-004 -0.23442510148859441     
  -4.7797797797797799       -8.7158418225967351E-004 -0.23494089011387836     
  -4.7697697697697699       -7.5607759132278866E-004 -0.23556963078381260     
  -4.7597597597597598       -7.1304497012940804E-004 -0.23627225376864378     
  -4.7497497497497498       -7.0122933581054901E-004 -0.23697225926188739     
  -4.7397397397397398       -7.0016303137585651E-004 -0.23767049155309780     
  -4.7297297297297298       -7.0508276605020992E-004 -0.23837139093454726     
  -4.7197197197197198       -7.1662974278138402E-004 -0.23907907823509095     
  -4.7097097097097098       -7.4223457653232496E-004 -0.23979772204866187     
  -4.6996996996996998       -8.1023113674433159E-004 -0.24051707669611580     
  -4.6896896896896898       -8.8152144375326918E-004 -0.24113362411222583     
  -4.6796796796796798       -8.3809196299518805E-004 -0.24182436706495899     
  -4.6696696696696698       -9.1186730961247023E-004 -0.24255663618667098     
  -4.6596596596596598       -9.3530065611655358E-004 -0.24312132180506155     
  -4.6496496496496498       -8.2686472474518646E-004 -0.24384022801375724     
  -4.6396396396396398       -8.0063305457457883E-004 -0.24462358709292886     
  -4.6296296296296298       -8.1321287537969788E-004 -0.24541730995966762     
  -4.6196196196196198       -8.6222658410758587E-004 -0.24623205234558151     
  -4.6096096096096097       -1.0021147079231972E-003 -0.24707031301588372     
  -4.5995995995995997       -1.3344180599926328E-003 -0.24771223138323059     
  -4.5895895895895897       -1.2023412944412956E-003 -0.24812241878609131     
  -4.5795795795795797       -1.0819060686706006E-003 -0.24899085548065464     
  -4.5695695695695697       -1.2784278214809542E-003 -0.24981094392872222     
  -4.5595595595595597       -1.2636844992940034E-003 -0.25025028213123407     
  -4.5495495495495497       -1.0252612114763015E-003 -0.25107800837056499     
  -4.5395395395395397       -9.6876966509152468E-004 -0.25201426174747882     
  -4.5295295295295297       -9.9168961431842038E-004 -0.25296729954188529     
  -4.5195195195195197       -1.0859029647526002E-003 -0.25396308149906716     
  -4.5095095095095097       -1.3443972953539579E-003 -0.25502036546182577     
  -4.4994994994994997       -1.9948913067341211E-003 -0.25581837604960117     
  -4.4894894894894897       -1.9591360957269149E-003 -0.25610098991961039     
  -4.4794794794794797       -1.9911371676874039E-003 -0.25731635996418095     
  -4.4694694694694697       -3.2021169381868074E-003 -0.25818462321865671     
  -4.4594594594594597       -3.2243828373367373E-003 -0.25701864535477897     
  -4.4494494494494496       -1.9089558886716766E-003 -0.25786445805720315     
  -4.4394394394394396       -1.5252596039136267E-003 -0.25926432807097610     
  -4.4294294294294296       -1.5224868439099651E-003 -0.26066222992060628     
  -4.4194194194194196       -1.8271657264946439E-003 -0.26213891363283731     
  -4.4094094094094096       -2.8394028234369124E-003 -0.26361667111189852     
  -4.3993993993993996       -4.2895657317590990E-003 -0.26350861187274138     
  -4.3893893893893896       -4.2358254803649383E-003 -0.26410186957901544     
  -4.3793793793793796       -6.1501764551927830E-003 -0.26346118634248522     
  -4.3693693693693696       -3.9121193432076415E-003 -0.26201002121871803     
  -4.3593593593593596       -2.4311808277442453E-003 -0.26371670250750850     
  -4.3493493493493496       -2.2894470944430966E-003 -0.26556494209286841     
  -4.3393393393393396       -3.2670992403983816E-003 -0.26693075088654505     
  -4.3293293293293296       -3.5511251175495907E-003 -0.26618819471555943     
  -4.3193193193193196       -2.2070243431568924E-003 -0.26712892115558734     
  -4.3093093093093096       -1.8279890455575125E-003 -0.26876793247076092     
  -4.2992992992992995       -1.9558589449087810E-003 -0.27044498962975810     
  -4.2892892892892895       -2.7386982607998599E-003 -0.27218699619892095     
  -4.2792792792792795       -4.7620599856382844E-003 -0.27273617742647926     
  -4.2692692692692695       -4.3444200406736388E-003 -0.27198680996067659     
  -4.2592592592592595       -5.0079459658502867E-003 -0.27328347675340853     
  -4.2492492492492495       -5.4007895483098745E-003 -0.27138000541042684     
  -4.2392392392392395       -3.1019857671114952E-003 -0.27211474215445436     
  -4.2292292292292295       -2.7430112446380078E-003 -0.27392723870619934     
  -4.2192192192192195       -3.1556283801283252E-003 -0.27441350489531652     
  -4.2092092092092095       -2.1996277588475542E-003 -0.27509929478708761     
  -4.1991991991991995       -1.8978205144279869E-003 -0.27633035775200632     
  -4.1891891891891895       -1.5246874682518126E-003 -0.27737633963704034     
  -4.1791791791791795       -1.2876705733319072E-003 -0.27862425084966419     
  -4.1691691691691695       -1.1907246374793059E-003 -0.27982720534265682     
  -4.1591591591591595       -1.1434528031293557E-003 -0.28098184142346810     
  -4.1491491491491495       -1.1179654413566434E-003 -0.28210711988726184     
  -4.1391391391391394       -1.1041481178800567E-003 -0.28321550346241842     
  -4.1291291291291294       -1.0975841258430848E-003 -0.28431496105921839     
  -4.1191191191191194       -1.0961804583928679E-003 -0.28541101480289732     
  -4.1091091091091094       -1.0991132114722682E-003 -0.28650794488550269     
  -4.0990990990990994       -1.1067456202489064E-003 -0.28760961303653754     
  -4.0890890890890894       -1.1218286675501409E-003 -0.28872014960635245     
  -4.0790790790790794       -1.1553643218502594E-003 -0.28984272787726162     
  -4.0690690690690694       -1.2389549937125554E-003 -0.29094560996814656     
  -4.0590590590590594       -1.2465010787745484E-003 -0.29195558267546567     
  -4.0490490490490494       -1.1942511330601739E-003 -0.29309019731263608     
  -4.0390390390390394       -1.1954391601104483E-003 -0.29426723311760400     
  -4.0290290290290294       -1.2270138278765688E-003 -0.29546546874997365     
  -4.0190190190190194       -1.3048553476509418E-003 -0.29669578641923816     
  -4.0090090090090094       -1.5191380708888366E-003 -0.29792449841211999     
  -3.9989989989989989       -1.7508758372034546E-003 -0.29879145521363765     
  -3.9889889889889889       -1.5142325425383581E-003 -0.29987022076515607     
  -3.9789789789789789       -1.5009934524273681E-003 -0.30122505453185178     
  -3.9689689689689689       -1.7635812766473779E-003 -0.30251926447753485     
  -3.9589589589589589       -1.8583784044327600E-003 -0.30335624336086103     
  -3.9489489489489489       -1.5877870935939312E-003 -0.30462868368030843     
  -3.9389389389389389       -1.5614218291461058E-003 -0.30610299568669491     
  -3.9289289289289289       -1.7099467696008700E-003 -0.30763599988456614     
  -3.9189189189189189       -2.1981520395392626E-003 -0.30913756572156964     
  -3.9089089089089089       -2.6447877283913273E-003 -0.30982378639151015     
  -3.8988988988988988       -2.1444661338377614E-003 -0.31110689047441453     
  -3.8888888888888888       -2.1237622653321598E-003 -0.31298330708714489     
  -3.8788788788788788       -2.5363242546040158E-003 -0.31508091889860651     
  -3.8688688688688688       -3.7879067216472833E-003 -0.31749233942127036     
  -3.8588588588588588       -7.5459438805918211E-003 -0.31900949529830624     
  -3.8488488488488488       -9.4027921744727662E-003 -0.31417525063852653     
  -3.8388388388388388       -4.9170088130900107E-003 -0.31370988028849262     
  -3.8288288288288288       -3.0838451702031458E-003 -0.31629161584358506     
  -3.8188188188188188       -2.5994980034418831E-003 -0.31876394178121609     
  -3.8088088088088088       -2.7539531483284719E-003 -0.32111864348201979     
  -3.7987987987987988       -3.8861181069752013E-003 -0.32318471393913389     
  -3.7887887887887888       -4.8545192242449142E-003 -0.32286108268840202     
  -3.7787787787787788       -3.2471478720650050E-003 -0.32399397715983669     
  -3.7687687687687688       -2.8020922837110043E-003 -0.32641303555918544     
  -3.7587587587587588       -3.2197006625347712E-003 -0.32892919206663540     
  -3.7487487487487487       -4.7914038010739958E-003 -0.33078731258436661     
  -3.7387387387387387       -4.7945483085690150E-003 -0.33117278053548860     
  -3.7287287287287287       -4.7219405641617052E-003 -0.33406953276166274     
  -3.7187187187187187       -7.6037639753932847E-003 -0.33737656570248153     
  -3.7087087087087087       -1.3027782130188809E-002 -0.33500463837141814     
  -3.6986986986986987       -1.1381301848126656E-002 -0.33153222267054916     
  -3.6886886886886887       -7.5177456571602483E-003 -0.32995211690417159     
  -3.6786786786786787       -4.2653598675179002E-003 -0.33282856498799979     
  -3.6686686686686687       -3.1916426180851375E-003 -0.33595283812730337     
  -3.6586586586586587       -2.8557484298727944E-003 -0.33877521435208169     
  -3.6486486486486487       -2.8737686696336737E-003 -0.34150794981944826     
  -3.6386386386386387       -3.2447344972902754E-003 -0.34436784929911057     
  -3.6286286286286287       -4.3457974995323176E-003 -0.34757937554931245     
  -3.6186186186186187       -7.7042334722479695E-003 -0.35075514344000752     
  -3.6086086086086087       -1.2689314292332053E-002 -0.34780693156103487     
  -3.5985985985985987       -8.7957539822753686E-003 -0.34623678084067661     
  -3.5885885885885886       -9.5993089676883088E-003 -0.34977131446549931     
  -3.5785785785785786       -1.2667714886922643E-002 -0.34599428071680405     
  -3.5685685685685686       -6.7385754552333997E-003 -0.34479295681437622     
  -3.5585585585585586       -3.9566222665826118E-003 -0.34811476580203093     
  -3.5485485485485486       -2.9716506975082770E-003 -0.35113809461894863     
  -3.5385385385385386       -2.5406562623903747E-003 -0.35375439524072494     
  -3.5285285285285286       -2.3207211780341868E-003 -0.35612829550038200     
  -3.5185185185185186       -2.1979229943609449E-003 -0.35836070194004682     
  -3.5085085085085086       -2.1264019663058712E-003 -0.36050880817231545     
  -3.4984984984984986       -2.0848615590540027E-003 -0.36260666848319095     
  -3.4884884884884886       -2.0623193785090049E-003 -0.36467585731927149     
  -3.4784784784784786       -2.0526574903161499E-003 -0.36673087874940347     
  -3.4684684684684686       -2.0522742393987150E-003 -0.36878204307121526     
  -3.4584584584584586       -2.0589760751029721E-003 -0.37083708758833278     
  -3.4484484484484486       -2.0714193012406536E-003 -0.37290214745246991     
  -3.4384384384384385       -2.0888202272462417E-003 -0.37498237948023094     
  -3.4284284284284285       -2.1108126803962299E-003 -0.37708240246789243     
  -3.4184184184184185       -2.1374051511047609E-003 -0.37920665451646934     
  -3.4084084084084085       -2.1690365863301182E-003 -0.38135974663405192     
  -3.3983983983983985       -2.2067880221546617E-003 -0.38354690431473254     
  -3.3883883883883881       -2.2529425124242558E-003 -0.38577464800468680     
  -3.3783783783783781       -2.3125186292652479E-003 -0.38805200395771505     
  -3.3683683683683681       -2.3981001878563757E-003 -0.39039268399905891     
  -3.3583583583583581       -2.5482472709465868E-003 -0.39281631618991319     
  -3.3483483483483480       -2.9019341009094922E-003 -0.39529853764611800     
  -3.3383383383383380       -3.4927019649777851E-003 -0.39729920342710368     
  -3.3283283283283280       -3.1547020855982630E-003 -0.39921902720673641     
  -3.3183183183183180       -2.9164546545507068E-003 -0.40191066157719957     
  -3.3083083083083080       -2.9697588332616661E-003 -0.40476008151162962     
  -3.2982982982982980       -3.2180401813754755E-003 -0.40774421687959334     
  -3.2882882882882880       -3.8463703980880139E-003 -0.41084873516179987     
  -3.2782782782782780       -4.7270610744469281E-003 -0.41331816871996274     
  -3.2682682682682680       -4.6870591277250002E-003 -0.41644209530185949     
  -3.2582582582582580       -5.7864548862573027E-003 -0.42077633312715823     
  -3.2482482482482480       -9.6730588472994095E-003 -0.42533503967173314     
  -3.2382382382382380       -1.6615252678484634E-002 -0.42355492703365105     
  -3.2282282282282280       -1.4024218216291630E-002 -0.41842221453673534     
  -3.2182182182182180       -9.0291433489539975E-003 -0.42176293056427311     
  -3.2082082082082080       -9.8212701896903867E-003 -0.42732749188838298     
  -3.1981981981981980       -1.3997153360194189E-002 -0.42663616966933837     
  -3.1881881881881879       -9.0198390277406604E-003 -0.42580736326179769     
  -3.1781781781781779       -6.6404282116502020E-003 -0.43071561608484454     
  -3.1681681681681679       -7.1228516611315023E-003 -0.43452494280268977     
  -3.1581581581581579       -5.9353412028689207E-003 -0.43709981261543590     
  -3.1481481481481479       -5.0346846133912946E-003 -0.44154487578065521     
  -3.1381381381381379       -5.1020460112256305E-003 -0.44626726698632213     
  -3.1281281281281279       -5.9960168823620218E-003 -0.45127203406683686     
  -3.1181181181181179       -8.8410725716736808E-003 -0.45626862593433759     
  -3.1081081081081079       -1.2603919028242165E-002 -0.45662200880865289     
  -3.0980980980980979       -1.1014418529404992E-002 -0.45925312943746799     
  -3.0880880880880879       -1.3345396570209932E-002 -0.46233853937128022     
  -3.0780780780780779       -1.2430352338702272E-002 -0.46596129459152874     
  -3.0680680680680679       -1.8033988698064680E-002 -0.47265686267813600     
  -3.0580580580580579       -2.6900654494424987E-002 -0.46609063950987462     
  -3.0480480480480479       -2.0018338071045562E-002 -0.45867558903397182     
  -3.0380380380380378       -1.0815002853500065E-002 -0.46283390285258713     
  -3.0280280280280278       -7.4625588679950797E-003 -0.46986991305977527     
  -3.0180180180180178       -6.3146235562216609E-003 -0.47620536873382624     
  -3.0080080080080078       -5.9636223749694609E-003 -0.48211616705602134     
  -2.9979979979979978       -6.0464851006200105E-003 -0.48796230044665850     
  -2.9879879879879878       -6.5417209910375394E-003 -0.49405207758744357     
  -2.9779779779779778       -7.7186111139181503E-003 -0.50074482103586848     
  -2.9679679679679678       -1.0594549844752688E-002 -0.50848232553691397     
  -2.9579579579579578       -1.8708987693857152E-002 -0.51603014078080500     
  -2.9479479479479478       -2.8938246775065190E-002 -0.51175501383206334     
  -2.9379379379379378       -2.6914893705850623E-002 -0.51153173646879690     
  -2.9279279279279278       -3.7712833916945888E-002 -0.50718348209652542     
  -2.9179179179179178       -2.3604845360126268E-002 -0.49506023160416346     
  -2.9079079079079078       -1.2525444213109912E-002 -0.50337353306749977     
  -2.8978978978978978       -8.8178305756792912E-003 -0.51214373154627246     
  -2.8878878878878878       -7.3371339254091851E-003 -0.51966982504784021     
  -2.8778778778778777       -6.6531682280808165E-003 -0.52645340662821716     
  -2.8678678678678677       -6.3193721924643294E-003 -0.53284255793402446     
  -2.8578578578578577       -6.1653246709384973E-003 -0.53903467849539655     
  -2.8478478478478477       -6.1153282410427480E-003 -0.54514678368018432     
  -2.8378378378378377       -6.1318857398004025E-003 -0.55125354501306745     
  -2.8278278278278277       -6.1949473364051669E-003 -0.55740640904049221     
  -2.8178178178178177       -6.2932636056632274E-003 -0.56364359372170558     
  -2.8078078078078077       -6.4204178280566565E-003 -0.56999563428635802     
  -2.7977977977977977       -6.5728720143217951E-003 -0.57648866805070509     
  -2.7877877877877877       -6.7489642256156491E-003 -0.58314653043175524     
  -2.7777777777777777       -6.9484006445256312E-003 -0.58999222233408433     
  -2.7677677677677677       -7.1720419372678099E-003 -0.59704906986967365     
  -2.7577577577577577       -7.4219118313288805E-003 -0.60434179126625509     
  -2.7477477477477477       -7.7014541922372946E-003 -0.61189765720012801     
  -2.7377377377377377       -8.0162323470862190E-003 -0.61974795959475326     
  -2.7277277277277276       -8.3758264015059425E-003 -0.62792998084595786     
  -2.7177177177177176       -8.7999469457362943E-003 -0.63648750234749785     
  -2.7077077077077076       -9.3157715253643341E-003 -0.64544593585678278     
  -2.6976976976976976       -9.8819014251569203E-003 -0.65490158518004316     
  -2.6876876876876876       -1.0659989641024518E-002 -0.66502205380486612     
  -2.6776776776776776       -1.1891722518174186E-002 -0.67579162280902638     
  -2.6676676676676676       -1.3335581895617316E-002 -0.68713315843331424     
  -2.6576576576576576       -1.5793156254747743E-002 -0.70026073699672398     
  -2.6476476476476476       -2.2136127947797055E-002 -0.71386052845760462     
  -2.6376376376376376       -3.0240701473703318E-002 -0.72307767127131140     
  -2.6276276276276276       -3.9418104875973851E-002 -0.72423922011041608     
  -2.6176176176176176       -2.8357236384369149E-002 -0.72868762031474654     
  -2.6076076076076076       -2.4036334534576646E-002 -0.74837155336752781     
  -2.5975975975975976       -2.7322545997995280E-002 -0.77063810085971640     
  -2.5875875875875876       -4.0881775090435668E-002 -0.79432111764031688     
  -2.5775775775775776       -6.9171429485021266E-002 -0.80132816709730659     
  -2.5675675675675675       -8.0242443812654676E-002 -0.77902601612740663     
  -2.5575575575575575       -4.7691298373968280E-002 -0.77926962187772297     
  -2.5475475475475475       -3.3537983735086249E-002 -0.80751430630133336     
  -2.5375375375375375       -3.1088293947640983E-002 -0.83609148125783483     
  -2.5275275275275275       -3.2787067565277224E-002 -0.86285709025080870     
  -2.5175175175175175       -3.4583057852039238E-002 -0.89232667312076674     
  -2.5075075075075075       -4.1397903275976027E-002 -0.92671295195948922     
  -2.4974974974974975       -5.9579084273407371E-002 -0.96309719089851664     
  -2.4874874874874875       -8.1212179262613718E-002 -0.98217834230202139     
  -2.4774774774774775       -9.6853706109598189E-002  -1.0119983547574369     
  -2.4674674674674675      -0.10536495579929081       -1.0314215230389852     
  -2.4574574574574575      -0.13392010931205520       -1.0861968805348940     
  -2.4474474474474475      -0.19516733087069993       -1.0659884693406478     
  -2.4374374374374375      -0.15331318830238028       -1.0687651270152569     
  -2.4274274274274275      -0.13372220557250492       -1.1106978989404293     
  -2.4174174174174174      -0.11753177281467474       -1.1938937549763731     
  -2.4074074074074074      -0.14035799468704974       -1.2969181686605298     
  -2.3973973973973974      -0.18394444967176685       -1.4033000970798097     
  -2.3873873873873874      -0.27487389905964554       -1.5516238747263364     
  -2.3773773773773774      -0.47433392705474775       -1.6554593606241912     
  -2.3673673673673674      -0.68021708371304224       -1.6548832164792215     
  -2.3573573573573574      -0.84882672381475310       -1.6085618200282805     
  -2.3473473473473474      -0.99320485600065944       -1.5445659053155678     
  -2.3373373373373374       -1.1206851224155980       -1.4658569031516717     
  -2.3273273273273274       -1.2339698463777229       -1.3750859501098120     
  -2.3173173173173174       -1.3341520933250426       -1.2712542773822604     
  -2.3073073073073074       -1.4146453741609530       -1.1536338139460514     
  -2.2972972972972974       -1.4691013554379886       -1.0371691449668270     
  -2.2872872872872874       -1.5257257739468191      -0.92769257765025737     
  -2.2772772772772774       -1.5484879326126029      -0.81034919440804087     
  -2.2672672672672673       -1.6058794212738983      -0.74089941912767288     
  -2.2572572572572573       -1.6931387622252725      -0.59953576442135204     
  -2.2472472472472473       -1.7431793280200507      -0.42150056833580063     
  -2.2372372372372373       -1.7625641484331411      -0.22363491607589633     
  -2.2272272272272273       -1.7488620068668403       -4.8471328454850046E-003
  -2.2172172172172173       -1.6904517285927803       0.23679984893657199     
  -2.2072072072072073       -1.5648028671349357       0.49889780364324748     
  -2.1971971971971973       -1.3319700778897181       0.76225337635806034     
  -2.1871871871871873      -0.93895072441261529       0.94280030223676392     
  -2.1771771771771773      -0.49303853403985476       0.84590165085193680     
  -2.1671671671671673      -0.26981744508632588       0.60638447891357705     
  -2.1571571571571573      -0.17670230183278340       0.41737767170714229     
  -2.1471471471471473      -0.12926214582604226       0.27659869361514450     
  -2.1371371371371373      -0.10121471725891269       0.16694894190818035     
  -2.1271271271271273       -8.3006101391122855E-002   7.7827389195272156E-002
  -2.1171171171171173       -7.0445667755025518E-002   2.8774534488333519E-003
  -2.1071071071071072       -6.1437699439942685E-002  -6.1918408980527979E-002
  -2.0970970970970972       -5.4851663699819343E-002 -0.11925527188615841     
  -2.0870870870870872       -5.0105968504891941E-002 -0.17104982432878812     
  -2.0770770770770772       -4.7112184636696475E-002 -0.21861837213528382     
  -2.0670670670670672       -4.5597189184639120E-002 -0.26252988486464890     
  -2.0570570570570572       -4.7024382342945620E-002 -0.30403377371825285     
  -2.0470470470470472       -5.0058763127836498E-002 -0.33553574749293297     
  -2.0370370370370372       -4.2675881348331647E-002 -0.36803819386730052     
  -2.0270270270270272       -3.8402161335529324E-002 -0.40535973680646736     
  -2.0170170170170172       -3.6848738911390157E-002 -0.44233251034514037     
  -2.0070070070070072       -3.7741140851803960E-002 -0.47826664510383987     
  -1.9969969969969972       -3.7268748976130694E-002 -0.51241079264650902     
  -1.9869869869869872       -3.7491891823807279E-002 -0.54865928291672428     
  -1.9769769769769772       -3.9788009700377790E-002 -0.58550652489046096     
  -1.9669669669669672       -4.3437674823247049E-002 -0.62049543495455062     
  -1.9569569569569571       -4.5039905690851006E-002 -0.65542572842492031     
  -1.9469469469469471       -4.4099123722630820E-002 -0.69411842741924423     
  -1.9369369369369371       -4.5484589316567625E-002 -0.73750634333280640     
  -1.9269269269269271       -4.8827636877168783E-002 -0.78396708852107999     
  -1.9169169169169171       -5.3969281254077441E-002 -0.83452650399795036     
  -1.9069069069069071       -6.1839203767748291E-002 -0.89087125051979998     
  -1.8968968968968971       -7.5413374039692282E-002 -0.95534377977956630     
  -1.8868868868868871      -0.10441810646745661       -1.0275805498511830     
  -1.8768768768768771      -0.15137528605745315       -1.0825208648746909     
  -1.8668668668668671      -0.17202296986606927       -1.1165668607236015     
  -1.8568568568568571      -0.16260146869074724       -1.2132412713818566     
  -1.8468468468468471      -0.21111079437244665       -1.3624740207681936     
  -1.8368368368368371      -0.36019137409475288       -1.5243946270043516     
  -1.8268268268268271      -0.60401731201435205       -1.5737422658495130     
  -1.8168168168168171      -0.79321040182653713       -1.4897939417188428     
  -1.8068068068068071      -0.84441925224928638       -1.4065197739885240     
  -1.7967967967967970      -0.91075301664950903       -1.4176255079968545     
  -1.7867867867867866       -1.0170949119355208       -1.4215828025836414     
  -1.7767767767767766       -1.1542629127084800       -1.4013719677763372     
  -1.7667667667667666       -1.2803366202941997       -1.3308964526529021     
  -1.7567567567567566       -1.3757736036141379       -1.2455382731137767     
  -1.7467467467467466       -1.4519259242233074       -1.1593877256543956     
  -1.7367367367367366       -1.5187207287261206       -1.0843817235000872     
  -1.7267267267267266       -1.5911880945761017      -0.99873718798115940     
  -1.7167167167167166       -1.6522040210371074      -0.90359952273363076     
  -1.7067067067067065       -1.7037206837503009      -0.80425702865915627     
  -1.6966966966966965       -1.7471886050277332      -0.70062918418415543     
  -1.6866866866866865       -1.7823243622275700      -0.59153616068977988     
  -1.6766766766766765       -1.8059129545873946      -0.47586953630894696     
  -1.6666666666666665       -1.8145190758278478      -0.36034954966262611     
  -1.6566566566566565       -1.8089401558771234      -0.23733617529580273     
  -1.6466466466466465       -1.7687266924346858      -0.15670892338154616     
  -1.6366366366366365       -1.8114147107673448       -7.9642370809058519E-002
  -1.6266266266266265       -1.8299726890307642        6.5513220110203510E-002
  -1.6166166166166165       -1.8137638837627550       0.22189296182891774     
  -1.6066066066066065       -1.7723019207396746       0.38508328552351562     
  -1.5965965965965965       -1.7033959716494467       0.55653199942873055     
  -1.5865865865865865       -1.5987996187801992       0.73630259701185619     
  -1.5765765765765765       -1.4437235708935601       0.92057058278464265     
  -1.5665665665665665       -1.2132645788943091        1.0941428620370017     
  -1.5565565565565564      -0.87384913922409635        1.2019022304552098     
  -1.5465465465465464      -0.48516088074188196        1.1037270754088533     
  -1.5365365365365364      -0.27310239791092633       0.86803639674975153     
  -1.5265265265265264      -0.18426522905141085       0.67283336714008168     
  -1.5165165165165164      -0.13917576056209163       0.52275690604067404     
  -1.5065065065065064      -0.11252500366206493       0.40220623815748263     
  -1.4964964964964964       -9.5250003448295956E-002  0.30116267253297940     
  -1.4864864864864864       -8.3408768985653983E-002  0.21353777945819261     
  -1.4764764764764764       -7.5031654490553490E-002  0.13542700801719573     
  -1.4664664664664664       -6.9038200069450301E-002   6.4166355154658059E-002
  -1.4564564564564564       -6.4802070542686718E-002  -2.1747093280828477E-003
  -1.4464464464464464       -6.1959253020780453E-002  -6.5084134452700684E-002
  -1.4364364364364364       -6.0330180955283162E-002 -0.12579082177418185     
  -1.4264264264264264       -5.9938984091510848E-002 -0.18538758463378333     
  -1.4164164164164164       -6.1204331519673610E-002 -0.24473265849627401     
  -1.4064064064064064       -6.4003881027360224E-002 -0.30399158444910057     
  -1.3963963963963963       -6.9898504401114281E-002 -0.36556299065038589     
  -1.3863863863863863       -8.2225253006466950E-002 -0.42251033269594274     
  -1.3763763763763763       -8.2843225013448457E-002 -0.47353385186679875     
  -1.3663663663663663       -7.9780633116140726E-002 -0.54321678575691146     
  -1.3563563563563563       -8.5257558275426318E-002 -0.62159261690993806     
  -1.3463463463463463       -9.4010309294267957E-002 -0.70753066791924124     
  -1.3363363363363363      -0.11069980654002824      -0.80890571820563895     
  -1.3263263263263263      -0.13825462617016232      -0.92641289246106562     
  -1.3163163163163163      -0.18559617422001662       -1.0725559469661596     
  -1.3063063063063063      -0.28757547627902919       -1.2583970061654042     
  -1.2962962962962963      -0.51830028809168804       -1.4300417451211032     
  -1.2862862862862863      -0.79912433025509300       -1.4585486202718856     
  -1.2762762762762763       -1.0374287136650679       -1.4039025012642923     
  -1.2662662662662663       -1.2240191196918511       -1.3068765572356342     
  -1.2562562562562563       -1.3690188525926721       -1.1957684635773773     
  -1.2462462462462462       -1.4842891082252934       -1.0796511808710034     
  -1.2362362362362362       -1.5769585627076330      -0.96107449412841595     
  -1.2262262262262262       -1.6504544732763007      -0.83984570844822315     
  -1.2162162162162162       -1.7021713146835713      -0.71466855182267508     
  -1.2062062062062062       -1.7223084661325385      -0.60032208232945539     
  -1.1961961961961962       -1.7312744167440908      -0.51092715080535667     
  -1.1861861861861862       -1.7661780992954199      -0.45896990724168324     
  -1.1761761761761762       -1.8268275718687648      -0.36000760462009052     
  -1.1661661661661662       -1.8589240080308185      -0.24432119411199363     
  -1.1561561561561562       -1.8740166232771094      -0.12860505128754121     
  -1.1461461461461462       -1.8758958368846179       -1.2982611446961721E-002
  -1.1361361361361362       -1.8626444422250505        9.9363006123546871E-002
  -1.1261261261261262       -1.8412528440945390       0.20812983965092369     
  -1.1161161161161162       -1.7881988979491545       0.30256253522233428     
  -1.1061061061061062       -1.7828044642817704       0.34609126605665252     
  -1.0960960960960962       -1.7946394327110038       0.46128694337972631     
  -1.0860860860860861       -1.7672947539192030       0.58695608294836554     
  -1.0760760760760761       -1.7208892857149851       0.70913042526825931     
  -1.0660660660660661       -1.6599453624293672       0.82962160790870354     
  -1.0560560560560561       -1.5838596229001229       0.94958903604755218     
  -1.0460460460460461       -1.4900276315742065        1.0691662425080402     
  -1.0360360360360361       -1.3741093913662379        1.1873946966429760     
  -1.0260260260260261       -1.2293214352015012        1.3014403884395351     
  -1.0160160160160161       -1.0448309900003709        1.4039685430219218     
  -1.0060060060060061      -0.80401252068784246        1.4737995224037324     
 -0.99599599599599564      -0.50491659701916780        1.4447533482242549     
 -0.98598598598598564      -0.27663266370530454        1.2669274398641519     
 -0.97597597597597563      -0.17756627709721912        1.0854629161878506     
 -0.96596596596596562      -0.13040995601765124       0.94499471224740983     
 -0.95595595595595562      -0.10336016770533782       0.83372905724911928     
 -0.94594594594594561       -8.5907798469718646E-002  0.74195301356052468     
 -0.93593593593593560       -7.3784260081185674E-002  0.66375639980268586     
 -0.92592592592592560       -6.4941824681321855E-002  0.59543073955868697     
 -0.91591591591591559       -5.8276274474895279E-002  0.53451638268502566     
 -0.90590590590590558       -5.3140185975241033E-002  0.47929665521765003     
 -0.89589589589589558       -4.9130048635877784E-002  0.42851930966264740     
 -0.88588588588588557       -4.5982961530792316E-002  0.38123454474173091     
 -0.87587587587587556       -4.3522366194897598E-002  0.33669566263622602     
 -0.86586586586586556       -4.1627765865972007E-002  0.29429502445467698     
 -0.85585585585585555       -4.0217082408340640E-002  0.25352069788830761     
 -0.84584584584584555       -3.9236134129633234E-002  0.21392555784057760     
 -0.83583583583583554       -3.8652415638496695E-002  0.17510391525196575     
 -0.82582582582582553       -3.8451712684746828E-002  0.13667251657271656     
 -0.81581581581581553       -3.8636831809795297E-002   9.8253681510879792E-002
 -0.80580580580580552       -3.9228208857199909E-002   5.9458759588901018E-002
 -0.79579579579579551       -4.0266574209208025E-002   1.9870119049669670E-002
 -0.78578578578578551       -4.1818360403638746E-002  -2.0980466858921871E-002
 -0.77577577577577550       -4.3985389525184750E-002  -6.3640045317368638E-002
 -0.76576576576576549       -4.6922149581390148E-002 -0.10877410354830808     
 -0.75575575575575549       -5.0868362787620067E-002 -0.15722582447173111     
 -0.74574574574574548       -5.6217785457541462E-002 -0.21010930725502741     
 -0.73573573573573547       -6.3693620966312356E-002 -0.26894968609287045     
 -0.72572572572572547       -7.4832334245338722E-002 -0.33566328574003895     
 -0.71571571571571546       -9.1284325440340153E-002 -0.41209122092810824     
 -0.70570570570570545      -0.11937654776577418      -0.50368787419612704     
 -0.69569569569569545      -0.16754694361154684      -0.59809667871382033     
 -0.68568568568568544      -0.20921427190541947      -0.70380922075534047     
 -0.67567567567567544      -0.28042552525746184      -0.88305603238267438     
 -0.66566566566566543      -0.49774942244904857       -1.1074895763698667     
 -0.65565565565565542      -0.89415707454952897       -1.1753312851162943     
 -0.64564564564564542       -1.2330728988564803       -1.0347129792807419     
 -0.63563563563563541       -1.4616485039371703      -0.82450002957123159     
 -0.62562562562562540       -1.6108572639888017      -0.59732879030081498     
 -0.61561561561561540       -1.7027724521034662      -0.36852414339721024     
 -0.60560560560560539       -1.7494658424471801      -0.14261262181032347     
 -0.59559559559559538       -1.7550235054128629        7.8743748599554367E-002
 -0.58558558558558538       -1.7187396418873109       0.28644212599824331     
 -0.57557557557557537       -1.6493138629304007       0.48133899021695276     
 -0.56556556556556536       -1.5160793493513687       0.62014440294221307     
 -0.55555555555555536       -1.4941266722499054       0.67656971675179167     
 -0.54554554554554535       -1.4647209172730269       0.88208318424045373     
 -0.53553553553553535       -1.3313096704440128        1.0848247540128959     
 -0.52552552552552534       -1.1342368379616876        1.2547091363389928     
 -0.51551551551551533      -0.86942221852234247        1.3753741181836332     
 -0.50550550550550533      -0.53845667587691293        1.3792420831947754     
 -0.49549549549549532      -0.28361570152666776        1.2117942056174540     
 -0.48548548548548531      -0.17383235185261478        1.0351335353228990     
 -0.47547547547547531      -0.12260736473174509       0.90212801594318115     
 -0.46546546546546530       -9.3777462986899429E-002  0.80017145289345848     
 -0.45545545545545529       -7.5470516840680305E-002  0.71867389046092944     
 -0.44544544544544529       -6.2905759447868567E-002  0.65126304443321670     
 -0.43543543543543528       -5.3809195082356077E-002  0.59400504217610406     
 -0.42542542542542527       -4.6964071362622165E-002  0.54434093680374018     
 -0.41541541541541527       -4.1661335463857967E-002  0.50052500507653774     
 -0.40540540540540526       -3.7460411048445594E-002  0.46131786946421333     
 -0.39539539539539525       -3.4073578968173569E-002  0.42580991230187570     
 -0.38538538538538525       -3.1305376886283522E-002  0.39331453176629955     
 -0.37537537537537524       -2.9018722153151020E-002  0.36330076380557047     
 -0.36536536536536524       -2.7114957330290720E-002  0.33534912962030733     
 -0.35535535535535523       -2.5521579273494514E-002  0.30912174396873132     
 -0.34534534534534522       -2.4184418148677805E-002  0.28434148613292398     
 -0.33533533533533522       -2.3062502131398856E-002  0.26077710162001089     
 -0.32532532532532521       -2.2124602597238360E-002  0.23823228174466604     
 -0.31531531531531520       -2.1346865736871445E-002  0.21653746476256194     
 -0.30530530530530520       -2.0711168664166470E-002  0.19554352611843492     
 -0.29529529529529519       -2.0203974204915907E-002  0.17511678973698847     
 -0.28528528528528518       -1.9815541339554796E-002  0.15513496010142527     
 -0.27527527527527518       -1.9539400633755758E-002  0.13548368216878279     
 -0.26526526526526517       -1.9372038758482837E-002  0.11605350395433345     
 -0.25525525525525516       -1.9312760938531036E-002   9.6737057105917207E-002
 -0.24524524524524516       -1.9363719679141390E-002   7.7426290799780001E-002
 -0.23523523523523515       -1.9530115863568280E-002   5.8009596968881007E-002
 -0.22522522522522515       -1.9820597325832176E-002   3.8368650456901986E-002
 -0.21521521521521514       -2.0247903664466778E-002   1.8374753532719331E-002
 -0.20520520520520513       -2.0829839002461981E-002  -2.1155859001296485E-003
 -0.19519519519519513       -2.1590703853323998E-002  -2.3266210498076947E-002
 -0.18518518518518512       -2.2563395475393662E-002  -4.5268526708413526E-002
 -0.17517517517517511       -2.3792514940883948E-002  -6.8351143427744426E-002
 -0.16516516516516511       -2.5339039298096253E-002  -9.2793101305303091E-002
 -0.15515515515515510       -2.7287507638261665E-002 -0.11894251345010554     
 -0.14514514514514509       -2.9757390935281167E-002 -0.14724355246926632     
 -0.13513513513513509       -3.2921709668887751E-002 -0.17827667665188551     
 -0.12512512512512508       -3.7038805867935926E-002 -0.21282056236060629     
 -0.11511511511511507       -4.2509347210170925E-002 -0.25195101992542146     
 -0.10510510510510507       -4.9985083637263054E-002 -0.29720576361095813     
  -9.5095095095095061E-002  -6.0592929396248198E-002 -0.35087231655945994     
  -8.5085085085085055E-002  -7.6444479293848400E-002 -0.41651748510758130     
  -7.5075075075075048E-002 -0.10195455095432117      -0.50000046103807949     
  -6.5065065065065042E-002 -0.14788964464548826      -0.61129440414124236     
  -5.5055055055055035E-002 -0.24647270247051797      -0.76462178708526718     
  -4.5045045045045029E-002 -0.49495611798070382      -0.92653676605753055     
  -3.5035035035035023E-002 -0.83746523168745324      -0.86640720801575588     
  -2.5025025025025016E-002  -1.0715757091511593      -0.73798295460378427     
  -1.5015015015015010E-002  -1.3345742709711705      -0.53970518684221924     
  -5.0050050050050032E-003  -1.4912676009577976      -0.18678040358222237     
   5.0050050050050032E-003  -1.4912313987676560       0.18698715020392498     
   1.5015015015015010E-002  -1.3344590001913608       0.53987430680150994     
   2.5025025025025016E-002  -1.0714615280259252       0.73812326075006984     
   3.5035035035035023E-002 -0.83723900163713005       0.86652376837827816     
   4.5045045045045029E-002 -0.49469541515138410       0.92645074838293640     
   5.5055055055055035E-002 -0.24636604779878843       0.76448264551150813     
   6.5065065065065042E-002 -0.14784444378889353       0.61118899448239095     
   7.5075075075075048E-002 -0.10193120362941302       0.49991970572875760     
   8.5085085085085055E-002  -7.6430751982250134E-002  0.41645214000852260     
   9.5095095095095061E-002  -6.0584173849584845E-002  0.35081693032047029     
  0.10510510510510507       -4.9979202465058666E-002  0.29715708249923006     
  0.11511511511511507       -4.2505270525395343E-002  0.25190699154187413     
  0.12512512512512508       -3.7035937268939563E-002  0.21277981913043101     
  0.13513513513513509       -3.2919694113735201E-002  0.17823826132741208     
  0.14514514514514509       -2.9756006428210760E-002  0.14720676456863901     
  0.15515515515515510       -2.7286610289795919E-002  0.11890681881625940     
  0.16516516516516511       -2.5338533559779972E-002   9.2758076271671139E-002
  0.17517517517517511       -2.3792336609772122E-002   6.8316438830882190E-002
  0.18518518518518512       -2.2563501579092805E-002   4.5233843727583316E-002
  0.19519519519519513       -2.1591066439473075E-002   2.3231283762509825E-002
  0.20520520520520513       -2.0830441249349373E-002   2.0801711605147829E-003
  0.21521521521521514       -2.0248737434708321E-002  -1.8410888838406272E-002
  0.22522522522522515       -1.9821661660685237E-002  -3.8405734819557669E-002
  0.23523523523523515       -1.9531416125319417E-002  -5.8047861334813364E-002
  0.24524524524524516       -1.9365267172240446E-002  -7.7465974531300996E-002
  0.25525525525525516       -1.9314572917026242E-002  -9.6778413782833181E-002
  0.26526526526526517       -1.9374138779495776E-002 -0.11609680736414445     
  0.27527527527527518       -1.9541819256719037E-002 -0.13552923281637666     
  0.28528528528528518       -1.9818317206810342E-002 -0.15518309258708129     
  0.29529529529529519       -2.0207155577324842E-002 -0.17516788140402581     
  0.30530530530530520       -2.0714815531796306E-002 -0.19559800746384493     
  0.31531531531531520       -2.1351052687241846E-002 -0.21659583224664139     
  0.32532532532532521       -2.2129422712947794E-002 -0.23829511384868626     
  0.33533533533533522       -2.3068072322321082E-002 -0.26084507931628775     
  0.34534534534534522       -2.4190886529482758E-002 -0.28441541940131077     
  0.35535535535535523       -2.5529135523233222E-002 -0.30920260670251948     
  0.36536536536536524       -2.7123847502552187E-002 -0.33543810635472671     
  0.37537537537537524       -2.9029270299270216E-002 -0.36339931341596010     
  0.38538538538538525       -3.1318017407819060E-002 -0.39342447604747566     
  0.39539539539539525       -3.4088906418621320E-002 -0.42593356193076909     
  0.40540540540540526       -3.7479259385978125E-002 -0.46145820772619089     
  0.41541541541541527       -4.1684909216123514E-002 -0.50068596376813568     
  0.42542542542542527       -4.6994173127383396E-002 -0.54452782478090955     
  0.43543543543543528       -5.3848643245204532E-002 -0.59422523767209035     
  0.44544544544544529       -6.2959211210158475E-002 -0.65152716558266000     
  0.45545545545545529       -7.5546241386106702E-002 -0.71899787801927939     
  0.46546546546546530       -9.3891631695132677E-002 -0.80058046436060148     
  0.47547547547547531      -0.12279615460085898      -0.90266376794915804     
  0.48548548548548531      -0.17419345030293795       -1.0358638079594076     
  0.49549549549549532      -0.28446482944973578       -1.2127440930208415     
  0.50550550550550533      -0.54015926227202471       -1.3796743295538612     
  0.51551551551551533      -0.87099120777079486       -1.3749142927644227     
  0.52552552552552534       -1.1354362660223185       -1.2538764404503846     
  0.53553553553553535       -1.3321967624081104       -1.0837814200982008     
  0.54554554554554535       -1.4652180798021681      -0.88085810612876669     
  0.55555555555555536       -1.4938880008346977      -0.67570009489103033     
  0.56556556556556536       -1.5168148884098827      -0.61977665986460673     
  0.57557557557557537       -1.6498241766496866      -0.48024431992553174     
  0.58558558558558538       -1.7190204136968956      -0.28531087768932728     
  0.59559559559559538       -1.7550995999057883       -7.7462993692450882E-002
  0.60560560560560539       -1.7492967194395981       0.14394275977968665     
  0.61561561561561540       -1.7023551135515333       0.36988639309789750     
  0.62562562562562540       -1.6101410606171869       0.59870763778001779     
  0.63563563563563541       -1.4605339780600515       0.82584499947530832     
  0.64564564564564542       -1.2313918915747355        1.0358633217153594     
  0.65565565565565542      -0.89176791346424789        1.1757327979892842     
  0.66566566566566543      -0.49576245587864420        1.1063397009057532     
  0.67567567567567544      -0.27968102571881859       0.88179667465895650     
  0.68568568568568544      -0.20898353436209319       0.70303113396449968     
  0.69569569569569545      -0.16725031171245119       0.59757352930481733     
  0.70570570570570545      -0.11913742248179068       0.50314083569868828     
  0.71571571571571546       -9.1163271676284408E-002  0.41163475623699480     
  0.72572572572572547       -7.4746031755189818E-002  0.33528422204702146     
  0.73573573573573547       -6.3635810250802935E-002  0.26862699712555266     
  0.74574574574574548       -5.6175846155205288E-002  0.20983229255286245     
  0.75575575575575549       -5.0836233287218938E-002  0.15698407993158572     
  0.76576576576576549       -4.6896716649013535E-002  0.10856017601646924     
  0.77577577577577550       -4.3964797975057479E-002   6.3448533647402189E-002
  0.78578578578578551       -4.1801405153210187E-002   2.0807333323936632E-002
  0.79579579579579551       -4.0252429062280284E-002  -2.0027976320092022E-002
  0.80580580580580552       -3.9216285929328153E-002  -5.9603778722410364E-002
  0.81581581581581553       -3.8626701338918018E-002  -9.8387817261107208E-002
  0.82582582582582553       -3.8443054255896052E-002 -0.13679736439150397     
  0.83583583583583554       -3.8644987175716967E-002 -0.17522079950113886     
  0.84584584584584555       -3.9229751612912381E-002 -0.21403559650088919     
  0.85585585585585555       -4.0211606458732958E-002 -0.25362485161010512     
  0.86586586586586556       -4.1623093033082266E-002 -0.29439413520579832     
  0.87587587587587556       -4.3518423781746654E-002 -0.33679048573001408     
  0.88588588588588557       -4.5979705494962178E-002 -0.38132577728231065     
  0.89589589589589558       -4.9127464766882588E-002 -0.42860761827972532     
  0.90590590590590558       -5.3138295436459607E-002 -0.47938270643029929     
  0.91591591591591559       -5.8275146389788729E-002 -0.53460088064215749     
  0.92592592592592560       -6.4941601852780806E-002 -0.59551447904546728     
  0.93593593593593560       -7.3785212205800435E-002 -0.66384034913368439     
  0.94594594594594561       -8.5910439782934916E-002 -0.74203845657242040     
  0.95595595595595562      -0.10336554645141077      -0.83381785473209380     
  0.96596596596596562      -0.13042048219678817      -0.94508979157502704     
  0.97597597597597563      -0.17758859484780318       -1.0855688826146341     
  0.98598598598598564      -0.27668859884784347       -1.2670455733950248     
  0.99599599599599564      -0.50503019432330865       -1.4448292877512794     
   1.0060060060060056      -0.80410536163044577       -1.4738107673937519     
   1.0160160160160157       -1.0448892998107320       -1.4039624173715257     
   1.0260260260260257       -1.2293568158441273       -1.3014330719507374     
   1.0360360360360357       -1.3741301037563056       -1.1873907410542455     
   1.0460460460460457       -1.4900388745975810       -1.0691668269928480     
   1.0560560560560557       -1.5838647788771127      -0.94959420522326321     
   1.0660660660660657       -1.6599467331426738      -0.82963100767513720     
   1.0760760760760757       -1.7208885464576713      -0.70914360214730354     
   1.0860860860860857       -1.7672934026633222      -0.58697263452544224     
   1.0960960960960957       -1.7946399692149861      -0.46130615616697990     
   1.1061061061061057       -1.7828103746934170      -0.34610409475022719     
   1.1161161161161157       -1.7881841711128204      -0.30257595249314950     
   1.1261261261261257       -1.8412466987987444      -0.20815563082842778     
   1.1361361361361357       -1.8626400147539248       -9.9386285474734326E-002
   1.1461461461461457       -1.8758933729992751        1.2957254991380375E-002
   1.1561561561561557       -1.8740158847513744       0.12858080981421988     
   1.1661661661661658       -1.8589228206335509       0.24429874888890971     
   1.1761761761761758       -1.8268211883260104       0.35998560754183528     
   1.1861861861861858       -1.7661640623869188       0.45892731189454194     
   1.1961961961961958       -1.7313079094432213       0.51088526039974236     
   1.2062062062062058       -1.7223419208133888       0.60030997316441337     
   1.2162162162162158       -1.7021850092898021       0.71467646233549131     
   1.2262262262262258       -1.6504546999520071       0.83985071707070280     
   1.2362362362362358       -1.5769525018478541       0.96107840969850589     
   1.2462462462462458       -1.4842762451556730        1.0796561584238118     
   1.2562562562562558       -1.3689952251248187        1.1957746641068794     
   1.2662662662662658       -1.2239760798400083        1.3068789212584031     
   1.2762762762762758       -1.0373566437625859        1.4038692938116335     
   1.2862862862862858      -0.79915497622133747        1.4584465694153459     
   1.2962962962962958      -0.51826123911385669        1.4300758996248815     
   1.3063063063063058      -0.28752090247735873        1.2583416511113328     
   1.3163163163163158      -0.18558278005512419        1.0724958662543451     
   1.3263263263263259      -0.13824763849255925       0.92637025337838219     
   1.3363363363363359      -0.11069055189809784       0.80885066199278943     
   1.3463463463463459       -9.4016966754669098E-002  0.70748783544894100     
   1.3563563563563559       -8.5253931269487437E-002  0.62155019154475488     
   1.3663663663663659       -7.9782613107303266E-002  0.54317194338210495     
   1.3763763763763759       -8.2852442819883493E-002  0.47349647125642996     
   1.3863863863863859       -8.2219686414487375E-002  0.42247798027996208     
   1.3963963963963959       -6.9893918988529175E-002  0.36552036689671924     
   1.4064064064064059       -6.4003569934525245E-002  0.30394863198534355     
   1.4164164164164168       -6.1204073719434579E-002  0.24468907344263074     
   1.4264264264264268       -5.9939754278640456E-002  0.18534278047898678     
   1.4364364364364368       -6.0331603303586605E-002  0.12574476854660330     
   1.4464464464464468       -6.1961222056305172E-002   6.5036376557285197E-002
   1.4564564564564568       -6.4804635912847408E-002   2.1247220905714118E-003
   1.4664664664664668       -6.9041502948250746E-002  -6.4219200598575193E-002
   1.4764764764764768       -7.5035940866112066E-002 -0.13548351912171622     
   1.4864864864864868       -8.3414451155684036E-002 -0.21359905381712505     
   1.4964964964964969       -9.5257800415751437E-002 -0.30123028436469801     
   1.5065065065065069      -0.11253627002878260      -0.40228257629448294     
   1.5165165165165169      -0.13919335662136825      -0.52284581581714806     
   1.5265265265265269      -0.18429626185172926      -0.67294126280414279     
   1.5365365365365369      -0.27316866482128283      -0.86817159560954438     
   1.5465465465465469      -0.48532342414101881       -1.1038579139373181     
   1.5565565565565569      -0.87404677222829985       -1.2019047481468423     
   1.5665665665665669       -1.2133971002990758       -1.0940864609158061     
   1.5765765765765769       -1.4438072628690906      -0.92050691687722153     
   1.5865865865865869       -1.5988529413696251      -0.73624521900184559     
   1.5965965965965969       -1.7034302087928983      -0.55648410886806887     
   1.6066066066066069       -1.7723239539127613      -0.38504508035879204     
   1.6166166166166169       -1.8137780415779141      -0.22186372339666463     
   1.6266266266266269       -1.8299816273106833       -6.5492062881590971E-002
   1.6366366366366369       -1.8114196910589173        7.9655168551725331E-002
   1.6466466466466469       -1.7687364379633255       0.15671222580876476     
   1.6566566566566570       -1.8089457160812596       0.23734368633290631     
   1.6666666666666670       -1.8145233344958611       0.36034151889255628     
   1.6766766766766770       -1.8059242942966813       0.47586583628450602     
   1.6866866866866870       -1.7823329421238723       0.59152951796685860     
   1.6966966966966970       -1.7471978997304696       0.70061834248517352     
   1.7067067067067070       -1.7037316490617112       0.80424256354566503     
   1.7167167167167170       -1.6522161911399833       0.90358106896528434     
   1.7267267267267270       -1.5911986377531138       0.99870751517645662     
   1.7367367367367370       -1.5187692956429524        1.0842939966893081     
   1.7467467467467470       -1.4520901574053684        1.1594846150145990     
   1.7567567567567570       -1.3757456788229037        1.2456693445975564     
   1.7667667667667670       -1.2801711283742334        1.3309453159465676     
   1.7767767767767770       -1.1540680726480281        1.4010260292901384     
   1.7867867867867870       -1.0182105701369846        1.4218821838220574     
   1.7967967967967970      -0.90930576632224480        1.4179169770744000     
   1.8068068068068071      -0.84523788868284255        1.4052791357499446     
   1.8168168168168171      -0.79354322564547686        1.4901976251068885     
   1.8268268268268271      -0.60394654616013477        1.5738834366946952     
   1.8368368368368371      -0.36012015368685635        1.5243276010263660     
   1.8468468468468471      -0.21116276684961721        1.3623193519732397     
   1.8568568568568571      -0.16284873711962186        1.2130733829577895     
   1.8668668668668671      -0.17245496413647268        1.1168528654681349     
   1.8768768768768771      -0.15131409869739668        1.0828065484119571     
   1.8868868868868871      -0.10428435460514474        1.0276394531269968     
   1.8968968968968971       -7.5373003947606654E-002  0.95534737564135186     
   1.9069069069069071       -6.1828003460065596E-002  0.89087853904965530     
   1.9169169169169171       -5.3967177407535677E-002  0.83453598337060364     
   1.9269269269269271       -4.8829961334541774E-002  0.78397582896383267     
   1.9369369369369371       -4.5492573892697750E-002  0.73751255445693453     
   1.9469469469469471       -4.4123103505279399E-002  0.69412814666177114     
   1.9569569569569571       -4.5045201838241913E-002  0.65548226992590841     
   1.9669669669669672       -4.3415419517221353E-002  0.62050972039877594     
   1.9769769769769772       -3.9773551770428642E-002  0.58550085067959912     
   1.9869869869869872       -3.7492823318415795E-002  0.54864900448227616     
   1.9969969969969972       -3.7285821441614346E-002  0.51240307808033703     
   2.0070070070070072       -3.7754725344238925E-002  0.47829719411436750     
   2.0170170170170172       -3.6832342297655127E-002  0.44233415561224326     
   2.0270270270270272       -3.8394715460457765E-002  0.40535301413329450     
   2.0370370370370372       -4.2665618124059827E-002  0.36802294481949815     
   2.0470470470470472       -5.0063909264192664E-002  0.33549178694477455     
   2.0570570570570572       -4.7072779028510377E-002  0.30405498388172614     
   2.0670670670670672       -4.5559736985322577E-002  0.26253580113778702     
   2.0770770770770772       -4.7119173925389848E-002  0.21858397789227293     
   2.0870870870870872       -5.0113916975871815E-002  0.17102546367109256     
   2.0970970970970972       -5.4858842590460720E-002  0.11922610063564081     
   2.1071071071071072       -6.1446238028943216E-002   6.1882033965016500E-002
   2.1171171171171173       -7.0456796739650371E-002  -2.9231164270613649E-003
   2.1271271271271273       -8.3021425154952880E-002  -7.7885412210104879E-002
   2.1371371371371373      -0.10123709959080694      -0.16702413161119747     
   2.1471471471471473      -0.12929752878471459      -0.27669894151544938     
   2.1571571571571573      -0.17676518040727918      -0.41751639451600620     
   2.1671671671671673      -0.26995133086818279      -0.60658087119209203     
   2.1771771771771773      -0.49337703530559546      -0.84610991231644206     
   2.1871871871871873      -0.93942028701783720      -0.94271142481443415     
   2.1971971971971973       -1.3322771210576325      -0.76198983172618584     
   2.2072072072072073       -1.5649766564345948      -0.49860838117740724     
   2.2172172172172173       -1.6905414323650296      -0.23652314352715920     
   2.2272272272272273       -1.7488987230427750        5.1054829487744259E-003
   2.2372372372372373       -1.7625541193043013       0.22388329686358410     
   2.2472472472472473       -1.7431131757276941       0.42172895501968705     
   2.2572572572572573       -1.6929880126052488       0.59969692295015697     
   2.2672672672672673       -1.6058431463093992       0.74069327631351900     
   2.2772772772772774       -1.5486985105518842       0.81130158905010152     
   2.2872872872872874       -1.5250322540158603       0.92756182782429253     
   2.2972972972972974       -1.4698273737548895        1.0370551073409344     
   2.3073073073073074       -1.4140250117656554        1.1542019350979902     
   2.3173173173173174       -1.3339426036883437        1.2710339456768760     
   2.3273273273273274       -1.2340237785069716        1.3749962460370646     
   2.3373373373373374       -1.1208874632712635        1.4659134802914213     
   2.3473473473473474      -0.99360343138120255        1.5451038357189575     
   2.3573573573573574      -0.84776695991173634        1.6103116444599963     
   2.3673673673673674      -0.67805464791130143        1.6530419587843959     
   2.3773773773773774      -0.47521237724928056        1.6537958422018899     
   2.3873873873873874      -0.27661576591005166        1.5510578810942399     
   2.3973973973973974      -0.18604663964810814        1.4064697362926719     
   2.4074074074074074      -0.13707646241942162        1.2979426809140324     
   2.4174174174174174      -0.11530435583176814        1.1930332191565205     
   2.4274274274274275      -0.13113694318226815        1.1060954677962214     
   2.4374374374374375      -0.16090510297132402        1.0658150903420498     
   2.4474474474474475      -0.19820572740598943        1.0740361934636513     
   2.4574574574574575      -0.12961702522510166        1.0889111705474872     
   2.4674674674674675       -9.9360302555384264E-002   1.0296485842990279     
   2.4774774774774775      -0.10054139486401463        1.0055773696719554     
   2.4874874874874875       -8.5450221547441946E-002  0.98470148687537706     
   2.4974974974974975       -5.8904920257710047E-002  0.96475933683775705     
   2.5075075075075075       -4.0924066659612825E-002  0.92746643377479876     
   2.5175175175175175       -3.3663108801899433E-002  0.89311416961311663     
   2.5275275275275275       -3.0664499503212251E-002  0.86235522125322261     
   2.5375375375375375       -3.0972217968613564E-002  0.83348685412371448     
   2.5475475475475475       -3.6276958865556923E-002  0.80659157205726018     
   2.5575575575575575       -4.9080729206843282E-002  0.78116922898532448     
   2.5675675675675675       -7.9057764171272291E-002  0.78158367457115774     
   2.5775775775775776       -6.6512419462985542E-002  0.79921429534230481     
   2.5875875875875876       -4.2002061518825684E-002  0.79361326974727386     
   2.5975975975975976       -2.7695408309190359E-002  0.77075335541770085     
   2.6076076076076076       -2.4183836345368206E-002  0.74846511119459602     
   2.6176176176176176       -2.8525598566006272E-002  0.72879796180771328     
   2.6276276276276276       -3.9343786345111993E-002  0.72468563977316003     
   2.6376376376376376       -2.9758456847418256E-002  0.72298455910295822     
   2.6476476476476476       -2.2264133269661993E-002  0.71359327311596688     
   2.6576576576576576       -1.5881779544514703E-002  0.70023385998620713     
   2.6676676676676676       -1.3405422418945726E-002  0.68714915631920626     
   2.6776776776776776       -1.1889666728753231E-002  0.67582797461942690     
   2.6876876876876876       -1.0651140578143863E-002  0.66503621679956382     
   2.6976976976976976       -9.8600602232629467E-003  0.65491220490475910     
   2.7077077077077076       -9.2887318762701170E-003  0.64541708898171912     
   2.7177177177177176       -8.8114860235003895E-003  0.63647119830958387     
   2.7277277277277276       -8.3797947736248719E-003  0.62792524035468489     
   2.7377377377377377       -8.0172179918751030E-003  0.61974356696043653     
   2.7477477477477477       -7.7016658956787307E-003  0.61189316954882533     
   2.7577577577577577       -7.4218909092787994E-003  0.60433733281918700     
   2.7677677677677677       -7.1719461472012610E-003  0.59704470874969728     
   2.7777777777777777       -6.9482846684172797E-003  0.58998798161413191     
   2.7877877877877877       -6.7488500761486991E-003  0.58314241112642118     
   2.7977977977977977       -6.5727701697228594E-003  0.57648466015554001     
   2.8078078078078077       -6.4203346850028320E-003  0.56999172134332809     
   2.8178178178178177       -6.2932046149333752E-003  0.56363975427750179     
   2.8278278278278277       -6.1949187046510317E-003  0.55740261640027100     
   2.8378378378378377       -6.1318957038551097E-003  0.55124976574948104     
   2.8478478478478477       -6.1153881694143907E-003  0.54514297489846553     
   2.8578578578578577       -6.1654492925426055E-003  0.53903078363454315     
   2.8678678678678677       -6.3195748413165682E-003  0.53283850086591100     
   2.8778778778778777       -6.6534315403973089E-003  0.52644908325061224     
   2.8878878878878878       -7.3372582725377989E-003  0.51966507694385466     
   2.8978978978978978       -8.8166171862598848E-003  0.51213807034510739     
   2.9079079079079078       -1.2516156053422083E-002  0.50336207610764028     
   2.9179179179179178       -2.3579723267151916E-002  0.49497175055221510     
   2.9279279279279278       -3.8179435218369855E-002  0.50717823056111144     
   2.9379379379379378       -2.6545309244881767E-002  0.51217327805914603     
   2.9479479479479478       -2.8656009763006505E-002  0.51101547652864676     
   2.9579579579579578       -1.8955947331021950E-002  0.51600273920297279     
   2.9679679679679678       -1.0663933594591606E-002  0.50853508651186263     
   2.9779779779779778       -7.7404000415117885E-003  0.50078601281982116     
   2.9879879879879878       -6.5473950770792762E-003  0.49408628915275921     
   2.9979979979979978       -6.0427546948181024E-003  0.48799630702981867     
   3.0080080080080087       -5.9482279459643211E-003  0.48215677452627087     
   3.0180180180180187       -6.2734224305298607E-003  0.47626212736339824     
   3.0280280280280287       -7.3411844374652686E-003  0.46995317064280184     
   3.0380380380380387       -1.0388483698891450E-002  0.46284418214137735     
   3.0480480480480487       -1.9544730045601002E-002  0.45719205098258792     
   3.0580580580580587       -2.9135588729107230E-002  0.46644542523424026     
   3.0680680680680688       -1.8297002994917010E-002  0.47434791260712694     
   3.0780780780780788       -1.0962537222427732E-002  0.46744823551541664     
   3.0880880880880888       -1.0770281080853924E-002  0.46028073942549008     
   3.0980980980980988       -1.3002731161734622E-002  0.45784804414043095     
   3.1081081081081088       -1.3500619001390426E-002  0.45725031279327727     
   3.1181181181181188       -8.9932923224946681E-003  0.45673018509125801     
   3.1281281281281288       -6.0172836554206683E-003  0.45163215715211241     
   3.1381381381381388       -5.0136707072309262E-003  0.44663930151935344     
   3.1481481481481488       -4.7207529627410665E-003  0.44199146229305331     
   3.1581581581581588       -4.9128742695087949E-003  0.43742514622833800     
   3.1681681681681688       -5.9599863819498299E-003  0.43278541057429010     
   3.1781781781781788       -8.4984272666617268E-003  0.42938715749938522     
   3.1881881881881888       -1.0212431412625303E-002  0.42665024965592840     
   3.1981981981981988       -1.4209446327983169E-002  0.42770820021584022     
   3.2082082082082088       -9.5013840699751904E-003  0.42822513060659906     
   3.2182182182182189       -7.9287548027209866E-003  0.42266624018094101     
   3.2282282282282289       -1.1332525833771817E-002  0.41718364914175893     
   3.2382382382382389       -1.8863960318464861E-002  0.42098225866592415     
   3.2482482482482489       -1.1138957815187202E-002  0.42617985309492962     
   3.2582582582582589       -6.1042063968308070E-003  0.42174565505765915     
   3.2682682682682689       -4.3824442721721426E-003  0.41733719778484335     
   3.2782782782782789       -3.6618175865079624E-003  0.41356956954231494     
   3.2882882882882889       -3.3375314143015127E-003  0.41019734404100505     
   3.2982982982982989       -3.3069871256943832E-003  0.40706946535974348     
   3.3083083083083089       -3.6387365107490655E-003  0.40446144413495627     
   3.3183183183183189       -3.2964627290871626E-003  0.40229621352274658     
   3.3283283283283289       -3.1090724608623301E-003  0.39963534451995208     
   3.3383383383383389       -3.0902553646133279E-003  0.39741223266538589     
   3.3483483483483489       -2.8112454858806226E-003  0.39504754438893896     
   3.3583583583583589       -2.6362860841801705E-003  0.39276473236237430     
   3.3683683683683689       -2.4260550599469861E-003  0.39039916662534047     
   3.3783783783783790       -2.3209406426778823E-003  0.38805730944880035     
   3.3883883883883890       -2.2560382152968304E-003  0.38577740327351678     
   3.3983983983983990       -2.2081209826816466E-003  0.38354827337276703     
   3.4084084084084090       -2.1696796514569148E-003  0.38136039461819232     
   3.4184184184184190       -2.1377402851285648E-003  0.37920691421102315     
   3.4284284284284290       -2.1109944837815510E-003  0.37708244636067678     
   3.4384384384384390       -2.0889172639433099E-003  0.37498230337282307     
   3.4484484484484490       -2.0714633356776636E-003  0.37290200968335180     
   3.4584584584584590       -2.0589808075694377E-003  0.37083692864503209     
   3.4684684684684690       -2.0522423218029746E-003  0.36878189684762991     
   3.4784784784784790       -2.0525817920430088E-003  0.36673078095672645     
   3.4884884884884890       -2.0621795291134925E-003  0.36467585468924590     
   3.4984984984984990       -2.0846131245856095E-003  0.36260683289281032     
   3.5085085085085090       -2.1259489273239805E-003  0.36050926307209180     
   3.5185185185185190       -2.1970452166485206E-003  0.35836167717985051     
   3.5285285285285291       -2.3188641594973224E-003  0.35613024716384090     
   3.5385385385385391       -2.5362377973058808E-003  0.35375826074517924     
   3.5485485485485491       -2.9593767388055468E-003  0.35114561892350366     
   3.5585585585585591       -3.9150970851394391E-003  0.34812549709216339     
   3.5685685685685691       -6.5759380929277739E-003  0.34473715965644186     
   3.5785785785785791       -1.2780867126473519E-002  0.34515532385251818     
   3.5885885885885891       -1.0820003523956699E-002  0.35071717840686428     
   3.5985985985985991       -7.8889711445616333E-003  0.34776939548122782     
   3.6086086086086091       -1.0588678654369034E-002  0.34638793338082674     
   3.6186186186186191       -9.0973786986218459E-003  0.34969954734606568     
   3.6286286286286291       -4.9626910177839956E-003  0.34791239644036304     
   3.6386386386386391       -3.4303357064645133E-003  0.34468913547912178     
   3.6486486486486491       -2.9204375309142823E-003  0.34177896219470094     
   3.6586586586586591       -2.8217419644041121E-003  0.33904391355188890     
   3.6686686686686691       -3.0417158686161959E-003  0.33626972815534850     
   3.6786786786786791       -3.7911184560126513E-003  0.33322228467826498     
   3.6886886886886892       -6.0120369801497063E-003  0.32975717390344550     
   3.6986986986986992       -1.2128728114326415E-002  0.32854138289786861     
   3.7087087087087092       -1.5008433693164938E-002  0.33575903320560940     
   3.7187187187187192       -8.0321514673830450E-003  0.33855192653555838     
   3.7287287287287292       -4.4442313273124947E-003  0.33520445437218538     
   3.7387387387387392       -3.3861310723485908E-003  0.33198950144917988     
   3.7487487487487492       -3.4657226655101622E-003  0.32923959339807102     
   3.7587587587587592       -4.2522108909345485E-003  0.32788309585884218     
   3.7687687687687692       -3.3967995658629410E-003  0.32659813369181095     
   3.7787787787787792       -3.4843063017266744E-003  0.32420115334121230     
   3.7887887887887892       -4.9679373653431667E-003  0.32315429152051633     
   3.7987987987987992       -3.8046004216490902E-003  0.32333022258295163     
   3.8088088088088092       -2.7096201655235604E-003  0.32121822841691883     
   3.8188188188188192       -2.5370842199746377E-003  0.31888762465109710     
   3.8288288288288292       -2.9280582102363009E-003  0.31645979944748559     
   3.8388388388388393       -4.4238216008575838E-003  0.31382396598013756     
   3.8488488488488493       -8.9293008800404843E-003  0.31308941668618839     
   3.8588588588588593       -8.4689704024644378E-003  0.31886178706398877     
   3.8688688688688693       -4.1016997970854813E-003  0.31782001094786633     
   3.8788788788788793       -2.6120194713444254E-003  0.31537482991540322     
   3.8888888888888893       -2.0753015292644295E-003  0.31326846686226972     
   3.8988988988988993       -1.8878284196661192E-003  0.31140335780766787     
   3.9089089089089093       -1.9813484005944482E-003  0.30968530006522499     
   3.9189189189189193       -2.4124075675172199E-003  0.30851070710900824     
   3.9289289289289293       -1.9844475281614784E-003  0.30766255376266749     
   3.9389389389389393       -1.6485912418917892E-003  0.30617558251772714     
   3.9489489489489493       -1.6270720599759355E-003  0.30468055602908112     
   3.9589589589589593       -1.8865870159997490E-003  0.30341921285519163     
   3.9689689689689693       -1.7436956491901038E-003  0.30257094385929645     
   3.9789789789789793       -1.4757633648706324E-003  0.30126749428227334     
   3.9889889889889893       -1.4481374621733592E-003  0.29991282248820289     
   3.9989989989989994       -1.6407328145446724E-003  0.29870137405178226     
   4.0090090090090094       -1.5863880316407176E-003  0.29787475236739053     
   4.0190190190190194       -1.3297331429270335E-003  0.29670208637951079     
   4.0290290290290294       -1.2353357858796827E-003  0.29547041229917503     
   4.0390390390390394       -1.1999176120449460E-003  0.29426906452773571     
   4.0490490490490494       -1.2000572714922549E-003  0.29309025086828183     
   4.0590590590590594       -1.2571073218631194E-003  0.29196381490006440     
   4.0690690690690694       -1.2310394419139479E-003  0.29095364306900534     
   4.0790790790790794       -1.1519162619498115E-003  0.28984241583400233     
   4.0890890890890894       -1.1207054127251080E-003  0.28871990105759932     
   4.0990990990990994       -1.1062274869948533E-003  0.28760977805612659     
   4.1091091091091094       -1.0987386751404157E-003  0.28650843965592754     
   4.1191191191191194       -1.0957679775964785E-003  0.28541184132924768     
   4.1291291291291294       -1.0969882093320091E-003  0.28431622036599857     
   4.1391391391391394       -1.1031420018166680E-003  0.28321742772555414     
   4.1491491491491495       -1.1160589130562262E-003  0.28211017437850450     
   4.1591591591591595       -1.1393808441925487E-003  0.28098695896404363     
   4.1691691691691695       -1.1806296003499784E-003  0.27983618675520561     
   4.1791791791791795       -1.2572990731539264E-003  0.27863864782131442     
   4.1891891891891895       -1.4182104464301110E-003  0.27736288444979773     
   4.1991991991991995       -1.8286509489174097E-003  0.27599764409650385     
   4.2092092092092095       -2.7441008635053759E-003  0.27499823512506583     
   4.2192192192192195       -3.3742724855930000E-003  0.27487028324502744     
   4.2292292292292295       -2.6169890023399539E-003  0.27435615292130677     
   4.2392392392392395       -2.5836126697592228E-003  0.27254714417855491     
   4.2492492492492495       -4.0627030747298048E-003  0.27079103769299462     
   4.2592592592592595       -6.1190388740950501E-003  0.27204153457671881     
   4.2692692692692695       -5.0766750141522359E-003  0.27230172595764507     
   4.2792792792792795       -4.9214445069943004E-003  0.27315967646607536     
   4.2892892892892895       -2.7513455233578485E-003  0.27245714393036752     
   4.2992992992992995       -1.9136852118211358E-003  0.27070599304936949     
   4.3093093093093096       -1.6795912466353964E-003  0.26907656356051962     
   4.3193193193193196       -1.7453855598804095E-003  0.26750032061417245     
   4.3293293293293296       -2.2512257748844547E-003  0.26588888053318588     
   4.3393393393393396       -3.7751980171921331E-003  0.26497845676663473     
   4.3493493493493496       -3.5716628814962698E-003  0.26579736132053777     
   4.3593593593593596       -2.8384875001702908E-003  0.26428317230196197     
   4.3693693693693696       -4.0350170328621524E-003  0.26253259021780484     
   4.3793793793793796       -5.9793404228045341E-003  0.26408283716073994     
   4.3893893893893896       -3.5792525738104234E-003  0.26463390908804502     
   4.3993993993993996       -2.9387434137254425E-003  0.26288127450504839     
   4.4094094094094096       -3.5773752945804671E-003  0.26249435299760115     
   4.4194194194194196       -2.3538329826885895E-003  0.26227025649296831     
   4.4294294294294296       -1.6885419426460944E-003  0.26083237235170736     
   4.4394394394394396       -1.5909113140388698E-003  0.25938541904990170     
   4.4494494494494496       -1.9505851570734590E-003  0.25796021075423214     
   4.4594594594594597       -3.2695089773858246E-003  0.25715742978918898     
   4.4694694694694697       -3.1191856717576920E-003  0.25833473320242162     
   4.4794794794794797       -1.8520148761051315E-003  0.25745040053608442     
   4.4894894894894897       -1.5801013561381162E-003  0.25613803214391373     
   4.4994994994994997       -1.9224274820395532E-003  0.25521627416007325     
   4.5095095095095097       -1.6627337140114064E-003  0.25498484656999704     
   4.5195195195195197       -1.1893732994287709E-003  0.25403991034837098     
   4.5295295295295297       -1.0288580227659828E-003  0.25302349627028631     
   4.5395395395395397       -9.8658035007010542E-004  0.25205474180592574     
   4.5495495495495497       -1.0417385092185655E-003  0.25111194284766197     
   4.5595595595595597       -1.2873865185293559E-003  0.25031293471729321     
   4.5695695695695697       -1.2334566128409583E-003  0.24987840693178806     
   4.5795795795795797       -1.0162986647768771E-003  0.24904756901898004     
   4.5895895895895897       -1.0282150149880213E-003  0.24814315821324806     
   4.5995995995995997       -1.2753625055355545E-003  0.24740802619524355     
   4.6096096096096097       -1.1759107521175853E-003  0.24704625970817495     
   4.6196196196196198       -9.1966079839959328E-004  0.24627466454985292     
   4.6296296296296298       -8.3384165670134607E-004  0.24544886986998074     
   4.6396396396396398       -8.1066646412258979E-004  0.24464649800528637     
   4.6496496496496498       -8.3675777711070232E-004  0.24386003596474853     
   4.6596596596596598       -9.4635968237790941E-004  0.24316088022861551     
   4.6696696696696698       -8.8494922999608110E-004  0.24259301719560752     
   4.6796796796796798       -7.9255119667098327E-004  0.24185567010827080     
   4.6896896896896898       -7.8150684226435641E-004  0.24110395287811889     
   4.6996996996996998       -8.3532549867384987E-004  0.24040501071929396     
   4.7097097097097098       -7.9978442634720775E-004  0.23979738913320323     
   4.7197197197197198       -7.3523145311978153E-004  0.23909313027692433     
   4.7297297297297298       -7.1196757793623596E-004  0.23838100208769003     
   4.7397397397397398       -7.0336592669174869E-004  0.23767694865858432     
   4.7497497497497498       -7.0319314377628316E-004  0.23697682642008064     
   4.7597597597597598       -7.1513778754244556E-004  0.23627556265524927     
   4.7697697697697699       -7.6087870998508406E-004  0.23557297836395732     
   4.7797797797797799       -8.7703112217950979E-004  0.23495591529904020     
   4.7897897897897899       -8.0750978588848676E-004  0.23443330622449293     
   4.7997997997997999       -7.2583949917061818E-004  0.23374827618448057     
   4.8098098098098099       -7.0247589655749246E-004  0.23304978816254351     
   4.8198198198198199       -7.0020937249371331E-004  0.23235448962342523     
   4.8298298298298299       -7.1285587178038386E-004  0.23165503079143704     
   4.8398398398398399       -7.5215492884374844E-004  0.23094300250963304     
   4.8498498498498499       -8.6955252351109992E-004  0.23023589211412307     
   4.8598598598598599       -9.9751886526617509E-004  0.22973266731340319     
   4.8698698698698699       -8.6681722304125027E-004  0.22910725012728711     
   4.8798798798798799       -8.5408257944742021E-004  0.22831712428192527     
   4.8898898898898899       -9.5314091674299152E-004  0.22747047452760202     
   4.8998998998998999       -1.2520573798182116E-003  0.22653859569555104     
   4.9099099099099099       -2.1263883035313588E-003  0.22574489585832383     
   4.9199199199199199       -2.9380367107680011E-003  0.22610892722869122     
   4.9299299299299300       -2.7155793576122975E-003  0.22689216123642036     
   4.9399399399399400       -1.5240611625788358E-003  0.22645505899684093     
   4.9499499499499500       -1.0861751362573262E-003  0.22545777221192986     
   4.9599599599599600       -9.6802364777027940E-004  0.22451776342067903     
   4.9699699699699700       -1.0024168377252070E-003  0.22359783967660246     
   4.9799799799799800       -1.2411068354324191E-003  0.22263199598972019     
   4.9899899899899900       -2.0416358056739351E-003  0.22175483197050147     
   5.0000000000000000       -3.0614879824297139E-003  0.22223831291156212     
