  -5.0000000000000000       -2.6871309175104611E-003 -0.21605892045534347     
  -4.9899899899899900       -2.5370488364456520E-003 -0.21731876608398193     
  -4.9799799799799800       -3.8199595728729370E-003 -0.21734894790367607     
  -4.9699699699699700       -2.7228223819314103E-003 -0.21666132741930436     
  -4.9599599599599600       -2.0943307223463730E-003 -0.21800272105968083     
  -4.9499499499499500       -2.8595753849607161E-003 -0.21946939068060450     
  -4.9399399399399400       -4.9613581922377421E-003 -0.21900700882402810     
  -4.9299299299299300       -4.3978570136678549E-003 -0.21716819880439461     
  -4.9199199199199199       -2.4728718568722734E-003 -0.21694108190928896     
  -4.9099099099099099       -1.4210667881381556E-003 -0.21809185890305188     
  -4.8998998998998999       -1.0405591330608041E-003 -0.21915223999474753     
  -4.8898898898898899       -8.7180583987148011E-004 -0.22005480322091334     
  -4.8798798798798799       -7.8372300347576238E-004 -0.22086071511513514     
  -4.8698698698698699       -7.3300661326833609E-004 -0.22160850039303875     
  -4.8598598598598599       -7.0263921319899472E-004 -0.22232030182991511     
  -4.8498498498498499       -6.8590284553644702E-004 -0.22300977041321965     
  -4.8398398398398399       -6.8365388637589629E-004 -0.22368545791451128     
  -4.8298298298298299       -7.0800243701018629E-004 -0.22433741031833646     
  -4.8198198198198199       -7.0011444473640726E-004 -0.22493397908858509     
  -4.8098098098098099       -6.6460616440867980E-004 -0.22557665310299263     
  -4.7997997997997999       -6.5254418890680146E-004 -0.22622821764246873     
  -4.7897897897897899       -6.4951617512895847E-004 -0.22687728766765106     
  -4.7797797797797799       -6.5122905446174579E-004 -0.22752642221121674     
  -4.7697697697697699       -6.5799849335516881E-004 -0.22817879986903541     
  -4.7597597597597598       -6.7508217957608677E-004 -0.22883780509936724     
  -4.7497497497497498       -7.2337589323074041E-004 -0.22949812636704495     
  -4.7397397397397398       -7.8990604922552811E-004 -0.23007632260130387     
  -4.7297297297297298       -7.4079062082519742E-004 -0.23068646633706560     
  -4.7197197197197198       -7.6114293891682008E-004 -0.23135606269193587     
  -4.7097097097097098       -7.7936910459815449E-004 -0.23193477662666243     
  -4.6996996996996998       -7.1523590726128893E-004 -0.23258352517526154     
  -4.6896896896896898       -6.9457412555023774E-004 -0.23327131002222332     
  -4.6796796796796798       -6.9196369119579827E-004 -0.23396056087409955     
  -4.6696696696696698       -6.9642450167422794E-004 -0.23465312551997730     
  -4.6596596596596598       -7.0597764224812295E-004 -0.23535261543851679     
  -4.6496496496496498       -7.2306452174288928E-004 -0.23606280552990080     
  -4.6396396396396398       -7.5963204513219604E-004 -0.23678622908048166     
  -4.6296296296296298       -8.4847148675750589E-004 -0.23748597642651517     
  -4.6196196196196198       -8.5009163634552898E-004 -0.23809442888394944     
  -4.6096096096096097       -8.0109372628068773E-004 -0.23883461077357920     
  -4.5995995995995997       -8.1427624089666845E-004 -0.23961644009417823     
  -4.5895895895895897       -8.9128067640690200E-004 -0.24040909810706568     
  -4.5795795795795797       -1.0380276631180242E-003 -0.24107753962766290     
  -4.5695695695695697       -9.4229621633482399E-004 -0.24173376480289790     
  -4.5595595595595597       -8.9063966119959554E-004 -0.24257741153767140     
  -4.5495495495495497       -9.0444012118150543E-004 -0.24345593291122122     
  -4.5395395395395397       -9.5420967828792780E-004 -0.24437041138884052     
  -4.5295295295295297       -1.0504418025018918E-003 -0.24534561494005244     
  -4.5195195195195197       -1.2496531377326088E-003 -0.24641938207221667     
  -4.5095095095095097       -1.7598931350571339E-003 -0.24760532116789166     
  -4.4994994994994997       -2.9988270758718604E-003 -0.24825123532434812     
  -4.4894894894894897       -3.3675832426266509E-003 -0.24766021614848754     
  -4.4794794794794797       -2.2812931230792198E-003 -0.24779154637640435     
  -4.4694694694694697       -1.6630224028817339E-003 -0.24915306133198553     
  -4.4594594594594597       -1.5673681229240782E-003 -0.25061956910685423     
  -4.4494494494494496       -1.7128898400321029E-003 -0.25216584777769963     
  -4.4394394394394396       -2.1205127259009892E-003 -0.25393005529032542     
  -4.4294294294294296       -3.0902023144152154E-003 -0.25611244235327885     
  -4.4194194194194196       -5.7816992997875840E-003 -0.25876434919091540     
  -4.4094094094094096       -1.2641648683036025E-002 -0.25812211350592695     
  -4.3993993993993996       -1.3278793408080039E-002 -0.24931967820338113     
  -4.3893893893893896       -6.3794460304119416E-003 -0.24794718191826087     
  -4.3793793793793796       -3.5482712558770600E-003 -0.25081364647880089     
  -4.3693693693693696       -2.7017790676452094E-003 -0.25342595659629685     
  -4.3593593593593596       -2.6132529900348973E-003 -0.25582304432436004     
  -4.3493493493493496       -3.1750579244941594E-003 -0.25832806328149532     
  -4.3393393393393396       -5.1746880447545952E-003 -0.26107705389273195     
  -4.3293293293293296       -1.0302342342169557E-002 -0.26121221253097726     
  -4.3193193193193196       -1.1262173111032893E-002 -0.25581373756797748     
  -4.3093093093093096       -6.3557047655007056E-003 -0.25466061618038116     
  -4.2992992992992995       -4.2508951737027165E-003 -0.25780757831201123     
  -4.2892892892892895       -4.4919309781299250E-003 -0.26126255622562244     
  -4.2792792792792795       -7.2958658088599655E-003 -0.26497783301056838     
  -4.2692692692692695       -1.6155219127890350E-002 -0.26478854600382318     
  -4.2592592592592595       -1.5435601404553382E-002 -0.25173523816039040     
  -4.2492492492492495       -6.6139757043016589E-003 -0.25190366750324888     
  -4.2392392392392395       -3.5397385702093317E-003 -0.25509506884643579     
  -4.2292292292292295       -2.3906784049990454E-003 -0.25759467099928174     
  -4.2192192192192195       -1.8599663584679756E-003 -0.25955979587364841     
  -4.2092092092092095       -1.5761384441259443E-003 -0.26120920953496057     
  -4.1991991991991995       -1.4098006457250027E-003 -0.26266774011505040     
  -4.1891891891891895       -1.3084146341703548E-003 -0.26400660226691791     
  -4.1791791791791795       -1.2508431781832426E-003 -0.26526996723522783     
  -4.1691691691691695       -1.2391818185146471E-003 -0.26648698488940820     
  -4.1591591591591595       -1.3182479147794488E-003 -0.26764128337436099     
  -4.1491491491491495       -1.3518404887550590E-003 -0.26856727360319005     
  -4.1391391391391394       -1.2103732406758094E-003 -0.26963015312996119     
  -4.1291291291291294       -1.1930293210185893E-003 -0.27074730157103771     
  -4.1191191191191194       -1.1988627543700271E-003 -0.27175768548666068     
  -4.1091091091091094       -1.1233179009201776E-003 -0.27281342939260522     
  -4.0990990990990994       -1.0930558515871408E-003 -0.27390265221998467     
  -4.0890890890890894       -1.0836588443725564E-003 -0.27498654203789447     
  -4.0790790790790794       -1.0825918073725949E-003 -0.27606819884198125     
  -4.0690690690690694       -1.0862979442522378E-003 -0.27715202634405206     
  -4.0590590590590594       -1.0937127914625888E-003 -0.27824162304548949     
  -4.0490490490490494       -1.1048077081697377E-003 -0.27934032095688294     
  -4.0390390390390394       -1.1204436901445043E-003 -0.28045177030149077     
  -4.0290290290290294       -1.1430393986717839E-003 -0.28158068584279294     
  -4.0190190190190194       -1.1791107816911436E-003 -0.28273403755001469     
  -4.0090090090090094       -1.2491918009115790E-003 -0.28392155535625008     
  -3.9989989989989989       -1.4262535348615651E-003 -0.28512662192640009     
  -3.9889889889889889       -1.7029676394134520E-003 -0.28609637997224097     
  -3.9789789789789789       -1.6487703744229735E-003 -0.28693321389853393     
  -3.9689689689689689       -1.4127532000238231E-003 -0.28809902736803861     
  -3.9589589589589589       -1.3455618833058504E-003 -0.28941044833283130     
  -3.9489489489489489       -1.3521022078335867E-003 -0.29073996409993053     
  -3.9389389389389389       -1.3941320689893771E-003 -0.29210082205397703     
  -3.9289289289289289       -1.4711470035536950E-003 -0.29351652230454489     
  -3.9189189189189189       -1.6084694439242185E-003 -0.29501867410586569     
  -3.9089089089089089       -1.8947975160861687E-003 -0.29665005363664765     
  -3.8988988988988988       -2.6409848377203426E-003 -0.29833246088432780     
  -3.8888888888888888       -3.6900860027401024E-003 -0.29907207165563088     
  -3.8788788788788788       -4.1038588414502690E-003 -0.29957676960575930     
  -3.8688688688688688       -3.1784813650470580E-003 -0.30006020908371411     
  -3.8588588588588588       -2.5429811860604645E-003 -0.30212573477560223     
  -3.8488488488488488       -2.6395193394513077E-003 -0.30444817533329377     
  -3.8388388388388388       -3.4010535852884681E-003 -0.30696068633432677     
  -3.8288288288288288       -5.5712563987516325E-003 -0.30888035155447119     
  -3.8188188188188188       -6.2051510563068887E-003 -0.30876118108203671     
  -3.8088088088088088       -7.3504620178396415E-003 -0.31098908805204578     
  -3.7987987987987988       -8.6711616164070974E-003 -0.30908896421846865     
  -3.7887887887887888       -5.5687897323865110E-003 -0.31070501304210213     
  -3.7787787787787788       -5.0112020009113927E-003 -0.31481543572050918     
  -3.7687687687687688       -6.2239392115762656E-003 -0.31959548343690702     
  -3.7587587587587588       -1.0221258178678997E-002 -0.32551742544621376     
  -3.7487487487487487       -2.2317513675464130E-002 -0.32994425930126514     
  -3.7387387387387387       -3.5411531349451610E-002 -0.31557258173714464     
  -3.7287287287287287       -2.5168001210895154E-002 -0.29855370769752781     
  -3.7187187187187187       -1.1575066568578157E-002 -0.30190974851280483     
  -3.7087087087087087       -7.1128795738357358E-003 -0.30845486882937695     
  -3.6986986986986987       -5.8194427292071410E-003 -0.31405717637874658     
  -3.6886886886886887       -6.0483025134296601E-003 -0.31934215224305101     
  -3.6786786786786787       -8.2445444175174507E-003 -0.32486642234940238     
  -3.6686686686686687       -1.4692611963614403E-002 -0.32796455375375794     
  -3.6586586586586587       -1.5123935347063142E-002 -0.32518626116154958     
  -3.6486486486486487       -1.5832051461929373E-002 -0.33222022475791724     
  -3.6386386386386387       -2.9936078849247417E-002 -0.33698056495400924     
  -3.6286286286286287       -3.6903640237904295E-002 -0.32057616722651183     
  -3.6186186186186187       -3.8074403676798707E-002 -0.31615522895816817     
  -3.6086086086086087       -2.8635719565220850E-002 -0.30000219409997114     
  -3.5985985985985987       -1.7255073624017979E-002 -0.30498171993958983     
  -3.5885885885885886       -1.4620322555789773E-002 -0.30563476665415751     
  -3.5785785785785786       -7.9441873992055143E-003 -0.30855973172000328     
  -3.5685685685685686       -5.0417700064550970E-003 -0.31344304485424523     
  -3.5585585585585586       -3.8066153934653421E-003 -0.31744503439863841     
  -3.5485485485485486       -3.1643365176234005E-003 -0.32077060582602540     
  -3.5385385385385386       -2.7850524839921650E-003 -0.32366960810237644     
  -3.5285285285285286       -2.5440322666877391E-003 -0.32629266752178465     
  -3.5185185185185186       -2.3862762477204627E-003 -0.32873150366935372     
  -3.5085085085085086       -2.2891118677761499E-003 -0.33104517038158243     
  -3.4984984984984986       -2.2589162417845365E-003 -0.33325910062915787     
  -3.4884884884884886       -2.2351132724294895E-003 -0.33531974197690734     
  -3.4784784784784786       -2.1419765862479793E-003 -0.33740098830351467     
  -3.4684684684684686       -2.1178890694301994E-003 -0.33949240376802531     
  -3.4584584584584586       -2.1573784091470627E-003 -0.34151860111729476     
  -3.4484484484484486       -2.1125558227121973E-003 -0.34348055821340301     
  -3.4384384384384385       -2.0680802336521297E-003 -0.34552546562339609     
  -3.4284284284284285       -2.0610135622933803E-003 -0.34758106622118778     
  -3.4184184184184185       -2.0696183097949562E-003 -0.34964350996697841     
  -3.4084084084084085       -2.0877921497335231E-003 -0.35172071576699271     
  -3.3983983983983985       -2.1141207809639564E-003 -0.35382036128993688     
  -3.3883883883883881       -2.1490220472125772E-003 -0.35595015971954475     
  -3.3783783783783781       -2.1945633162107226E-003 -0.35811883243572479     
  -3.3683683683683681       -2.2558965643647380E-003 -0.36033745934132178     
  -3.3583583583583581       -2.3468416940012967E-003 -0.36262126258565452     
  -3.3483483483483480       -2.5128687004278114E-003 -0.36498366016043626     
  -3.3383383383383380       -2.8563672927200260E-003 -0.36730153630310347     
  -3.3283283283283280       -2.9342800944571756E-003 -0.36947124187198527     
  -3.3183183183183180       -3.0599484070026133E-003 -0.37214154720772175     
  -3.3083083083083080       -3.7841169065138199E-003 -0.37491800617117671     
  -3.2982982982982980       -4.7459313153192838E-003 -0.37659774676859309     
  -3.2882882882882880       -4.5749068308169709E-003 -0.37886827239685444     
  -3.2782782782782780       -5.1319551443528566E-003 -0.38069527429799555     
  -3.2682682682682680       -4.1269754465323456E-003 -0.38307805765003772     
  -3.2582582582582580       -3.8216963498467283E-003 -0.38659406455802980     
  -3.2482482482482480       -4.0196149104130057E-003 -0.39035060107745234     
  -3.2382382382382380       -4.5894232645454182E-003 -0.39446895083589095     
  -3.2282282282282280       -5.7912782345332205E-003 -0.39923701104472792     
  -3.2182182182182180       -8.6723202698146661E-003 -0.40503548842983578     
  -3.2082082082082080       -1.7096495460659372E-002 -0.41054414370858106     
  -3.1981981981981980       -2.8390454681095734E-002 -0.40034819378742353     
  -3.1881881881881879       -1.6289219508318981E-002 -0.39309191492130724     
  -3.1781781781781779       -9.5801404805093988E-003 -0.39995357906843410     
  -3.1681681681681679       -7.9654505260202072E-003 -0.40735809744960699     
  -3.1581581581581579       -8.3667823685130895E-003 -0.41478763156151999     
  -3.1481481481481479       -1.0748652682544890E-002 -0.42306018769444542     
  -3.1381381381381379       -1.7909286825778758E-002 -0.43217639374386557     
  -3.1281281281281279       -3.1739617013755418E-002 -0.43148808361367302     
  -3.1181181181181179       -3.2976974553297296E-002 -0.42918810929509826     
  -3.1081081081081079       -3.7568540781864314E-002 -0.42214087573503956     
  -3.0980980980980979       -2.7759655595251790E-002 -0.42787710674661195     
  -3.0880880880880879       -3.7186011042451367E-002 -0.44477256877114202     
  -3.0780780780780779       -7.2058117659569210E-002 -0.43762016100652718     
  -3.0680680680680679       -6.2789979119701411E-002 -0.39393866539247913     
  -3.0580580580580579       -2.9730094746427949E-002 -0.39628890173973930     
  -3.0480480480480479       -1.8054708219929487E-002 -0.41210853637228545     
  -3.0380380380380378       -1.4790759900066022E-002 -0.42632186818133838     
  -3.0280280280280278       -1.5014265364525681E-002 -0.44001062744058456     
  -3.0180180180180178       -1.8202523386516005E-002 -0.45508014329907454     
  -3.0080080080080078       -2.6643017005420225E-002 -0.47380437353217647     
  -2.9979979979979978       -4.9779227305496276E-002 -0.49774056911563508     
  -2.9879879879879878      -0.11129478739534804      -0.50160812019206014     
  -2.9779779779779778      -0.14365956190611434      -0.42585839447839618     
  -2.9679679679679678       -9.5974013084943077E-002 -0.40310438162367290     
  -2.9579579579579578      -0.10703369254115185      -0.39771293176554573     
  -2.9479479479479478       -7.4988635277209392E-002 -0.37226801187670172     
  -2.9379379379379378       -6.1224668698353892E-002 -0.37246728083647596     
  -2.9279279279279278       -3.3081021672327716E-002 -0.37358217935101723     
  -2.9179179179179178       -1.8518632746820772E-002 -0.38983011651029681     
  -2.9079079079079078       -1.2754835509471679E-002 -0.40322780335783209     
  -2.8978978978978978       -9.9461151206683730E-003 -0.41379924948618807     
  -2.8878878878878878       -8.3631872318933025E-003 -0.42260603271444558     
  -2.8778778778778777       -7.3898593361922367E-003 -0.43030112174756391     
  -2.8678678678678677       -6.7608287191915683E-003 -0.43727129637040396     
  -2.8578578578578577       -6.3459840085972321E-003 -0.44375831398922161     
  -2.8478478478478477       -6.0773111106110049E-003 -0.44992308061345893     
  -2.8378378378378377       -5.9250470870821845E-003 -0.45587809861195588     
  -2.8278278278278277       -5.8998515377489758E-003 -0.46167381566437371     
  -2.8178178178178177       -5.8698204116954516E-003 -0.46727803982252747     
  -2.8078078078078077       -5.8308156223017974E-003 -0.47296625401450887     
  -2.7977977977977977       -5.8766834017778919E-003 -0.47861153507553977     
  -2.7877877877877877       -5.8715600121723747E-003 -0.48435821386344252     
  -2.7777777777777777       -5.9465821160796257E-003 -0.49023677752571204     
  -2.7677677677677677       -6.0784878892033321E-003 -0.49623451219042031     
  -2.7577577577577577       -6.2568385631640534E-003 -0.50238880761338944     
  -2.7477477477477477       -6.4844052353907784E-003 -0.50874350822002357     
  -2.7377377377377377       -6.7716223865220502E-003 -0.51534966588826780     
  -2.7277277277277276       -7.1390059844386056E-003 -0.52227135043538719     
  -2.7177177177177176       -7.6278789191361069E-003 -0.52959441342364788     
  -2.7077077077077076       -8.3369534303462701E-003 -0.53742862034713457     
  -2.6976976976976976       -9.4375116595879997E-003 -0.54576123815398780     
  -2.6876876876876876       -1.0631715771177920E-002 -0.55488159586424490     
  -2.6776776776776776       -1.2856167282600152E-002 -0.56577063299193930     
  -2.6676676676676676       -1.7967631282058725E-002 -0.57890980537682601     
  -2.6576576576576576       -3.2266847011739264E-002 -0.59347647243799440     
  -2.6476476476476476       -6.2054656959794251E-002 -0.58402621250974784     
  -2.6376376376376376       -4.2935504253177541E-002 -0.55875561221821191     
  -2.6276276276276276       -2.4213096543230169E-002 -0.57305150127885596     
  -2.6176176176176176       -1.9440364020927584E-002 -0.59095730569420091     
  -2.6076076076076076       -2.0035614849558108E-002 -0.60872310161731968     
  -2.5975975975975976       -2.6025511930299533E-002 -0.62750316952868812     
  -2.5875875875875876       -4.3708765187455978E-002 -0.64025076873763642     
  -2.5775775775775776       -4.4308614838767864E-002 -0.63298352501049249     
  -2.5675675675675675       -3.6157038884341568E-002 -0.65302080004446539     
  -2.5575575575575575       -4.8185063020323347E-002 -0.67897766602801846     
  -2.5475475475475475       -6.7340705878105075E-002 -0.68304766972234598     
  -2.5375375375375375       -6.8565997617983779E-002 -0.70505417683714167     
  -2.5275275275275275      -0.11981124419129363      -0.72977408586792314     
  -2.5175175175175175      -0.15219093949752360      -0.65410552222460261     
  -2.5075075075075075       -8.1082872099378048E-002 -0.64431322471315311     
  -2.4974974974974975       -5.3668443034410082E-002 -0.68765410737096855     
  -2.4874874874874875       -5.0078317961692376E-002 -0.73265984605380385     
  -2.4774774774774775       -5.9264511813499843E-002 -0.78142523116056040     
  -2.4674674674674675       -8.7688780711865671E-002 -0.84068361109060741     
  -2.4574574574574575      -0.17186544219279379      -0.90711223878738567     
  -2.4474474474474475      -0.34933132278943174      -0.84064876592830684     
  -2.4374374374374375      -0.26808204318877787      -0.64472557506666139     
  -2.4274274274274275      -0.13470847195062133      -0.69017048677694715     
  -2.4174174174174174       -9.7720554316807234E-002 -0.77625935400849044     
  -2.4074074074074074       -9.8355826540190580E-002 -0.86172105410365840     
  -2.3973973973973974      -0.12924938694880508      -0.95455730350393231     
  -2.3873873873873874      -0.21140273004187610       -1.0338981929625215     
  -2.3773773773773774      -0.28737539501141068       -1.0887154699548109     
  -2.3673673673673674      -0.42909337463624775       -1.0941769632598184     
  -2.3573573573573574      -0.42449832046707126       -1.1208648554980591     
  -2.3473473473473474      -0.62345337199154638       -1.2674322747682665     
  -2.3373373373373374      -0.92958348674157409       -1.1696929132332985     
  -2.3273273273273274       -1.0645761634748112      -0.94478537367578186     
  -2.3173173173173174       -1.1059521428493846      -0.73564895331702451     
  -2.3073073073073074       -1.1293212750988992      -0.62452844749436998     
  -2.2972972972972974       -1.0877948342368025      -0.35206433333158699     
  -2.2872872872872874      -0.88801191370842536      -0.41698828250787390     
  -2.2772772772772774       -1.1480240700500850      -0.44399799926796329     
  -2.2672672672672673       -1.2853884641949449       -4.9153560034333382E-002
  -2.2572572572572573       -1.0359654676529475       0.37255530385345503     
  -2.2472472472472473      -0.59671946137509890       0.43405086211531280     
  -2.2372372372372373      -0.35177169460535279       0.33970081345344755     
  -2.2272272272272273      -0.18915631529261079       0.19656843412700617     
  -2.2172172172172173      -0.11969745838929900        7.0527437372653060E-002
  -2.2072072072072073       -8.5535220610869586E-002  -2.2743956917141081E-002
  -2.1971971971971973       -6.5828050691541629E-002  -9.4299272214828131E-002
  -2.1871871871871873       -5.3285545124408473E-002 -0.15168437665074033     
  -2.1771771771771773       -4.4827411583773236E-002 -0.19943489882407359     
  -2.1671671671671673       -3.9046592139202592E-002 -0.24039242958009022     
  -2.1571571571571573       -3.5520110478019985E-002 -0.27610225274613198     
  -2.1471471471471473       -3.2517531173055385E-002 -0.30666987452021138     
  -2.1371371371371373       -2.9376245478237566E-002 -0.33587287671772459     
  -2.1271271271271273       -2.8063492113679232E-002 -0.36371138228885264     
  -2.1171171171171173       -2.9339632533150403E-002 -0.39025151434784738     
  -2.1071071071071072       -3.5949478653772321E-002 -0.41173777306929460     
  -2.0970970970970972       -3.5466358700099579E-002 -0.42223512954377640     
  -2.0870870870870872       -2.6865939344327818E-002 -0.44111222944992767     
  -2.0770770770770772       -2.3328363696492192E-002 -0.46380078380367756     
  -2.0670670670670672       -2.2484941993467386E-002 -0.48552757914653788     
  -2.0570570570570572       -2.2336612940120074E-002 -0.50539597741452236     
  -2.0470470470470472       -2.1381746584021963E-002 -0.52570246383204622     
  -2.0370370370370372       -2.1395811341080206E-002 -0.54661969965320378     
  -2.0270270270270272       -2.2485241560257611E-002 -0.56785150537082441     
  -2.0170170170170172       -2.6211225700464188E-002 -0.58874174330584117     
  -2.0070070070070072       -2.9142299056817946E-002 -0.59944248641336062     
  -1.9969969969969972       -1.6568066621101579E-002 -0.62675504438901919     
  -1.9869869869869872       -2.1767995197442762E-002 -0.65407642755455087     
  -1.9769769769769772       -2.5017292512800375E-002 -0.67839896677993772     
  -1.9669669669669672       -2.8378498002460631E-002 -0.70438177272238467     
  -1.9569569569569571       -3.3746032621842781E-002 -0.73166766609992129     
  -1.9469469469469471       -4.2184212418268301E-002 -0.75653852073144456     
  -1.9369369369369371       -4.0921865702297784E-002 -0.78057420854432280     
  -1.9269269269269271       -4.0986755205183321E-002 -0.81683392107627373     
  -1.9169169169169171       -4.5948843361695073E-002 -0.85837144758855832     
  -1.9069069069069071       -5.5432640904709826E-002 -0.90566875216951326     
  -1.8968968968968971       -7.0954623725386773E-002 -0.96185398513874765     
  -1.8868868868868871      -0.10566312192599105       -1.0319432261848720     
  -1.8768768768768771      -0.19510150066512050       -1.0862902333316633     
  -1.8668668668668671      -0.22981879437613631       -1.0351186782385515     
  -1.8568568568568571      -0.18102268312075392       -1.1093923624366309     
  -1.8468468468468471      -0.22459846640170084       -1.2576843433823552     
  -1.8368368368368371      -0.40102681821992747       -1.4098708182651263     
  -1.8268268268268271      -0.69415218064314210       -1.3984654711711393     
  -1.8168168168168171      -0.89046873721359066       -1.1830036993399042     
  -1.8068068068068071      -0.83805944015603073      -0.95720867602361859     
  -1.7967967967967970      -0.73235850781710687      -0.98801284851432636     
  -1.7867867867867866      -0.79846504843996746      -0.93828030967455667     
  -1.7767767767767766      -0.73403389679887565      -0.92867774568989725     
  -1.7667667667667666      -0.67173295217953100       -1.0385762477621343     
  -1.7567567567567566      -0.86940711836289808       -1.1938009845618531     
  -1.7467467467467466       -1.0893055450070515       -1.1468294471767881     
  -1.7367367367367366       -1.2895765688618650      -0.99804532454759487     
  -1.7267267267267266       -1.3576833045665093      -0.73271476706647232     
  -1.7167167167167166       -1.1598586477814055      -0.57068979646939344     
  -1.7067067067067065       -1.1655928524770036      -0.77085405919516037     
  -1.6966966966966965       -1.4329162951137682      -0.69487289554874321     
  -1.6866866866866865       -1.5668760988100345      -0.43683600871415290     
  -1.6766766766766765       -1.5569918317133034      -0.12700896745863594     
  -1.6666666666666665       -1.3370732415435296       0.15180295969099156     
  -1.6566566566566565       -1.0436601964112442        5.7144382632698068E-002
  -1.6466466466466465       -1.2442533990572100       -1.7623033936546257E-002
  -1.6366366366366365       -1.3114168424982078       0.34455347679294768     
  -1.6266266266266265       -1.0167783445002316       0.69340217033534490     
  -1.6166166166166165      -0.54087927749231179       0.71767751935863044     
  -1.6066066066066065      -0.27708458405450959       0.50315300528743778     
  -1.5965965965965965      -0.17320088613408846       0.32110720034778012     
  -1.5865865865865865      -0.12356361717480732       0.18686613994635215     
  -1.5765765765765765       -9.5561625078321930E-002   8.3403966347154690E-002
  -1.5665665665665665       -7.8004381212996271E-002  -2.5754774716004928E-004
  -1.5565565565565564       -6.6218838835996913E-002  -7.0577409679839664E-002
  -1.5465465465465464       -5.7951643059636293E-002 -0.13154277177871357     
  -1.5365365365365364       -5.2004524276486615E-002 -0.18576738633539289     
  -1.5265265265265264       -4.7709688558401443E-002 -0.23506967552104852     
  -1.5165165165165164       -4.4735312879287878E-002 -0.28079397415594970     
  -1.5065065065065064       -4.3149473818087029E-002 -0.32392474053169384     
  -1.4964964964964964       -4.3388087129390324E-002 -0.36407621989843025     
  -1.4864864864864864       -4.1950169760072993E-002 -0.40144264617140513     
  -1.4764764764764764       -4.0742997146306650E-002 -0.44071997262583756     
  -1.4664664664664664       -4.2083787468892332E-002 -0.48074118479937089     
  -1.4564564564564564       -4.8062671772565672E-002 -0.52119789805364247     
  -1.4464464464464464       -6.2050790049859826E-002 -0.55250484855711446     
  -1.4364364364364364       -5.7563342430839388E-002 -0.57310050073456376     
  -1.4264264264264264       -4.8739092096644766E-002 -0.61333293726675908     
  -1.4164164164164164       -4.9185123686309902E-002 -0.65823423211163679     
  -1.4064064064064064       -5.6028849743277702E-002 -0.70058331785435712     
  -1.3963963963963963       -5.5670329242064824E-002 -0.74008096158623249     
  -1.3863863863863863       -5.5544907507617189E-002 -0.79092224436048197     
  -1.3763763763763763       -5.9886491718363827E-002 -0.84709518702078457     
  -1.3663663663663663       -6.7567513882774127E-002 -0.90927870571827640     
  -1.3563563563563563       -8.0189403802488401E-002 -0.97993941384574001     
  -1.3463463463463463      -0.10386179032794972       -1.0594661614526539     
  -1.3363363363363363      -0.13047884139452229       -1.1356786043564460     
  -1.3263263263263263      -0.15472028321288059       -1.2490273869601225     
  -1.3163163163163163      -0.22653813526086625       -1.4023886867300122     
  -1.3063063063063063      -0.40210686601618689       -1.5579756837908298     
  -1.2962962962962963      -0.64470158164534663       -1.5974241775685407     
  -1.2862862862862863      -0.83352002214155152       -1.5476148808564563     
  -1.2762762762762763      -0.97725371297047359       -1.5056560899110298     
  -1.2662662662662663       -1.1257582237773072       -1.4415751581968146     
  -1.2562562562562563       -1.2514997654792857       -1.3568600245222384     
  -1.2462462462462462       -1.3584163147514150       -1.2635445090215163     
  -1.2362362362362362       -1.4509972101137703       -1.1642258696429921     
  -1.2262262262262262       -1.5317272240112560       -1.0594132834508743     
  -1.2162162162162162       -1.6023452420091597      -0.94841359187461516     
  -1.2062062062062062       -1.6627117356789851      -0.82966771049069532     
  -1.1961961961961962       -1.7113642272237717      -0.70233909573496189     
  -1.1861861861861862       -1.7491516458255205      -0.56405260189523299     
  -1.1761761761761762       -1.7676132372850859      -0.40593374198941490     
  -1.1661661661661662       -1.7431515266432913      -0.22504821103376718     
  -1.1561561561561562       -1.6244325291194535       -6.8943945101347492E-002
  -1.1461461461461462       -1.5406520429078348       -3.9489824049554680E-002
  -1.1361361361361362       -1.4573806127441549        8.0003345866226760E-002
  -1.1261261261261262       -1.2824665553640076        2.4546729714694560E-002
  -1.1161161161161162       -1.3826365094830642      -0.11393905983894898     
  -1.1061061061061062       -1.5730110121233181        4.4256854838621691E-002
  -1.0960960960960962       -1.5339631517350525       0.30392733883795281     
  -1.0860860860860861       -1.3862438026614010       0.40423325585435588     
  -1.0760760760760761       -1.3082365551409729       0.51502020196312703     
  -1.0660660660660661       -1.2556705465218547       0.52814250382782302     
  -1.0560560560560561       -1.2418477024123313       0.77836555168901000     
  -1.0460460460460461      -0.94696630107094915        1.0215659542775171     
  -1.0360360360360361      -0.52490727374999646        1.0063657358430391     
  -1.0260260260260261      -0.27885846460017244       0.78939921206336261     
  -1.0160160160160161      -0.17967728501042174       0.60095247619605663     
  -1.0060060060060061      -0.13156304594437604       0.45868029623318612     
 -0.99599599599599564      -0.10394526330876985       0.34671724459183950     
 -0.98598598598598564       -8.6316514962839624E-002  0.25457539275777985     
 -0.97597597597597563       -7.4266581585051575E-002  0.17601374913875706     
 -0.96596596596596562       -6.5648439757540034E-002  0.10714212827345063     
 -0.95595595595595562       -5.9300029972427865E-002   4.5392795034553048E-002
 -0.94594594594594561       -5.4542011978485704E-002  -1.1019581830324629E-002
 -0.93593593593593560       -5.0954267588910869E-002  -6.3394983217316778E-002
 -0.92592592592592560       -4.8266575969953644E-002 -0.11272081201964304     
 -0.91591591591591559       -4.6301162946573389E-002 -0.15977802667956442     
 -0.90590590590590558       -4.4940948156129354E-002 -0.20520998144581482     
 -0.89589589589589558       -4.4111610488158454E-002 -0.24956981263900035     
 -0.88588588588588557       -4.3771893443013805E-002 -0.29335555907543698     
 -0.87587587587587556       -4.3909845746036319E-002 -0.33703897676973671     
 -0.86586586586586556       -4.4545315107857697E-002 -0.38109278320120166     
 -0.85585585585585555       -4.5743821708016601E-002 -0.42602133377013490     
 -0.84584584584584555       -4.7663944823577914E-002 -0.47239926151300021     
 -0.83583583583583554       -5.0739909855473511E-002 -0.52088020360122900     
 -0.82582582582582553       -5.6196432336710470E-002 -0.57141039652707648     
 -0.81581581581581553       -6.1264319089476590E-002 -0.62176533190442584     
 -0.80580580580580552       -6.5201496437900006E-002 -0.68037450171449432     
 -0.79579579579579551       -7.4682141950508499E-002 -0.74715828207997070     
 -0.78578578578578551       -9.4602063395957878E-002 -0.82266603198287391     
 -0.77577577577577550      -0.13864858501188471      -0.89385250921945492     
 -0.76576576576576549      -0.15800786090844515      -0.92791251701612432     
 -0.75575575575575549      -0.14909823570859485       -1.0274946294860894     
 -0.74574574574574548      -0.18801031153504144       -1.1660508661927487     
 -0.73573573573573547      -0.28362072428821999       -1.3061838810173729     
 -0.72572572572572547      -0.42022628743392437       -1.4610268130094219     
 -0.71571571571571546      -0.67329133985497780       -1.5480793652157543     
 -0.70570570570570545      -0.90483255312028488       -1.5178069730527444     
 -0.69569569569569545       -1.0855224279648810       -1.4452352177514884     
 -0.68568568568568544       -1.2300631267659838       -1.3574981004504050     
 -0.67567567567567544       -1.3490375010519513       -1.2631511079783551     
 -0.66566566566566543       -1.4488935330340453       -1.1653964351128954     
 -0.65565565565565542       -1.5337161529439616       -1.0655334624777664     
 -0.64564564564564542       -1.6062081908325705      -0.96404851629292043     
 -0.63563563563563541       -1.6682044895729233      -0.86102467068980393     
 -0.62562562562562540       -1.7209506786538706      -0.75631425211471559     
 -0.61561561561561540       -1.7652563054038710      -0.64961363693000429     
 -0.60560560560560539       -1.8015708936908992      -0.54048971495804421     
 -0.59559559559559538       -1.8299952587108794      -0.42837459063903821     
 -0.58558558558558538       -1.8501910795802843      -0.31253376762534912     
 -0.57557557557557537       -1.8609764726231679      -0.19209014965854951     
 -0.56556556556556536       -1.8590350358973884       -6.7596226741958157E-002
 -0.55555555555555536       -1.8482553626186076        5.3653833983683188E-002
 -0.54554554554554535       -1.8328540860260971       0.18917642401794102     
 -0.53553553553553535       -1.7929961751214303       0.33729660681564483     
 -0.52552552552552534       -1.7176603167438869       0.48829684061817696     
 -0.51551551551551533       -1.6193657749371879       0.61181239253220476     
 -0.50550550550550533       -1.5034164840202924       0.77065924466596114     
 -0.49549549549549532       -1.2534410148730470       0.89555744871658438     
 -0.48548548548548531      -0.96898758557118458       0.74612336608055685     
 -0.47547547547547531       -1.1286499497343911       0.56454036860872203     
 -0.46546546546546530       -1.2180009735749893       0.83863300145954500     
 -0.45545545545545529      -0.98523209147715218        1.0987838543425803     
 -0.44544544544544529      -0.59615601687262554        1.1481794790881708     
 -0.43543543543543528      -0.31161765852202089       0.95678239723502023     
 -0.42542542542542527      -0.19550791891482852       0.75797134165137703     
 -0.41541541541541527      -0.14219990198042134       0.60527293587756459     
 -0.40540540540540526      -0.11269483523897260       0.48441870242920143     
 -0.39539539539539525       -9.4308881701806818E-002  0.38420071914952969     
 -0.38538538538538525       -8.1978355659564697E-002  0.29791944915013369     
 -0.37537537537537524       -7.3325349203258408E-002  0.22142550274239281     
 -0.36536536536536524       -6.7097291639403034E-002  0.15198684525960446     
 -0.35535535535535523       -6.2578721858140396E-002   8.7695920822136161E-002
 -0.34534534534534522       -5.9337859488768060E-002   2.7146707038818805E-002
 -0.33533533533533522       -5.7105971208720435E-002  -3.0752095963768222E-002
 -0.32532532532532521       -5.5715689418690019E-002  -8.6892303410894572E-002
 -0.31531531531531520       -5.5068157740288698E-002 -0.14204252082713995     
 -0.30530530530530520       -5.5115711453949445E-002 -0.19690307285802014     
 -0.29529529529529519       -5.5854041327794458E-002 -0.25215001751658450     
 -0.28528528528528518       -5.7321354381331506E-002 -0.30847535969996648     
 -0.27527527527527518       -5.9604272863748919E-002 -0.36662948508672877     
 -0.26526526526526517       -6.2852314308898954E-002 -0.42747246224622915     
 -0.25525525525525516       -6.7305890447206057E-002 -0.49204350080442238     
 -0.24524524524524516       -7.3348818363683205E-002 -0.56166380087109025     
 -0.23523523523523515       -8.1610197986742933E-002 -0.63810048710674327     
 -0.22522522522522515       -9.3176247079742508E-002 -0.72384572829267413     
 -0.21521521521521514      -0.11007723616791310      -0.82262179599830965     
 -0.20520520520520513      -0.13657111319217449      -0.94033107993498632     
 -0.19519519519519513      -0.18320109406259064       -1.0866403843884389     
 -0.18518518518518512      -0.28201712701711146       -1.2730374585176203     
 -0.17517517517517511      -0.50955853710669152       -1.4529566423697446     
 -0.16516516516516511      -0.80348273036005813       -1.4837899968753232     
 -0.15515515515515510       -1.0383393684844224       -1.4181482861483841     
 -0.14514514514514509       -1.2175601716129292       -1.3199250035631509     
 -0.13513513513513509       -1.3572633765778237       -1.2077395527579862     
 -0.12512512512512508       -1.4651481887279498       -1.0845017115638098     
 -0.11511511511511507       -1.5320111860303012      -0.94634055983657084     
 -0.10510510510510507       -1.5101138490126962      -0.84168793394845887     
  -9.5095095095095061E-002  -1.5623142861351140      -0.85831115505127509     
  -8.5085085085085055E-002  -1.6664094130966471      -0.77869262109236903     
  -7.5075075075075048E-002  -1.7161431262408291      -0.67990445939367572     
  -6.5065065065065042E-002  -1.7660869019636716      -0.60690661393552947     
  -5.5055055055055035E-002  -1.8163010739558672      -0.51314160483541327     
  -4.5045045045045029E-002  -1.8499915906813582      -0.41631832123696061     
  -3.5035035035035023E-002  -1.8736544998682190      -0.32143470398444329     
  -2.5025025025025016E-002  -1.8901052053324945      -0.22824770831023306     
  -1.5015015015015010E-002  -1.9004479185809404      -0.13618099047225676     
  -5.0050050050050032E-003  -1.9049607174388890       -4.5015063239938410E-002
   5.0050050050050032E-003  -1.9049617934590048        4.4952799688298156E-002
   1.5015015015015010E-002  -1.9004523102419455       0.13611843308294852     
   2.5025025025025016E-002  -1.8901128813718107       0.22818540484424651     
   3.5035035035035023E-002  -1.8736655579701995       0.32137277185731050     
   4.5045045045045029E-002  -1.8500064504297258       0.41625685688923414     
   5.5055055055055035E-002  -1.8163208853424151       0.51308097666342545     
   6.5065065065065042E-002  -1.7661137616503568       0.60685014590599129     
   7.5075075075075048E-002  -1.7161685161439657       0.67985340157798890     
   8.5085085085085055E-002  -1.6664471757773880       0.77864163369028117     
   9.5095095095095061E-002  -1.5623684023621294       0.85829658130765329     
  0.10510510510510507       -1.5100784662868896       0.84168220838581076     
  0.11511511511511507       -1.5320122114175592       0.94627521070729204     
  0.12512512512512508       -1.4651703132007725        1.0844485833217712     
  0.13513513513513509       -1.3572885806455157        1.2076973882228659     
  0.14514514514514509       -1.2175831747358092        1.3198910826198120     
  0.15515515515515510       -1.0383561803293533        1.4181207718777562     
  0.16516516516516511      -0.80348823080774168        1.4837648837139967     
  0.17517517517517511      -0.50955169237547737        1.4529215573269241     
  0.18518518518518512      -0.28201420917509495        1.2729901656493794     
  0.19519519519519513      -0.18320192013003045        1.0865904063523397     
  0.20520520520520513      -0.13657313794480880       0.94027903279654268     
  0.21521521521521514      -0.11007980086968266       0.82256730505988052     
  0.22522522522522515       -9.3179184661311629E-002  0.72378844979031121     
  0.23523523523523515       -8.1613481687814876E-002  0.63804009641016712     
  0.24524524524524516       -7.3352473181069008E-002  0.56159995393231044     
  0.25525525525525516       -6.7309967857307168E-002  0.49197580953658676     
  0.26526526526526517       -6.2856885584868988E-002  0.42740047604282400     
  0.27527527527527518       -5.9609429322858815E-002  0.36655267289707216     
  0.28528528528528518       -5.7327211292560333E-002  0.30839308933220583     
  0.29529529529529519       -5.5860744862925547E-002  0.25206152952554051     
  0.30530530530530520       -5.5123449258913680E-002  0.19680744609807269     
  0.31531531531531520       -5.5077174659703930E-002  0.14193862572078411     
  0.32532532532532521       -5.5726311180790529E-002   8.6778737050367830E-002
  0.33533533533533522       -5.7118641029061265E-002   3.0627089813952128E-002
  0.34534534534534522       -5.9353196559097460E-002  -2.7285421906585720E-002
  0.35535535535535523       -6.2597618645596195E-002  -8.7851316527917125E-002
  0.36536536536536524       -6.7121083734188972E-002 -0.15216291313409822     
  0.37537537537537524       -7.3356129555226413E-002 -0.22162776618962240     
  0.38538538538538525       -8.2019598932190213E-002 -0.29815583593654393     
  0.39539539539539525       -9.4366800706049275E-002 -0.38448312485318220     
  0.40540540540540526      -0.11278168528828426      -0.48476593975103710     
  0.41541541541541527      -0.14234332934223470      -0.60571637483048113     
  0.42542542542542527      -0.19578295135560464      -0.75856281654571001     
  0.43543543543543528      -0.31227155905819226      -0.95755076155208052     
  0.44544544544544529      -0.59759041688775572       -1.1485197382956291     
  0.45545545545545529      -0.98647720989723620       -1.0980949848047297     
  0.46546546546546530       -1.2184044556521816      -0.83743369290321723     
  0.47547547547547531       -1.1276594999059399      -0.56414030871680931     
  0.48548548548548531      -0.96946412217778621      -0.74727329940789033     
  0.49549549549549532       -1.2547095492922229      -0.89533444097966997     
  0.50550550550550533       -1.5041079640657058      -0.76991538034658125     
  0.51551551551551533       -1.6196426445439973      -0.61119413782535470     
  0.52552552552552534       -1.7179462262936884      -0.48772630495204400     
  0.53553553553553535       -1.7931796272426614      -0.33672148745656461     
  0.54554554554554535       -1.8329692963749979      -0.18863126124066995     
  0.55555555555555536       -1.8483404809082613       -5.3127783395223102E-002
  0.56556556556556536       -1.8590700319755060        6.8141822341983252E-002
  0.57557557557557537       -1.8609493307726785       0.19261999928830223     
  0.58558558558558538       -1.8501202007067878       0.31304365169414972     
  0.59559559559559538       -1.8298875357424391       0.42886827811275707     
  0.60560560560560539       -1.8014287122379673       0.54097035119786019     
  0.61561561561561540       -1.7650799417654632       0.65008358433044033     
  0.62562562562562540       -1.7207389229566761       0.75677528579348585     
  0.63563563563563541       -1.6679547297021202       0.86147805515942977     
  0.64564564564564542       -1.6059162195255932       0.96449495815248809     
  0.65565565565565542       -1.5333757072738743        1.0659729089235339     
  0.66566566566566543       -1.4484954417603295        1.1658276011334798     
  0.67567567567567544       -1.3485681360463906        1.2635703961748652     
  0.68568568568568544       -1.2295015015760082        1.3578969534225551     
  0.69569569569569545       -1.0848346114778200        1.4455926182997321     
  0.70570570570570545      -0.90396289760479431        1.5180636237588478     
  0.71571571571571546      -0.67219177827318011        1.5480349729047009     
  0.72572572572572547      -0.41935149646981174        1.4603555687146406     
  0.73573573573573547      -0.28316609069559784        1.3056626936479239     
  0.74574574574574548      -0.18771935892758648        1.1654402067255534     
  0.75575575575575549      -0.14902480750077324        1.0269798165788611     
  0.76576576576576549      -0.15808950722479431       0.92764731858715987     
  0.77577577577577550      -0.13843990298750777       0.89367634049774081     
  0.78578578578578551       -9.4473336563325530E-002  0.82235399447465996     
  0.79579579579579551       -7.4624617278757632E-002  0.74687847619958303     
  0.80580580580580552       -6.5173119153764322E-002  0.68013058068793608     
  0.81581581581581553       -6.1253148669766277E-002  0.62156391857361326     
  0.82582582582582553       -5.6164111117515139E-002  0.57122258443489493     
  0.83583583583583554       -5.0720578572327403E-002  0.52069707866126247     
  0.84584584584584555       -4.7651312338999656E-002  0.47222859640162523     
  0.85585585585585555       -4.5734589336822784E-002  0.42586077298794445     
  0.86586586586586556       -4.4538348308338221E-002  0.38094001529632920     
  0.87587587587587556       -4.3904633775322235E-002  0.33689215037426840     
  0.88588588588588557       -4.3768167541322671E-002  0.29321312352433471     
  0.89589589589589558       -4.4109228703390548E-002  0.24943039383029719     
  0.90590590590590558       -4.4939854332125426E-002  0.20507229411810718     
  0.91591591591591559       -4.6301373475572692E-002  0.15964080337516856     
  0.92592592592592560       -4.8268181747289578E-002  0.11258273509745145     
  0.93593593593593560       -5.0957449219383867E-002   6.3254608733244205E-002
  0.94594594594594561       -5.4547072164910948E-002   1.0875242541861008E-002
  0.95595595595595562       -5.9307454071106908E-002  -4.5543126273220470E-002
  0.96596596596596562       -6.5659008993888004E-002 -0.10730104665207714     
  0.97597597597597563       -7.4281594747531779E-002 -0.17618475706619915     
  0.98598598598598564       -8.6338256373749339E-002 -0.25476348835759083     
  0.99599599599599564      -0.10397809798249993      -0.34693000483493830     
   1.0060060060060056      -0.13161636134673502      -0.45892994335109627     
   1.0160160160160157      -0.17977495889592940      -0.60125934029637751     
   1.0260260260260257      -0.27907544968972631      -0.78978707225710476     
   1.0360360360360357      -0.52543712417140409       -1.0067013775404894     
   1.0460460460460457      -0.94754284571917624       -1.0214844724999863     
   1.0560560560560557       -1.2422001286523914      -0.77813371617161586     
   1.0660660660660657       -1.2558691311390058      -0.52788121761404694     
   1.0760760760760757       -1.3082470988551913      -0.51485226552245678     
   1.0860860860860857       -1.3863297772232701      -0.40429509636052002     
   1.0960960960960957       -1.5341689213272613      -0.30380162111725972     
   1.1061061061061057       -1.5730651394137085       -4.4146559394778503E-002
   1.1161161161161157       -1.3830148449107114       0.11387747304453957     
   1.1261261261261257       -1.2818636020201495       -2.4307047468025849E-002
   1.1361361361361357       -1.4582436722258987       -8.0129279065628597E-002
   1.1461461461461457       -1.5399492137920985        3.9995337695794185E-002
   1.1561561561561557       -1.6248041837500731        6.8916883547993149E-002
   1.1661661661661658       -1.7432429959210898       0.22535112409869365     
   1.1761761761761758       -1.7675356121079180       0.40620345066614988     
   1.1861861861861858       -1.7489272427628006       0.56412939603229184     
   1.1961961961961958       -1.7115879710360442       0.70234150772755111     
   1.2062062062062058       -1.6626690301046609       0.82998643283106133     
   1.2162162162162158       -1.6020955818547704       0.94853736475703965     
   1.2262262262262258       -1.5317287920531162        1.0593955913559412     
   1.2362362362362358       -1.4509474738656765        1.1643733746693490     
   1.2462462462462458       -1.3583004820986639        1.2636720641231167     
   1.2562562562562558       -1.2513439815523841        1.3569640453028862     
   1.2662662662662658       -1.1255446341867823        1.4416307644631297     
   1.2762762762762758      -0.97705113039895042        1.5055195801414103     
   1.2862862862862858      -0.83358449051334038        1.5477077432627249     
   1.2962962962962958      -0.64444218780039553        1.5975120173996373     
   1.3063063063063058      -0.40182488086218332        1.5578237842235616     
   1.3163163163163158      -0.22643686902349255        1.4021300240527648     
   1.3263263263263259      -0.15476960636462220        1.2487887735383667     
   1.3363363363363359      -0.13069112492820950        1.1356317500157345     
   1.3463463463463459      -0.10381436995280620        1.0595097692067268     
   1.3563563563563559       -8.0163958446284031E-002  0.97989598418505430     
   1.3663663663663659       -6.7560595307912197E-002  0.90923352338040497     
   1.3763763763763759       -5.9887315633414991E-002  0.84705170522726625     
   1.3863863863863859       -5.5557458100483584E-002  0.79087946963422495     
   1.3963963963963959       -5.5713064788363041E-002  0.74006554616708176     
   1.4064064064064059       -5.5976352219090808E-002  0.70061141752764566     
   1.4164164164164168       -4.9153276521577201E-002  0.65817589021203915     
   1.4264264264264268       -4.8747593342422776E-002  0.61327031145264743     
   1.4364364364364368       -5.7621270150603608E-002  0.57306770608296587     
   1.4464464464464468       -6.2028494861835919E-002  0.55254544921539961     
   1.4564564564564568       -4.8035657137200358E-002  0.52116512581948349     
   1.4664664664664668       -4.2077273464587818E-002  0.48070403197328054     
   1.4764764764764768       -4.0745598095372516E-002  0.44068382424567776     
   1.4864864864864868       -4.1965046955653437E-002  0.40141332582593342     
   1.4964964964964969       -4.3386320827427938E-002  0.36406392347613470     
   1.5065065065065069       -4.3145860313321717E-002  0.32389728468301304     
   1.5165165165165169       -4.4735351332787089E-002  0.28076444425017211     
   1.5265265265265269       -4.7711091008776060E-002  0.23503886431388260     
   1.5365365365365369       -5.2006838883891994E-002  0.18573465658967273     
   1.5465465465465469       -5.7954944885172784E-002  0.13150732128266768     
   1.5565565565565569       -6.6223482234788272E-002   7.0538196424890454E-002
   1.5665665665665669       -7.8011083205912685E-002   2.1307892640037724E-004
   1.5765765765765769       -9.5571825819063899E-002  -8.3456004045838111E-002
   1.5865865865865869      -0.12358052055491459      -0.18692958204037713     
   1.5965965965965969      -0.17323288347794663      -0.32118859223186225     
   1.6066066066066069      -0.27715873663602425      -0.50326005850233990     
   1.6166166166166169      -0.54107335052720584      -0.71776027041973434     
   1.6266266266266269       -1.0169842451314226      -0.69327449440371647     
   1.6366366366366369       -1.3114212873499878      -0.34432386244983332     
   1.6466466466466469       -1.2439490739289913        1.7654253304044163E-002
   1.6566566566566570       -1.0437977832668575       -5.7630363353939555E-002
   1.6666666666666670       -1.3375730118106388      -0.15163046751578851     
   1.6766766766766770       -1.5571141336376617       0.12744880761022820     
   1.6866866866866870       -1.5665937389507025       0.43734201585066934     
   1.6966966966966970       -1.4319392735239873       0.69504047720694140     
   1.7067067067067070       -1.1645417124742177       0.76887267548371019     
   1.7167167167167170       -1.1632357828938240       0.56956101795900904     
   1.7267267267267270       -1.3587516687151480       0.73554904866072057     
   1.7367367367367370       -1.2879674153464060        1.0000641564370008     
   1.7467467467467470       -1.0862945429739725        1.1467205869456787     
   1.7567567567567570      -0.86643005023705300        1.1890245400530832     
   1.7667667667667670      -0.68376831215665590        1.0328735694042488     
   1.7767767767767770      -0.73098567044017237       0.94554108931984648     
   1.7867867867867870      -0.78701576705485088       0.93666261154165908     
   1.7967967967967970      -0.73213647296777395       0.97384898721329638     
   1.8068068068068071      -0.84843387956001270       0.96119657360337285     
   1.8168168168168171      -0.88988253630992176        1.1876916019533070     
   1.8268268268268271      -0.69155842420680447        1.4001116495083368     
   1.8368368368368371      -0.39869114058150407        1.4087781967481829     
   1.8468468468468471      -0.22417340909296060        1.2556545261587806     
   1.8568568568568571      -0.18235238014204302        1.1074104626852666     
   1.8668668668668671      -0.23368071379698546        1.0362778021542263     
   1.8768768768768771      -0.19288838229759767        1.0887178711492955     
   1.8868868868868871      -0.10457724957403018        1.0314587906428436     
   1.8968968968968971       -7.0721316241528651E-002  0.96138320111530151     
   1.9069069069069071       -5.5326290124135653E-002  0.90538214543241791     
   1.9169169169169171       -4.5981104038307630E-002  0.85800948809772004     
   1.9269269269269271       -4.1296241662690199E-002  0.81644049907464467     
   1.9369369369369371       -4.1913202948855546E-002  0.78066803577985244     
   1.9469469469469471       -4.1601409614009370E-002  0.75771231781303039     
   1.9569569569569571       -3.3213412200776525E-002  0.73149951896276810     
   1.9669669669669672       -2.8198362042587102E-002  0.70410854555371549     
   1.9769769769769772       -2.5006129966387611E-002  0.67813869425624751     
   1.9869869869869872       -2.1921344344382209E-002  0.65381513514978018     
   1.9969969969969972       -1.7071946671813006E-002  0.62674646002438872     
   2.0070070070070072       -2.8987182372833969E-002  0.59993493149137878     
   2.0170170170170172       -2.6026481691492555E-002  0.58871652414340037     
   2.0270270270270272       -2.2429614098600822E-002  0.56779833840842941     
   2.0370370370370372       -2.1375948217491971E-002  0.54658044487088286     
   2.0470470470470472       -2.1373331538153025E-002  0.52567122348848860     
   2.0570570570570572       -2.2331592226856451E-002  0.50536483226044904     
   2.0670670670670672       -2.2490686127530114E-002  0.48548651225459005     
   2.0770770770770772       -2.3359908855809984E-002  0.46375106472129807     
   2.0870870870870872       -2.6972559065917705E-002  0.44107861306745866     
   2.0970970970970972       -3.5529451024665600E-002  0.42243878505403110     
   2.1071071071071072       -3.5825211022925199E-002  0.41174956396183671     
   2.1171171171171173       -2.9298242480167790E-002  0.39020826131004616     
   2.1271271271271273       -2.8052627684982130E-002  0.36367349586482273     
   2.1371371371371373       -2.9381203536392130E-002  0.33583942538990541     
   2.1471471471471473       -3.2536716063157126E-002  0.30665780512268043     
   2.1571571571571573       -3.5507790193564995E-002  0.27608539802063869     
   2.1671671671671673       -3.9047037118112658E-002  0.24035828278396892     
   2.1771771771771773       -4.4838116634649948E-002  0.19939327188318254     
   2.1871871871871873       -5.3310451109594210E-002  0.15162917678662921     
   2.1971971971971973       -6.5886485312326493E-002   9.4218062881604461E-002
   2.2072072072072073       -8.5696273353703598E-002   2.2616562531345957E-002
   2.2172172172172173      -0.12025232598827987       -7.0667609525359054E-002
   2.2272272272272273      -0.19128329455368909      -0.19542189313172728     
   2.2372372372372373      -0.34500027902568225      -0.32818817280964108     
   2.2472472472472473      -0.59183399776079404      -0.46171913314158125     
   2.2572572572572573       -1.0597674754147743      -0.36750872001670054     
   2.2672672672672673       -1.2861506879015996        6.9538278793557284E-002
   2.2772772772772774       -1.1260295368100048       0.45168425502679971     
   2.2872872872872874      -0.88011716017361086       0.39436598771980574     
   2.2972972972972974       -1.1014045093001963       0.34597698878164790     
   2.3073073073073074       -1.1386627391341246       0.62544231591005872     
   2.3173173173173174       -1.1119340034611849       0.75122196852106149     
   2.3273273273273274       -1.0543592690126109       0.95022915488183912     
   2.3373373373373374      -0.91998683400574532        1.1694104201375277     
   2.3473473473473474      -0.61461932455514678        1.2545351033590646     
   2.3573573573573574      -0.44232997436469912        1.1059258961248892     
   2.3673673673673674      -0.43476123833514319        1.1151680694321346     
   2.3773773773773774      -0.28066629425318568        1.0900645291168161     
   2.3873873873873874      -0.20810742471056332        1.0336495177729830     
   2.3973973973973974      -0.12775869724741318       0.95277998147471521     
   2.4074074074074074       -9.7995016348320321E-002  0.86010171374167110     
   2.4174174174174174       -9.7996406558683483E-002  0.77466879966760815     
   2.4274274274274275      -0.13607489553990379       0.68844467125251552     
   2.4374374374374375      -0.27215170579336567       0.64488223015716739     
   2.4474474474474475      -0.34837270695991718       0.84586250403734387     
   2.4574574574574575      -0.16935434147309089       0.90677367832707789     
   2.4674674674674675       -8.6932950273080498E-002  0.83978691302050246     
   2.4774774774774775       -5.9058836802554138E-002  0.78067741006625135     
   2.4874874874874875       -5.0141477261559882E-002  0.73194977996097799     
   2.4974974974974975       -5.4094926220040584E-002  0.68685644472995044     
   2.5075075075075075       -8.2560038762854185E-002  0.64361206648716462     
   2.5175175175175175      -0.15436718795579868       0.65678222290461352     
   2.5275275275275275      -0.11704061617760952       0.73072181451430629     
   2.5375375375375375       -6.7724757963952567E-002  0.70405290182453961     
   2.5475475475475475       -6.7373476007593025E-002  0.68254702265202571     
   2.5575575575575575       -4.8152651399366413E-002  0.67843309100838656     
   2.5675675675675675       -3.6637464613486083E-002  0.65239537066875153     
   2.5775775775775776       -4.5677078946324459E-002  0.63338579263995687     
   2.5875875875875876       -4.2895580535774927E-002  0.64115628993418661     
   2.5975975975975976       -2.5616728061109983E-002  0.62733278622674138     
   2.6076076076076076       -1.9917762630137836E-002  0.60854097569035037     
   2.6176176176176176       -1.9418186209628145E-002  0.59080380032004853     
   2.6276276276276276       -2.4264737257157606E-002  0.57290197897622464     
   2.6376376376376376       -4.3146222481377186E-002  0.55866409565022690     
   2.6476476476476476       -6.2121682362906550E-002  0.58428941939399337     
   2.6576576576576576       -3.2174430083656391E-002  0.59349558915300660     
   2.6676676676676676       -1.7940813789161337E-002  0.57889394506578551     
   2.6776776776776776       -1.2848082418330612E-002  0.56575875611996440     
   2.6876876876876876       -1.0630833466093901E-002  0.55487393942619867     
   2.6976976976976976       -9.4363455741092537E-003  0.54575899577754705     
   2.7077077077077076       -8.3355574941096217E-003  0.53742527859181988     
   2.7177177177177176       -7.6272450901036827E-003  0.52959142696880457     
   2.7277277277277276       -7.1386792974587393E-003  0.52226871994054180     
   2.7377377377377377       -6.7714588175329963E-003  0.51534724518447628     
   2.7477477477477477       -6.4843586433551747E-003  0.50874118323052897     
   2.7577577577577577       -6.2569052075391153E-003  0.50238647824987992     
   2.7677677677677677       -6.0787004621641475E-003  0.49623206648775375     
   2.7777777777777777       -5.9470287555144297E-003  0.49023405139430926     
   2.7877877877877877       -5.8724437257889704E-003  0.48435483093258214     
   2.7977977977977977       -5.8796417290555604E-003  0.47860608029087920     
   2.8078078078078077       -5.8423780685127377E-003  0.47296222243142305     
   2.8178178178178177       -5.8858021279643482E-003  0.46730277404590709     
   2.8278278278278277       -5.8725706889382811E-003  0.46167903269390004     
   2.8378378378378377       -5.9151704072362490E-003  0.45586740336062076     
   2.8478478478478477       -6.0742856958146910E-003  0.44991353228263625     
   2.8578578578578577       -6.3453492266991127E-003  0.44374959315461904     
   2.8678678678678677       -6.7615592377679610E-003  0.43726235890030429     
   2.8778778778778777       -7.3920090020730715E-003  0.43029093005790348     
   2.8878878878878878       -8.3676719456446860E-003  0.42259320320049060     
   2.8978978978978978       -9.9556870284476153E-003  0.41378146313831421     
   2.9079079079079078       -1.2778239863781205E-002  0.40320107434560837     
   2.9179179179179178       -1.8589321796222136E-002  0.38979372215857394     
   2.9279279279279278       -3.3318379989174418E-002  0.37365300283981390     
   2.9379379379379378       -6.0902532318903052E-002  0.37312126646632154     
   2.9479479479479478       -7.4507840646179657E-002  0.37182788258552407     
   2.9579579579579578      -0.10716301399281791       0.39716954221649481     
   2.9679679679679678       -9.6725079268877204E-002  0.40278945231371360     
   2.9779779779779778      -0.14397368226016752       0.42717721168030959     
   2.9879879879879878      -0.11067376917230311       0.50155476968501322     
   2.9979979979979978       -4.9625600798852719E-002  0.49758308388362016     
   3.0080080080080087       -2.6589836673718351E-002  0.47369173212041549     
   3.0180180180180187       -1.8184337336072550E-002  0.45498943189263924     
   3.0280280280280287       -1.5015399539847360E-002  0.43992581491572363     
   3.0380380380380387       -1.4812223573839552E-002  0.42622939322340397     
   3.0480480480480487       -1.8115769967414968E-002  0.41199131744772621     
   3.0580580580580587       -2.9909693257571087E-002  0.39612182514822386     
   3.0680680680680688       -6.3549608152627876E-002  0.39393109988302683     
   3.0780780780780788       -7.1429638631439182E-002  0.43910240838270237     
   3.0880880880880888       -3.6364142407100661E-002  0.44441052721443330     
   3.0980980980980988       -2.7475254674920260E-002  0.42736457529800248     
   3.1081081081081088       -3.7622683534863227E-002  0.42128916396138305     
   3.1181181181181188       -3.4227224972508900E-002  0.42879229939673463     
   3.1281281281281288       -3.1871593998099565E-002  0.43314833157579324     
   3.1381381381381388       -1.7253797366248758E-002  0.43219274509874406     
   3.1481481481481488       -1.0553304901250107E-002  0.42289264730684456     
   3.1581581581581588       -8.3047775148131948E-003  0.41465748768217214     
   3.1681681681681688       -7.9534770474612073E-003  0.40724858140056708     
   3.1781781781781788       -9.6099554631834672E-003  0.39984368543369653     
   3.1881881881881888       -1.6416032541529769E-002  0.39298119326992770     
   3.1981981981981988       -2.8624943641922741E-002  0.40054839342905041     
   3.2082082082082088       -1.6964162888842858E-002  0.41061939797019392     
   3.2182182182182189       -8.6279286047545884E-003  0.40501886067600895     
   3.2282282282282289       -5.7767022485020990E-003  0.39922399130416086     
   3.2382382382382389       -4.5828523602678790E-003  0.39446139665617469     
   3.2482482482482489       -4.0146936470564039E-003  0.39034680449602577     
   3.2582582582582589       -3.8136846977344973E-003  0.38659318122566427     
   3.2682682682682689       -4.1036031047616880E-003  0.38307242607200021     
   3.2782782782782789       -5.1269758684067924E-003  0.38062709106022868     
   3.2882882882882889       -4.6350387186296828E-003  0.37885838940027988     
   3.2982982982982989       -4.7793270568209437E-003  0.37665379988593062     
   3.3083083083083089       -3.7625617265895400E-003  0.37493723524734318     
   3.3183183183183189       -3.0468575931466460E-003  0.37214947032199613     
   3.3283283283283289       -2.9116475799098184E-003  0.36947085078579250     
   3.3383383383383389       -2.8585836899270673E-003  0.36728243951640394     
   3.3483483483483489       -2.5170655977293870E-003  0.36498164152374335     
   3.3583583583583589       -2.3478857341826332E-003  0.36262059925947915     
   3.3683683683683689       -2.2561918214374066E-003  0.36033672451348608     
   3.3783783783783790       -2.1946804202996012E-003  0.35811801945554883     
   3.3883883883883890       -2.1491170464084763E-003  0.35594928161610678     
   3.3983983983983990       -2.1142639536670402E-003  0.35381939192104689     
   3.4084084084084090       -2.0880619235872280E-003  0.35171958661646641     
   3.4184184184184190       -2.0701876647108760E-003  0.34964208727428842     
   3.4284284284284290       -2.0624069907955746E-003  0.34757912063189755     
   3.4384384384384390       -2.0722772421124858E-003  0.34552309891534627     
   3.4484484484484490       -2.1240749058699573E-003  0.34348611731693274     
   3.4584584584584590       -2.1448488608335385E-003  0.34153202315392123     
   3.4684684684684690       -2.1098101843837042E-003  0.33948897983929754     
   3.4784784784784790       -2.1379646448356333E-003  0.33739744051941833     
   3.4884884884884890       -2.2320412125964003E-003  0.33531291266232699     
   3.4984984984984990       -2.2621684556390848E-003  0.33325552377541157     
   3.5085085085085090       -2.2904339650848785E-003  0.33104357049829120     
   3.5185185185185190       -2.3870803042742696E-003  0.32872951882972917     
   3.5285285285285291       -2.5450165316091644E-003  0.32629001759152426     
   3.5385385385385391       -2.7867540695845011E-003  0.32366591760788987     
   3.5485485485485491       -3.1678533816565041E-003  0.32076509463091341     
   3.5585585585585591       -3.8152166921570935E-003  0.31743620948363599     
   3.5685685685685691       -5.0676574489623063E-003  0.31342985069217999     
   3.5785785785785791       -8.0363408570701175E-003  0.30857389282576669     
   3.5885885885885891       -1.4609917553646197E-002  0.30596883740813319     
   3.5985985985985991       -1.6902194847485105E-002  0.30484216016519955     
   3.6086086086086091       -2.8579909953257241E-002  0.29969049849151091     
   3.6186186186186191       -3.8359524715764821E-002  0.31585458847438935     
   3.6286286286286291       -3.7513701700532393E-002  0.32088397823864057     
   3.6386386386386391       -2.9563268258188346E-002  0.33733013559653269     
   3.6486486486486491       -1.5632433607554300E-002  0.33219476924961056     
   3.6586586586586591       -1.4949740616297445E-002  0.32507949685270271     
   3.6686686686686691       -1.4779813582335375E-002  0.32779922107224341     
   3.6786786786786791       -8.3006110525012753E-003  0.32485365856237364     
   3.6886886886886892       -6.0712443373749031E-003  0.31933042773188136     
   3.6986986986986992       -5.8417602969513217E-003  0.31403344280335826     
   3.7087087087087092       -7.1588341547232813E-003  0.30841482709677792     
   3.7187187187187192       -1.1715493278685544E-002  0.30186996263726873     
   3.7287287287287292       -2.5453817207313427E-002  0.29888007980657000     
   3.7387387387387392       -3.4876149524858950E-002  0.31570347621272155     
   3.7487487487487492       -2.2233764728697678E-002  0.32975465074296745     
   3.7587587587587592       -1.0208646558703042E-002  0.32540801663955737     
   3.7687687687687692       -6.2402469912785277E-003  0.31949198572543791     
   3.7787787787787792       -5.0811226063365127E-003  0.31469627857222987     
   3.7887887887887892       -5.8051081514669586E-003  0.31060265379999413     
   3.7987987987987992       -8.9723789308429024E-003  0.30954691386494959     
   3.8088088088088092       -6.9933675531464318E-003  0.31111839102699862     
   3.8188188188188192       -5.9992308061958370E-003  0.30863877133413503     
   3.8288288288288292       -5.6301029236694375E-003  0.30873163601845277     
   3.8388388388388393       -3.4405199911506355E-003  0.30693585191072009     
   3.8488488488488493       -2.6614145890856669E-003  0.30442500557059665     
   3.8588588588588593       -2.5831699129637777E-003  0.30209473277243848     
   3.8688688688688693       -3.2908679884003137E-003  0.30007808690498661     
   3.8788788788788793       -4.0361206099995012E-003  0.29973818794224011     
   3.8888888888888893       -3.5905365966490874E-003  0.29900769455956616     
   3.8988988988988993       -2.6670614902712976E-003  0.29830451620118315     
   3.9089089089089093       -1.9031842704444308E-003  0.29664998874744297     
   3.9189189189189193       -1.6106792029293496E-003  0.29501938372241038     
   3.9289289289289293       -1.4718135442312230E-003  0.29351682128291401     
   3.9389389389389393       -1.3942996743191729E-003  0.29210092192316084     
   3.9489489489489493       -1.3519665531118682E-003  0.29074003289877942     
   3.9589589589589593       -1.3448326507292580E-003  0.28941055734855808     
   3.9689689689689693       -1.4098553100276206E-003  0.28809808417715299     
   3.9789789789789793       -1.6497957758409565E-003  0.28691979790367422     
   3.9889889889889893       -1.7184760321462622E-003  0.28611264690243476     
   3.9989989989989994       -1.4174923616413516E-003  0.28513007979191696     
   4.0090090090090094       -1.2463730097281567E-003  0.28392004844453123     
   4.0190190190190194       -1.1781686042064111E-003  0.28273287360336796     
   4.0290290290290294       -1.1426446862696500E-003  0.28157988739707318     
   4.0390390390390394       -1.1202473269187464E-003  0.28045118391762036     
   4.0490490490490494       -1.1046962842149427E-003  0.27933985888258012     
   4.0590590590590594       -1.0936405216958255E-003  0.27824123932990757     
   4.0690690690690694       -1.0862395833187734E-003  0.27715169823106067     
   4.0790790790790794       -1.0825213532164558E-003  0.27606792000778890     
   4.0890890890890894       -1.0835196541432014E-003  0.27498632361570557     
   4.0990990990990994       -1.0926545898120013E-003  0.27390251136456079     
   4.1091091091091094       -1.1218699331917543E-003  0.27281300675986503     
   4.1191191191191194       -1.1971791251606911E-003  0.27175250559040187     
   4.1291291291291294       -1.1983533522193397E-003  0.27074446047419387     
   4.1391391391391394       -1.2179018684399039E-003  0.26962966285133444     
   4.1491491491491495       -1.3600538974444228E-003  0.26858344473336454     
   4.1591591591591595       -1.3039324931180512E-003  0.26764427499568855     
   4.1691691691691695       -1.2341596873360371E-003  0.26648268673254233     
   4.1791791791791795       -1.2491564693756644E-003  0.26526644737241634     
   4.1891891891891895       -1.3078239241472785E-003  0.26400370983683213     
   4.1991991991991995       -1.4097369882881611E-003  0.26266505562482073     
   4.2092092092092095       -1.5765051466350927E-003  0.26120638961422238     
   4.2192192192192195       -1.8609409193125620E-003  0.25955645834125485     
   4.2292292292292295       -2.3929130380087589E-003  0.25759023352444427     
   4.2392392392392395       -3.5453883046179017E-003  0.25508858721095234     
   4.2492492492492495       -6.6314366326616836E-003  0.25189542812822452     
   4.2592592592592595       -1.5489620834194390E-002  0.25176241582685321     
   4.2692692692692695       -1.6076099549919811E-002  0.26485504869667342     
   4.2792792792792795       -7.2514075511687136E-003  0.26494603985232135     
   4.2892892892892895       -4.4788137515972271E-003  0.26123032187590822     
   4.2992992992992995       -4.2468795541609769E-003  0.25777645403117577     
   4.3093093093093096       -6.3528038150603063E-003  0.25460728375807962     
   4.3193193193193196       -1.1430347148664775E-002  0.25572101641526979     
   4.3293293293293296       -1.0276655659680771E-002  0.26143649534400065     
   4.3393393393393396       -5.0959422710143429E-003  0.26107335113267083     
   4.3493493493493496       -3.1514683470261688E-003  0.25830865702217992     
   4.3593593593593596       -2.6048333626192549E-003  0.25580915889759043     
   4.3693693693693696       -2.6979871987385792E-003  0.25341554418260132     
   4.3793793793793796       -3.5448735207066497E-003  0.25080429836241863     
   4.3893893893893896       -6.3701953540881576E-003  0.24792868865390896     
   4.3993993993993996       -1.3337669509137997E-002  0.24925555533387481     
   4.4094094094094096       -1.2645833140487849E-002  0.25822134422357951     
   4.4194194194194196       -5.7511344704746260E-003  0.25876722135663000     
   4.4294294294294296       -3.0810818821352302E-003  0.25610756594764167     
   4.4394394394394396       -2.1170276061867233E-003  0.25392725136169864     
   4.4494494494494496       -1.7108031526732587E-003  0.25216475337481931     
   4.4594594594594597       -1.5648893155514423E-003  0.25061989402085993     
   4.4694694694694697       -1.6571629555845249E-003  0.24915444209683937     
   4.4794794794794797       -2.2637386297457819E-003  0.24778352263812861     
   4.4894894894894897       -3.3960043235160137E-003  0.24762376497703711     
   4.4994994994994997       -3.0072909659819200E-003  0.24827914451071828     
   4.5095095095095097       -1.7547150178749164E-003  0.24760891251795783     
   4.5195195195195197       -1.2482831165029067E-003  0.24642029396337195     
   4.5295295295295297       -1.0498839900206721E-003  0.24534665251126486     
   4.5395395395395397       -9.5364994682703332E-004  0.24437177633165483     
   4.5495495495495497       -9.0339195642244452E-004  0.24345780628574062     
   4.5595595595595597       -8.8794585182234466E-004  0.24258000605618302     
   4.5695695695695697       -9.3405929327435770E-004  0.24173456784157180     
   4.5795795795795797       -1.0368831372589093E-003  0.24106336960660404     
   4.5895895895895897       -8.9727272333580831E-004  0.24040782418771281     
   4.5995995995995997       -8.1672183016794281E-004  0.23961653788079662     
   4.6096096096096097       -8.0378460551274301E-004  0.23883414738877595     
   4.6196196196196198       -8.5539944452475637E-004  0.23809769117303764     
   4.6296296296296298       -8.4433254232179364E-004  0.23749034520625437     
   4.6396396396396398       -7.5761300167566544E-004  0.23678575053790968     
   4.6496496496496498       -7.2239450737702127E-004  0.23606236105112674     
   4.6596596596596598       -7.0566321093698753E-004  0.23535242237221424     
   4.6696696696696698       -6.9618188667169032E-004  0.23465313016720618     
   4.6796796796796798       -6.9162973749673884E-004  0.23396076784647271     
   4.6896896896896898       -6.9383599224232017E-004  0.23327177786241221     
   4.6996996996996998       -7.1297736455556363E-004  0.23258393195898730     
   4.7097097097097098       -7.7567928934540922E-004  0.23192949232728477     
   4.7197197197197198       -7.6643004142175526E-004  0.23135356575268526     
   4.7297297297297298       -7.4415513925669432E-004  0.23068725096510986     
   4.7397397397397398       -7.9132865520105617E-004  0.23008024931346299     
   4.7497497497497498       -7.2206302778526172E-004  0.22949905778377960     
   4.7597597597597598       -6.7466998278730057E-004  0.22883807227733771     
   4.7697697697697699       -6.5780440713856646E-004  0.22817914178494114     
   4.7797797797797799       -6.5102337882104358E-004  0.22752689532615294     
   4.7897897897897899       -6.4914927407574725E-004  0.22687796031567276     
   4.7997997997997999       -6.5168471800800768E-004  0.22622922041210780     
   4.8098098098098099       -6.6205021806358094E-004  0.22557789331941724     
   4.8198198198198199       -6.9355306786309152E-004  0.22493021623561360     
   4.8298298298298299       -7.1484309322174743E-004  0.22433097625228365     
   4.8398398398398399       -6.8731418806690250E-004  0.22368712057949214     
   4.8498498498498499       -6.8710639391926097E-004  0.22301133914847998     
   4.8598598598598599       -7.0312060685792665E-004  0.22232144647875696     
   4.8698698698698699       -7.3322537358248016E-004  0.22160940552883232     
   4.8798798798798799       -7.8383350005445255E-004  0.22086150249840619     
   4.8898898898898899       -8.7191167818099461E-004  0.22005554409042893     
   4.8998998998998999       -1.0409099351567743E-003  0.21915299955390732     
   4.9099099099099099       -1.4227916344908091E-003  0.21809314710420885     
   4.9199199199199199       -2.4790139288178477E-003  0.21695093273123151     
   4.9299299299299300       -4.3573112415623083E-003  0.21719049808285534     
   4.9399399399399400       -4.9515561615804610E-003  0.21895309603737420     
   4.9499499499499500       -2.8796546861053667E-003  0.21945226736100448     
   4.9599599599599600       -2.1181513120852717E-003  0.21798724437909126     
   4.9699699699699700       -2.7857505004340250E-003  0.21666846955163302     
   4.9799799799799800       -3.7934548230875802E-003  0.21744859568231134     
   4.9899899899899900       -2.4876218714163169E-003  0.21731808827247570     
   5.0000000000000000       -2.6497916452391012E-003  0.21604353023718903     
