  -5.0000000000000000       -1.2399182961489747E-003 -0.22753504527440183     
  -4.9899899899899900       -2.0409389647580811E-003 -0.22833942176803371     
  -4.9799799799799800       -2.7280734805483560E-003 -0.22786686520869553     
  -4.9699699699699700       -1.9983856986201341E-003 -0.22789999714768167     
  -4.9599599599599600       -1.9299359063690651E-003 -0.22845422506065119     
  -4.9499499499499500       -1.4030771152343084E-003 -0.22883417044042034     
  -4.9399399399399400       -1.1083573914374878E-003 -0.22977088446202215     
  -4.9299299299299300       -1.1767978684907876E-003 -0.23072455832713581     
  -4.9199199199199199       -1.6640582100411400E-003 -0.23139987490960862     
  -4.9099099099099099       -1.7418656940503042E-003 -0.23138887506372832     
  -4.8998998998998999       -1.2418591898191254E-003 -0.23174654686202273     
  -4.8898898898898899       -9.1590424035068200E-004 -0.23255146159023929     
  -4.8798798798798799       -8.0080653533145033E-004 -0.23335451265536922     
  -4.8698698698698699       -7.5284080262978464E-004 -0.23411483394543756     
  -4.8598598598598599       -7.3044341101669323E-004 -0.23484985717976317     
  -4.8498498498498499       -7.2081469166477630E-004 -0.23557192834198790     
  -4.8398398398398399       -7.2030670141848144E-004 -0.23628923552140804     
  -4.8298298298298299       -7.3125969082497584E-004 -0.23700856655347793     
  -4.8198198198198199       -7.6924147757428539E-004 -0.23773470904943805     
  -4.8098098098098099       -8.8545613192633028E-004 -0.23842333008781363     
  -4.7997997997997999       -9.0012057159463677E-004 -0.23892768503050443     
  -4.7897897897897899       -7.7907055873823198E-004 -0.23960676563444927     
  -4.7797797797797799       -7.3892603385373404E-004 -0.24033858607146219     
  -4.7697697697697699       -7.2703671132282337E-004 -0.24106533673463973     
  -4.7597597597597598       -7.2454505903055209E-004 -0.24178928296506536     
  -4.7497497497497498       -7.2625516842825548E-004 -0.24251407910893241     
  -4.7397397397397398       -7.3056058147590041E-004 -0.24324224254591476     
  -4.7297297297297298       -7.3714933886571976E-004 -0.24397580762484242     
  -4.7197197197197198       -7.4658897681218015E-004 -0.24471691376293386     
  -4.7097097097097098       -7.6086422855226369E-004 -0.24546842105215921     
  -4.6996996996996998       -7.8598512182941798E-004 -0.24623460829173163     
  -4.6896896896896898       -8.4319859857394711E-004 -0.24701781831854216     
  -4.6796796796796798       -9.8165231558279011E-004 -0.24774994770780817     
  -4.6696696696696698       -9.6951985710289057E-004 -0.24836406581310486     
  -4.6596596596596598       -9.3953645948526877E-004 -0.24917602632143782     
  -4.6496496496496498       -1.0757663855411070E-003 -0.24995607917805321     
  -4.6396396396396398       -1.0605611642018572E-003 -0.25056333184414925     
  -4.6296296296296298       -9.9383446168546359E-004 -0.25141656286834019     
  -4.6196196196196198       -1.1271564311955086E-003 -0.25232459021258524     
  -4.6096096096096097       -1.4871442576959433E-003 -0.25292903178233900     
  -4.5995995995995997       -1.2367788192852293E-003 -0.25334728803858775     
  -4.5895895895895897       -1.0283024003473439E-003 -0.25425662108398656     
  -4.5795795795795797       -1.0011847166421306E-003 -0.25521560633676654     
  -4.5695695695695697       -1.0817519791521788E-003 -0.25619524778553537     
  -4.5595595595595597       -1.3795285594420950E-003 -0.25716546553529157     
  -4.5495495495495497       -1.8246800544131257E-003 -0.25754940115213093     
  -4.5395395395395397       -1.3698435220050363E-003 -0.25806028906103057     
  -4.5295295295295297       -1.1566194744016978E-003 -0.25910814666113302     
  -4.5195195195195197       -1.1453677565308850E-003 -0.26019960718965990     
  -4.5095095095095097       -1.2495059220057397E-003 -0.26134202099016884     
  -4.4994994994994997       -1.5405574677977113E-003 -0.26259989530403310     
  -4.4894894894894897       -2.3889225858633556E-003 -0.26397213299064515     
  -4.4794794794794797       -4.5150583851920629E-003 -0.26403013803034547     
  -4.4694694694694697       -3.4964500820285202E-003 -0.26218668410473739     
  -4.4594594594594597       -1.9987856839471072E-003 -0.26334550922483302     
  -4.4494494494494496       -1.5779911871876670E-003 -0.26482646986571046     
  -4.4394394394394396       -1.5530327276589784E-003 -0.26624857613640762     
  -4.4294294294294296       -1.8018289180105045E-003 -0.26765538326739952     
  -4.4194194194194196       -2.5060047139508421E-003 -0.26919735619822532     
  -4.4094094094094096       -4.7008553128892504E-003 -0.26988236367565238     
  -4.3993993993993996       -4.5007923833687924E-003 -0.26752418546194451     
  -4.3893893893893896       -2.6126156348291168E-003 -0.26852521503779880     
  -4.3793793793793796       -2.4494768368906439E-003 -0.27013778059356264     
  -4.3693693693693696       -2.7679761051954787E-003 -0.27055828394229425     
  -4.3593593593593596       -1.8957566390122864E-003 -0.27135853390116349     
  -4.3493493493493496       -1.5459237955300286E-003 -0.27278006937491650     
  -4.3393393393393396       -1.5175468205993214E-003 -0.27420845395873766     
  -4.3293293293293296       -1.7247671936075836E-003 -0.27569106612405614     
  -4.3193193193193196       -2.4403948863600871E-003 -0.27725434172171182     
  -4.3093093093093096       -4.1134908878711638E-003 -0.27784321178937249     
  -4.2992992992992995       -4.4788650652864970E-003 -0.27718896385471675     
  -4.2892892892892895       -3.5267974652380975E-003 -0.27719030765010283     
  -4.2792792792792795       -3.6253856074636250E-003 -0.27813615595895136     
  -4.2692692692692695       -2.8001369929052623E-003 -0.27795501434523645     
  -4.2592592592592595       -1.7878725153335816E-003 -0.27927537492844196     
  -4.2492492492492495       -1.4435045086070397E-003 -0.28070214250925646     
  -4.2392392392392395       -1.3306537393802549E-003 -0.28201957649514836     
  -4.2292292292292295       -1.3648343980489799E-003 -0.28325740063964400     
  -4.2192192192192195       -1.4967291007655181E-003 -0.28423352936942725     
  -4.2092092092092095       -1.2956911494388255E-003 -0.28519650107490002     
  -4.1991991991991995       -1.1803213188993132E-003 -0.28634807171746746     
  -4.1891891891891895       -1.1395518265143354E-003 -0.28749005834148705     
  -4.1791791791791795       -1.1230677468823103E-003 -0.28861601166718331     
  -4.1691691691691695       -1.1166986353855651E-003 -0.28973400596832888     
  -4.1591591591591595       -1.1156384045490912E-003 -0.29084957172666986     
  -4.1491491491491495       -1.1178758206557321E-003 -0.29196630585590111     
  -4.1391391391391394       -1.1224432407232635E-003 -0.29308673492983384     
  -4.1291291291291294       -1.1288474456664166E-003 -0.29421280014129519     
  -4.1191191191191194       -1.1368580097447399E-003 -0.29534613530208215     
  -4.1091091091091094       -1.1464318126692690E-003 -0.29648825203860796     
  -4.0990990990990994       -1.1577128309397217E-003 -0.29764069728151687     
  -4.0890890890890894       -1.1711129054304899E-003 -0.29880523467196818     
  -4.0790790790790794       -1.1875589709564791E-003 -0.29998411694827914     
  -4.0690690690690694       -1.2092344851574624E-003 -0.30118055231811847     
  -4.0590590590590594       -1.2421962098074953E-003 -0.30239925628359077     
  -4.0490490490490494       -1.3066956322680999E-003 -0.30364164881813882     
  -4.0390390390390394       -1.4200165038985196E-003 -0.30484590536900291     
  -4.0290290290290294       -1.4650695909234337E-003 -0.30607481757427635     
  -4.0190190190190194       -1.6977780112053197E-003 -0.30733170011459177     
  -4.0090090090090094       -1.7631598948170042E-003 -0.30820551652754152     
  -3.9989989989989989       -1.5288233699045897E-003 -0.30947398055858172     
  -3.9889889889889889       -1.5079735521706112E-003 -0.31090322412535543     
  -3.9789789789789789       -1.6548902355153824E-003 -0.31234821871290319     
  -3.9689689689689689       -1.9368711784014392E-003 -0.31355258951718423     
  -3.9589589589589589       -1.8648675575978716E-003 -0.31481949996383191     
  -3.9489489489489489       -2.1319765714399755E-003 -0.31625539754095516     
  -3.9389389389389389       -2.1445846124617009E-003 -0.31725130515691108     
  -3.9289289289289289       -1.9334643960297448E-003 -0.31884060032558503     
  -3.9189189189189189       -2.1056606288997284E-003 -0.32065121594295781     
  -3.9089089089089089       -2.7585973910413857E-003 -0.32234960707854909     
  -3.8988988988988988       -3.0638899834310989E-003 -0.32357459400641003     
  -3.8888888888888888       -3.6132523157863554E-003 -0.32584267845694892     
  -3.8788788788788788       -6.4737720049583610E-003 -0.32783527814370222     
  -3.8688688688688688       -8.8107945524373964E-003 -0.32405943197402598     
  -3.8588588588588588       -4.7323818523561222E-003 -0.32378927518393474     
  -3.8488488488488488       -3.2650532278285559E-003 -0.32644898505831499     
  -3.8388388388388388       -3.2631752545536686E-003 -0.32899473551072900     
  -3.8288288288288288       -4.5610980574237155E-003 -0.33107614431806681     
  -3.8188188188188188       -5.5948359929187223E-003 -0.33002165246861925     
  -3.8088088088088088       -3.3385558941276656E-003 -0.33083274215973646     
  -3.7987987987987988       -2.4471596059495774E-003 -0.33307638788160060     
  -3.7887887887887888       -2.1789258203152488E-003 -0.33523199453548452     
  -3.7787787787787788       -2.1400586101452362E-003 -0.33731970766932717     
  -3.7687687687687688       -2.2630602417974331E-003 -0.33944430807993076     
  -3.7587587587587588       -2.6431896908320368E-003 -0.34172055323414396     
  -3.7487487487487487       -3.7358577318082971E-003 -0.34422460353030548     
  -3.7387387387387387       -6.9044424730211667E-003 -0.34560332007112282     
  -3.7287287287287287       -6.9462455794071691E-003 -0.34241407728955892     
  -3.7187187187187187       -4.1096311164381385E-003 -0.34401343698848502     
  -3.7087087087087087       -3.7503338375164019E-003 -0.34676897853508298     
  -3.6986986986986987       -4.7973892869485136E-003 -0.34808751850255476     
  -3.6886886886886887       -3.6352330473260809E-003 -0.34868005248687489     
  -3.6786786786786787       -2.8631087336325536E-003 -0.35102238808667025     
  -3.6686686686686687       -3.0255060516679324E-003 -0.35330316277382029     
  -3.6586586586586587       -3.1161756507776853E-003 -0.35484734093643455     
  -3.6486486486486487       -2.8926489772557141E-003 -0.35706099485415632     
  -3.6386386386386387       -3.5127810514549744E-003 -0.35946465030353009     
  -3.6286286286286287       -4.4466957203350361E-003 -0.36100337396432353     
  -3.6186186186186187       -5.8962686278625897E-003 -0.36275120884900142     
  -3.6086086086086087       -6.6076270675279880E-003 -0.36093501366358943     
  -3.5985985985985987       -3.7988662785326107E-003 -0.36207154673561481     
  -3.5885885885885886       -2.7422290332468143E-003 -0.36463671908229101     
  -3.5785785785785786       -2.3689759728270005E-003 -0.36702836446733489     
  -3.5685685685685686       -2.2104792930505309E-003 -0.36926448488123209     
  -3.5585585585585586       -2.1360705371888519E-003 -0.37141612229215654     
  -3.5485485485485486       -2.1011190684535317E-003 -0.37352489069475470     
  -3.5385385385385386       -2.0873535463199169E-003 -0.37561446151481792     
  -3.5285285285285286       -2.0862176898317829E-003 -0.37769912630210323     
  -3.5185185185185186       -2.0932876789376224E-003 -0.37978813067784140     
  -3.5085085085085086       -2.1061044839473650E-003 -0.38188787015106512     
  -3.4984984984984986       -2.1232312741614255E-003 -0.38400306039883003     
  -3.4884884884884886       -2.1438062163602980E-003 -0.38613739901285388     
  -3.4784784784784786       -2.1673163545660105E-003 -0.38829396382756526     
  -3.4684684684684686       -2.1934793012089071E-003 -0.39047547027815660     
  -3.4584584584584586       -2.2221828944023574E-003 -0.39268445331736429     
  -3.4484484484484486       -2.2534609103780846E-003 -0.39492341268885700     
  -3.4384384384384385       -2.2874976909267302E-003 -0.39719494893420432     
  -3.4284284284284285       -2.3246662071134214E-003 -0.39950191586194556     
  -3.4184184184184185       -2.3656209303789407E-003 -0.40184762331544216     
  -3.4084084084084085       -2.4115051506893681E-003 -0.40423614782404216     
  -3.3983983983983985       -2.4644429081133292E-003 -0.40667286377287709     
  -3.3883883883883881       -2.5288669349777682E-003 -0.40916541587017435     
  -3.3783783783783781       -2.6158140246746548E-003 -0.41172533985030468     
  -3.3683683683683681       -2.7599027948326440E-003 -0.41436657479306871     
  -3.3583583583583581       -3.0686770893684785E-003 -0.41702997600806418     
  -3.3483483483483480       -3.3046306721319953E-003 -0.41941895723931916     
  -3.3383383383383380       -3.3442073332213868E-003 -0.42215797737009908     
  -3.3283283283283280       -3.6043700928777064E-003 -0.42477444224782407     
  -3.3183183183183180       -3.5254858745643039E-003 -0.42768727391347600     
  -3.3083083083083080       -3.8812029819295553E-003 -0.43091733173043245     
  -3.2982982982982980       -4.2901877499671127E-003 -0.43398146884721878     
  -3.2882882882882880       -4.9935849902172421E-003 -0.43757656005971357     
  -3.2782782782782780       -6.0332633770440441E-003 -0.44095901663897102     
  -3.2682682682682680       -8.2524617416654001E-003 -0.44556328283593993     
  -3.2582582582582580       -1.5274101857185977E-002 -0.44741359815046938     
  -3.2482482482482480       -1.5064632166700126E-002 -0.43929338771338550     
  -3.2382382382382380       -8.1783932935261417E-003 -0.44194490880497483     
  -3.2282282282282280       -6.2881174593787054E-003 -0.44740515366048816     
  -3.2182182182182180       -6.9482733160614110E-003 -0.45260358686872854     
  -3.2082082082082080       -1.0517373773912479E-002 -0.45517168161285426     
  -3.1981981981981980       -8.6883937579385253E-003 -0.45361974664761417     
  -3.1881881881881879       -5.6623431616869124E-003 -0.45761730714073329     
  -3.1781781781781779       -4.7233208970671424E-003 -0.46222230419465904     
  -3.1681681681681679       -4.4647464466076852E-003 -0.46663867007409865     
  -3.1581581581581579       -4.5044672960162374E-003 -0.47102137639757319     
  -3.1481481481481479       -4.8012043891727668E-003 -0.47554628025124113     
  -3.1381381381381379       -5.5382139258823588E-003 -0.48042036302617680     
  -3.1281281281281279       -7.4649682615013351E-003 -0.48586983331978872     
  -3.1181181181181179       -1.3304404248337681E-002 -0.49054483348487321     
  -3.1081081081081079       -1.8130413036245793E-002 -0.48400921418596049     
  -3.0980980980980979       -1.0220981903347847E-002 -0.48412823184551407     
  -3.0880880880880879       -7.4976639599855658E-003 -0.48973616062008257     
  -3.0780780780780779       -6.5299195095471600E-003 -0.49420588771702256     
  -3.0680680680680679       -5.6460691925317372E-003 -0.49890354057466485     
  -3.0580580580580579       -5.0970400349278962E-003 -0.50363794333088496     
  -3.0480480480480479       -4.8607056688652764E-003 -0.50846093723551722     
  -3.0380380380380378       -4.8071170409551937E-003 -0.51324691249011611     
  -3.0280280280280278       -4.8410771380462785E-003 -0.51804605608253207     
  -3.0180180180180178       -4.9394546145108183E-003 -0.52291333385880234     
  -3.0080080080080078       -5.1152205043126708E-003 -0.52790305300749785     
  -2.9979979979979978       -5.4362754350026406E-003 -0.53308485962867791     
  -2.9879879879879878       -6.1482839352082451E-003 -0.53854072448957546     
  -2.9779779779779778       -8.1461790614450816E-003 -0.54388290936587147     
  -2.9679679679679678       -1.0175580605519867E-002 -0.54558533123535147     
  -2.9579579579579578       -7.5292417602122134E-003 -0.54906256602529124     
  -2.9479479479479478       -6.3294427046990459E-003 -0.55491929501019543     
  -2.9379379379379378       -5.9951577635658894E-003 -0.56085630286723276     
  -2.9279279279279278       -5.9386579164164687E-003 -0.56675722637329140     
  -2.9179179179179178       -5.9882336604472055E-003 -0.57269430091884166     
  -2.9079079079079078       -6.0870465873841591E-003 -0.57871959032523101     
  -2.8978978978978978       -6.2164036534311249E-003 -0.58486661355594127     
  -2.8878878878878878       -6.3673758452601915E-003 -0.59115687225466051     
  -2.8778778778778777       -6.5355599135732056E-003 -0.59760811474698772     
  -2.8678678678678677       -6.7190060046412843E-003 -0.60423586841311228     
  -2.8578578578578577       -6.9169965840302139E-003 -0.61105466675326614     
  -2.8478478478478477       -7.1295207120022040E-003 -0.61807882849518692     
  -2.8378378378378377       -7.3570291607251538E-003 -0.62532296364600326     
  -2.8278278278278277       -7.6003171301616919E-003 -0.63280233917910034     
  -2.8178178178178177       -7.8604724136525882E-003 -0.64053317731309278     
  -2.8078078078078077       -8.1388617254891642E-003 -0.64853292863471912     
  -2.7977977977977977       -8.4371432961918968E-003 -0.65682054777156662     
  -2.7877877877877877       -8.7573018106278776E-003 -0.66541679332181536     
  -2.7777777777777777       -9.1017071142380102E-003 -0.67434457298815298     
  -2.7677677677677677       -9.4732035538702773E-003 -0.68362935835124705     
  -2.7577577577577577       -9.8752457385850034E-003 -0.69329970160344467     
  -2.7477477477477477       -1.0312117544843664E-002 -0.70338789208624852     
  -2.7377377377377377       -1.0789220932979042E-002 -0.71393072350625819     
  -2.7277277277277276       -1.1313262697367004E-002 -0.72497111714437890     
  -2.7177177177177176       -1.1894333021845416E-002 -0.73655994153927085     
  -2.7077077077077076       -1.2547351675377910E-002 -0.74875838134472328     
  -2.6976976976976976       -1.3298542110401044E-002 -0.76164341448424921     
  -2.6876876876876876       -1.4206918479603987E-002 -0.77531342175578100     
  -2.6776776776776776       -1.5448751428077287E-002 -0.78984941517738361     
  -2.6676676676676676       -1.7180179330246487E-002 -0.80478504283849672     
  -2.6576576576576576       -1.8094247600481124E-002 -0.82069679930925021     
  -2.6476476476476476       -1.9775210713037922E-002 -0.83878666175094119     
  -2.6376376376376376       -2.2952463940475617E-002 -0.85777447336610413     
  -2.6276276276276276       -2.5340810481092355E-002 -0.87786876137607028     
  -2.6176176176176176       -2.9649674866347255E-002 -0.90283783855947208     
  -2.6076076076076076       -4.0943513714353563E-002 -0.93227972974476570     
  -2.5975975975975976       -7.3261043746677509E-002 -0.95833650223877964     
  -2.5875875875875876       -9.7855646763780141E-002 -0.92714631438665551     
  -2.5775775775775776       -5.7805772498680123E-002 -0.93448574922940519     
  -2.5675675675675675       -4.3403158176359979E-002 -0.97256438244922427     
  -2.5575575575575575       -4.0958503366817937E-002  -1.0117139989932753     
  -2.5475475475475475       -4.2903381046938610E-002  -1.0523160307173367     
  -2.5375375375375375       -4.7620684464463908E-002  -1.0964671958205865     
  -2.5275275275275275       -5.5436394998286523E-002  -1.1464287023500821     
  -2.5175175175175175       -6.8441370154143394E-002  -1.2052212514005782     
  -2.5075075075075075       -9.3190473394959519E-002  -1.2772871288387810     
  -2.4974974974974975      -0.15280885390547669       -1.3633896292658720     
  -2.4874874874874875      -0.28418274208005828       -1.3863194273802795     
  -2.4774774774774775      -0.26350608636318373       -1.3142739786032742     
  -2.4674674674674675      -0.21377451394374528       -1.4300041359380826     
  -2.4574574574574575      -0.28637973050055282       -1.5940080114840107     
  -2.4474474474474475      -0.46644589082483962       -1.6947680373925746     
  -2.4374374374374375      -0.64213325992255599       -1.6995578348328058     
  -2.4274274274274275      -0.78407595000048347       -1.6725042373869494     
  -2.4174174174174174      -0.90857288994401408       -1.6311497217758788     
  -2.4074074074074074       -1.0178361649215837       -1.5790354444588357     
  -2.3973973973973974       -1.1150172690062625       -1.5208712415237287     
  -2.3873873873873874       -1.2031175121853332       -1.4582521816980010     
  -2.3773773773773774       -1.2839094664468373       -1.3916788821706747     
  -2.3673673673673674       -1.3585617670331145       -1.3213243585180781     
  -2.3573573573573574       -1.4278497199369309       -1.2471336627152285     
  -2.3473473473473474       -1.4922641800546841       -1.1689128211274105     
  -2.3373373373373374       -1.5520664201439951       -1.0863647543797033     
  -2.3273273273273274       -1.6073254471149185      -0.99918478692792267     
  -2.3173173173173174       -1.6581553601405956      -0.90688657424745034     
  -2.3073073073073074       -1.7042103832821416      -0.80877783859198360     
  -2.2972972972972974       -1.7450326803165279      -0.70423935372234359     
  -2.2872872872872874       -1.7799507134169543      -0.59248211231800052     
  -2.2772772772772774       -1.8079787516111336      -0.47257244138284249     
  -2.2672672672672673       -1.8277035206089067      -0.34341948320717441     
  -2.2572572572572573       -1.8371129847099650      -0.20376986977819903     
  -2.2472472472472473       -1.8333253160571126       -5.2222211515349080E-002
  -2.2372372372372373       -1.8121484385389661       0.11269891235468547     
  -2.2272272272272273       -1.7673391051873402       0.29231440464932634     
  -2.2172172172172173       -1.6893018240762689       0.48714821104814415     
  -2.2072072072072073       -1.5627069102814501       0.69507798774362872     
  -2.1971971971971973       -1.3621796157330472       0.90544912075622397     
  -2.1871871871871873       -1.0483194604900152        1.0773290794394450     
  -2.1771771771771773      -0.62364432763622701        1.0759978523122788     
  -2.1671671671671673      -0.32869023376482870       0.85235111602443170     
  -2.1571571571571573      -0.20666494206902980       0.63858059178464299     
  -2.1471471471471473      -0.14862118051525300       0.47758017591830171     
  -2.1371371371371373      -0.11561695243458389       0.35248879990295440     
  -2.1271271271271273       -9.4613572080385372E-002  0.25095545407463316     
  -2.1171171171171173       -8.0248471809525740E-002  0.16558351300670346     
  -2.1071071071071072       -6.9938510706792745E-002   9.1776254716857436E-002
  -2.0970970970970972       -6.2292023677420628E-002   2.6515208574993281E-002
  -2.0870870870870872       -5.6495904551500803E-002  -3.2283596524907754E-002
  -2.0770770770770772       -5.2045701339790112E-002  -8.6122869331915763E-002
  -2.0670670670670672       -4.8614323618317336E-002 -0.13612861300068979     
  -2.0570570570570572       -4.5983275352496931E-002 -0.18317475421939497     
  -2.0470470470470472       -4.4004080284125981E-002 -0.22796202066574703     
  -2.0370370370370372       -4.2572862754809426E-002 -0.27107141266196266     
  -2.0270270270270272       -4.1620586371289368E-002 -0.31301328503094300     
  -2.0170170170170172       -4.1117171715644454E-002 -0.35424238375996459     
  -2.0070070070070072       -4.1076432869568989E-002 -0.39518564737652329     
  -1.9969969969969972       -4.1551790697335861E-002 -0.43624825176883492     
  -1.9869869869869872       -4.2868390156756975E-002 -0.47776070378399127     
  -1.9769769769769772       -4.4935022880285801E-002 -0.51885252626967160     
  -1.9669669669669672       -4.5504703492875907E-002 -0.56149552282447945     
  -1.9569569569569571       -4.7159645231955018E-002 -0.60713264192950356     
  -1.9469469469469471       -4.9957042841618025E-002 -0.65527807595350596     
  -1.9369369369369371       -5.3905902985822984E-002 -0.70670616215529036     
  -1.9269269269269271       -5.9475602875763603E-002 -0.76256841536498021     
  -1.9169169169169171       -6.7940498625488330E-002 -0.82445479763212504     
  -1.9069069069069071       -8.3325505192274135E-002 -0.89377662530647328     
  -1.8968968968968971      -0.11305147111487565      -0.95953693016637498     
  -1.8868868868868871      -0.11871879356299164       -1.0201435057846124     
  -1.8768768768768771      -0.12873722945010965       -1.1246722108231095     
  -1.8668668668668671      -0.16630021333864292       -1.2572067538334626     
  -1.8568568568568571      -0.25434060629545524       -1.4231222141357647     
  -1.8468468468468471      -0.45351931798893097       -1.5746828681732856     
  -1.8368368368368371      -0.69648330441511319       -1.6041415609845866     
  -1.8268268268268271      -0.89443266534888000       -1.5629791123113417     
  -1.8168168168168171       -1.0521639254523034       -1.4970573410364882     
  -1.8068068068068071       -1.1826178649934114       -1.4217430312922714     
  -1.7967967967967970       -1.2933840652177142       -1.3406843168894833     
  -1.7867867867867866       -1.3884780730111141       -1.2564310402010264     
  -1.7767767767767766       -1.4710216969566694       -1.1701972137092593     
  -1.7667667667667666       -1.5432282811090543       -1.0825901187036244     
  -1.7567567567567566       -1.6067168877394626      -0.99365961171960027     
  -1.7467467467467466       -1.6624696120168152      -0.90342611459479705     
  -1.7367367367367366       -1.7112753392211726      -0.81183968540545337     
  -1.7267267267267266       -1.7536905902406130      -0.71875248410631487     
  -1.7167167167167166       -1.7900797987937582      -0.62396121438604890     
  -1.7067067067067065       -1.8206450024336049      -0.52721934675262494     
  -1.6966966966966965       -1.8454398707897395      -0.42824151416287087     
  -1.6866866866866865       -1.8643716906872851      -0.32670466281953614     
  -1.6766766766766765       -1.8771920346627089      -0.22224923328089061     
  -1.6666666666666665       -1.8834872858876435      -0.11448046354586118     
  -1.6566566566566565       -1.8826316263511040       -2.9436982706279053E-003
  -1.6466466466466465       -1.8737290811869147       0.11283664809044097     
  -1.6366366366366365       -1.8555546163392780       0.23336909236547340     
  -1.6266266266266265       -1.8264224140979426       0.35917521586288415     
  -1.6166166166166165       -1.7840002335661398       0.49074032770485326     
  -1.6066066066066065       -1.7250132668690930       0.62840793455150956     
  -1.5965965965965965       -1.6447532711148192       0.77214134148538061     
  -1.5865865865865865       -1.5362264911106625       0.92095627457014473     
  -1.5765765765765765       -1.3886067942580953        1.0714395257860567     
  -1.5665665665665665       -1.1844778171101618        1.2132846350887407     
  -1.5565565565565564      -0.89783624727072864        1.3131980759254949     
  -1.5465465465465464      -0.53832660819321454        1.2691644211580044     
  -1.5365365365365364      -0.29501967328082129        1.0544046761100345     
  -1.5265265265265264      -0.19306696209886409       0.85403968438112199     
  -1.5165165165165164      -0.14368075297642988       0.69941346664661874     
  -1.5065065065065064      -0.11523801444038663       0.57586613727475289     
  -1.4964964964964964       -9.7026512297453460E-002  0.47280126593203170     
  -1.4864864864864864       -8.4590739695621336E-002  0.38378988280788034     
  -1.4764764764764764       -7.5766415801109224E-002  0.30475973554524255     
  -1.4664664664664664       -6.9383285183865565E-002  0.23297046267903052     
  -1.4564564564564564       -6.4760656233074892E-002  0.16646865477339742     
  -1.4464464464464464       -6.1484215744497236E-002  0.10378429735582746     
  -1.4364364364364364       -5.9297645616673264E-002   4.3750598918313170E-002
  -1.4264264264264264       -5.8046731900251378E-002  -1.4610711743175608E-002
  -1.4164164164164164       -5.7650114885886505E-002  -7.2168656762277905E-002
  -1.4064064064064064       -5.8085313205791460E-002 -0.12974378889514104     
  -1.3963963963963963       -5.9385281507608162E-002 -0.18816132096678465     
  -1.3863863863863863       -6.1644649436983584E-002 -0.24830469666398788     
  -1.3763763763763763       -6.5033950408853000E-002 -0.31117646805532490     
  -1.3663663663663663       -6.9832157075089912E-002 -0.37799659297120330     
  -1.3563563563563563       -7.6507708145476805E-002 -0.45031378858640342     
  -1.3463463463463463       -8.5829748526997776E-002 -0.53021512768347567     
  -1.3363363363363363       -9.9157630486708559E-002 -0.62067587674476876     
  -1.3263263263263263      -0.11909214385590140      -0.72619783050042153     
  -1.3163163163163163      -0.15127477574117174      -0.85399863694263745     
  -1.3063063063063063      -0.21019572008662357       -1.0156696429174272     
  -1.2962962962962963      -0.34069283413468610       -1.2213672381360923     
  -1.2862862862862863      -0.62607384297926427       -1.3866742905134133     
  -1.2762762762762763      -0.94483313539753855       -1.3735534174517852     
  -1.2662662662662663       -1.1862621850018811       -1.2723097157807346     
  -1.2562562562562563       -1.3652708654638166       -1.1450622184067196     
  -1.2462462462462462       -1.5010716528120744       -1.0108525877462604     
  -1.2362362362362362       -1.6057610168103922      -0.87618964549199307     
  -1.2262262262262262       -1.6868655710913087      -0.74355791332017118     
  -1.2162162162162162       -1.7496742928383742      -0.61422246661354218     
  -1.2062062062062062       -1.7979509594790686      -0.48771847162515075     
  -1.1961961961961962       -1.8336352862595104      -0.36401305556670766     
  -1.1861861861861862       -1.8585129722018567      -0.24300097524391479     
  -1.1761761761761762       -1.8738536001875410      -0.12438874732911304     
  -1.1661661661661662       -1.8805348267254152       -7.8558569321885742E-003
  -1.1561561561561562       -1.8791404159708041       0.10691288210273678     
  -1.1461461461461462       -1.8700158772182278       0.22021432986316061     
  -1.1361361361361362       -1.8533089104891842       0.33231705871063377     
  -1.1261261261261262       -1.8289768439464462       0.44348264389227376     
  -1.1161161161161162       -1.7967706634699974       0.55392121140136974     
  -1.1061061061061062       -1.7562515028567927       0.66380088605702503     
  -1.0960960960960962       -1.7067430924117843       0.77323727214183602     
  -1.0860860860860861       -1.6472770966716881       0.88226509951807364     
  -1.0760760760760761       -1.5765025823775656       0.99079364194540154     
  -1.0660660660660661       -1.4925366026620963        1.0985232844189570     
  -1.0560560560560561       -1.3927121186437070        1.2047787583364538     
  -1.0460460460460461       -1.2731342006376043        1.3081457114375263     
  -1.0360360360360361       -1.1278626022121416        1.4055781304913864     
  -1.0260260260260261      -0.94742418355606217        1.4898165270232524     
  -1.0160160160160161      -0.71754194071247601        1.5402713602869176     
  -1.0060060060060061      -0.44210654507596142        1.4943672412394187     
 -0.99599599599599564      -0.24505356264139347        1.3219267392614975     
 -0.98598598598598564      -0.16015505123161514        1.1562851296361354     
 -0.97597597597597563      -0.11872690900371376        1.0282149897199730     
 -0.96596596596596562       -9.4499195009253856E-002  0.92644632479462807     
 -0.95595595595595562       -7.8634956214458415E-002  0.84238281696720829     
 -0.94594594594594561       -6.7475030893649743E-002  0.77078857476576013     
 -0.93593593593593560       -5.9237697973931594E-002  0.70835777458818661     
 -0.92592592592592560       -5.2950590901247270E-002  0.65288625733099748     
 -0.91591591591591559       -4.8037579964242946E-002  0.60283072763500889     
 -0.90590590590590558       -4.4135896452401617E-002  0.55706465789814841     
 -0.89589589589589558       -4.1006481762533735E-002  0.51473562815428009     
 -0.88588588588588557       -3.8486442214622246E-002  0.47517756490700941     
 -0.87587587587587556       -3.6462240953620800E-002  0.43785418037546309     
 -0.86586586586586556       -3.4853853877767273E-002  0.40232090907382051     
 -0.85585585585585555       -3.3605087313291336E-002  0.36819817935507076     
 -0.84584584584584555       -3.2677561091662866E-002  0.33515177732610196     
 -0.83583583583583554       -3.2047006749907646E-002  0.30287765663194027     
 -0.82582582582582553       -3.1701139632913225E-002  0.27108943864600071     
 -0.81581581581581553       -3.1638714086521434E-002  0.23950733885372169     
 -0.80580580580580552       -3.1869597805274756E-002  0.20784749864278251     
 -0.79579579579579551       -3.2415878940545303E-002  0.17581076758941694     
 -0.78578578578578551       -3.3314199151135884E-002  0.14306988888887084     
 -0.77577577577577550       -3.4619738726472241E-002  0.10925376644604008     
 -0.76576576576576549       -3.6412639809689049E-002   7.3926961696756832E-002
 -0.75575575575575549       -3.8808272056574208E-002   3.6561625387950103E-002
 -0.74574574574574548       -4.1973885279972138E-002  -3.5025921781820383E-003
 -0.73573573573573547       -4.6156425163849553E-002  -4.7118096905507105E-002
 -0.72572572572572547       -5.1730928948010742E-002  -9.5421374874803080E-002
 -0.71571571571571546       -5.9289257412818597E-002 -0.14998126579484000     
 -0.70570570570570545       -6.9813930901383020E-002 -0.21304913337449546     
 -0.69569569569569545       -8.5048650921984312E-002 -0.28800241043540575     
 -0.68568568568568544      -0.10837264763632809      -0.38016937862777717     
 -0.67567567567567544      -0.14720002819676065      -0.49843356794876925     
 -0.66566566566566543      -0.22096053861000323      -0.65764551659353143     
 -0.65565565565565542      -0.39126478493291617      -0.87064588315147684     
 -0.64564564564564542      -0.77880593183473834       -1.0173404067564686     
 -0.63563563563563541       -1.2000002052527170      -0.88124195540977945     
 -0.62562562562562540       -1.4702197881550381      -0.61149907021173988     
 -0.61561561561561540       -1.6196362356844087      -0.31612536843642747     
 -0.60560560560560539       -1.6847103818144376       -2.5949393092381069E-002
 -0.59559559559559538       -1.6869619285188298       0.25004447567403565     
 -0.58558558558558538       -1.6381503368523103       0.50915884982234194     
 -0.57557557557557537       -1.5436125487809913       0.75026051241873959     
 -0.56556556556556536       -1.4034832389933740       0.97137714163246702     
 -0.55555555555555536       -1.2124485180549962        1.1670096101821976     
 -0.54554554554554535      -0.95819734670726431        1.3207806685561727     
 -0.53553553553553535      -0.63048555842730181        1.3790283178225675     
 -0.52552552552552534      -0.32941959675562166        1.2535877204286960     
 -0.51551551551551533      -0.18848930006939385        1.0734204212272898     
 -0.50550550550550533      -0.12650623239480605       0.93654562039880074     
 -0.49549549549549532       -9.3310614021960184E-002  0.83448621851861748     
 -0.48548548548548531       -7.2943488975169501E-002  0.75511546999594670     
 -0.47547547547547531       -5.9311083566018795E-002  0.69105533569608468     
 -0.46546546546546530       -4.9627200396737521E-002  0.63783367431870519     
 -0.45545545545545529       -4.2444421479782390E-002  0.59260123188797209     
 -0.44544544544544529       -3.6938609821499858E-002  0.55345254665001498     
 -0.43543543543543528       -3.2607278445725661E-002  0.51906014551112478     
 -0.42542542542542527       -2.9127407577593030E-002  0.48846741362441709     
 -0.41541541541541527       -2.6282411061401077E-002  0.46096532218346997     
 -0.40540540540540526       -2.3921989367264519E-002  0.43601576018291011     
 -0.39539539539539525       -2.1938816719063940E-002  0.41320200744251634     
 -0.38538538538538525       -2.0254377268811869E-002  0.39219568101559743     
 -0.37537537537537524       -1.8810026979024102E-002  0.37273404664132814     
 -0.36536536536536524       -1.7561168008248997E-002  0.35460405962426306     
 -0.35535535535535523       -1.6473344523254812E-002  0.33763089624452508     
 -0.34534534534534522       -1.5519561953436180E-002  0.32166955488829052     
 -0.33533533533533522       -1.4678406613402310E-002  0.30659860095748609     
 -0.32532532532532521       -1.3932701556871797E-002  0.29231543768461576     
 -0.31531531531531520       -1.3268529390871439E-002  0.27873268173686017     
 -0.30530530530530520       -1.2674511024289311E-002  0.26577535108324735     
 -0.29529529529529519       -1.2141265998175891E-002  0.25337865839598245     
 -0.28528528528528518       -1.1661003664883441E-002  0.24148626158422820     
 -0.27527527527527518       -1.1227210010491852E-002  0.23004886338963956     
 -0.26526526526526517       -1.0834405315213794E-002  0.21902308029279752     
 -0.25525525525525516       -1.0477954933948683E-002  0.20837052114421575     
 -0.24524524524524516       -1.0153920388256367E-002  0.19805703047098813     
 -0.23523523523523515       -9.8589414156209591E-003  0.18805206200459912     
 -0.22522522522522515       -9.5901420932616409E-003  0.17832815576378799     
 -0.21521521521521514       -9.3450559555644450E-003  0.16886049778379983     
 -0.20520520520520513       -9.1215663711273938E-003  0.15962654584002739     
 -0.19519519519519513       -8.9178594909359206E-003  0.15060570762882367     
 -0.18518518518518512       -8.7323879419206416E-003  0.14177906007357982     
 -0.17517517517517511       -8.5638442250266199E-003  0.13312909984903695     
 -0.16516516516516511       -8.4111435971922725E-003  0.12463951589175148     
 -0.15515515515515510       -8.2734172242890369E-003  0.11629497450359483     
 -0.14514514514514509       -8.1500178300342469E-003  0.10808090640469797     
 -0.13513513513513509       -8.0405423699486788E-003   9.9983282220760361E-002
 -0.12512512512512508       -7.9448802729463353E-003   9.1988357359251857E-002
 -0.11511511511511507       -7.8633032469361715E-003   8.4082357021685039E-002
 -0.10510510510510507       -7.7966272914656888E-003   7.6251053204516445E-002
  -9.5095095095095061E-002  -7.7465080232816726E-003   6.8479149713500512E-002
  -8.5085085085085055E-002  -7.7159978584705373E-003   6.0749320803278051E-002
  -7.5075075075075048E-002  -7.7106540334563002E-003   5.3040604642497831E-002
  -6.5065065065065042E-002  -7.7409022478948193E-003   4.5325543229475448E-002
  -5.5055055055055035E-002  -7.8275563435482344E-003   3.7564774322860060E-002
  -4.5045045045045029E-002  -8.0163027259172563E-003   2.9696299855144451E-002
  -3.5035035035035023E-002  -8.4219180802873137E-003   2.1614585300282284E-002
  -2.5025025025025016E-002  -9.3911598015587305E-003   1.3149398928055622E-002
  -1.5015015015015010E-002  -1.2170942382281976E-002   4.3973270542111247E-003
  -5.0050050050050032E-003  -1.8152274974602190E-002  -2.7267461329997850E-004
   5.0050050050050032E-003  -1.8159057473556815E-002   2.6487696656542719E-004
   1.5015015015015010E-002  -1.2176487570959812E-002  -4.3947680710670510E-003
   2.5025025025025016E-002  -9.3930316977715225E-003  -1.3146566482905695E-002
   3.5035035035035023E-002  -8.4227115373604611E-003  -2.1612407455524712E-002
   4.5045045045045029E-002  -8.0167304543709208E-003  -2.9694564274340321E-002
   5.5055055055055035E-002  -7.8278378417394618E-003  -3.7563337516820873E-002
   6.5065065065065042E-002  -7.7411203570084955E-003  -4.5324333607403455E-002
   7.5075075075075048E-002  -7.7108455258135308E-003  -5.3039589209252724E-002
   8.5085085085085055E-002  -7.7161813457692205E-003  -6.0748487255192198E-002
   9.5095095095095061E-002  -7.7466940855219152E-003  -6.8478497647980044E-002
  0.10510510510510507       -7.7968226587304340E-003  -7.6250589706653313E-002
  0.11511511511511507       -7.8635127146366168E-003  -8.4082094382862488E-002
  0.12512512512512508       -7.9451076599991871E-003  -9.1988311889746363E-002
  0.13513513513513509       -8.0407910390100177E-003  -9.9983473659891478E-002
  0.14514514514514509       -8.1502909947782382E-003 -0.10808135768112112     
  0.15515515515515510       -8.2737181489612056E-003 -0.11629571171829976     
  0.16516516516516511       -8.4114757411909522E-003 -0.12464056845725079     
  0.17517517517517511       -8.5642113608795697E-003 -0.13313050075101207     
  0.18518518518518512       -8.7327942631985674E-003 -0.14178084624010734     
  0.19519519519519513       -8.9183097208069065E-003 -0.15060792040417192     
  0.20520520520520513       -9.1220658794675929E-003 -0.15962923156839129     
  0.21521521521521514       -9.3456108914394230E-003 -0.16886370851517488     
  0.22522522522522515       -9.5907595395444412E-003 -0.17833195010059674     
  0.23523523523523515       -9.8596295732391280E-003 -0.18805650611454269     
  0.24524524524524516       -1.0154688798988138E-002 -0.19806219929949051     
  0.25525525525525516       -1.0478814752871983E-002 -0.20837649986952045     
  0.26526526526526517       -1.0835369647023200E-002 -0.21902996607899641     
  0.27527527527527518       -1.1228294328227280E-002 -0.23005676750872461     
  0.28528528528528518       -1.1662226335617512E-002 -0.24149531199900193     
  0.29529529529529519       -1.2142648948563548E-002 -0.25338900292323058     
  0.30530530530530520       -1.2676080590617112E-002 -0.26578716129370145     
  0.31531531531531520       -1.3270317414901591E-002 -0.27874615779898826     
  0.32532532532532521       -1.3934746812727411E-002 -0.29233081442892722     
  0.33533533533533522       -1.4680756685671663E-002 -0.30661615553515753     
  0.34534534534534522       -1.5522275738432923E-002 -0.32168961653539696     
  0.35535535535535523       -1.6476495603398384E-002 -0.33765385886049637     
  0.36536536536536524       -1.7564849269436140E-002 -0.35463039816118408     
  0.37537537537537524       -1.8814357029050870E-002 -0.37276433872834069     
  0.38538538538538525       -2.0259509517288724E-002 -0.39223063589030716     
  0.39539539539539525       -2.1944952478050592E-002 -0.41324250526331707     
  0.40540540540540526       -2.3929397179261361E-002 -0.43606290638403838     
  0.41541541541541527       -2.6291455950028717E-002 -0.46102052411896960     
  0.42542542542542527       -2.9138596633535494E-002 -0.48853249108139002     
  0.43543543543543528       -3.2621334343987840E-002 -0.51913749419021871     
  0.44544544544544529       -3.6956594276745809E-002 -0.55354538725408264     
  0.45545545545545529       -4.2467952867760499E-002 -0.59271400291335874     
  0.46546546546546530       -4.9658860789352138E-002 -0.63797267675226144     
  0.47547547547547531       -5.9355238455316761E-002 -0.69122984123231257     
  0.48548548548548531       -7.3008101648109280E-002 -0.75533972551926276     
  0.49549549549549532       -9.3411790601971800E-002 -0.83478323756756145     
  0.50550550550550533      -0.12668164037097665      -0.93695417927047397     
  0.51551551551551533      -0.18884649950514285       -1.0740002314065167     
  0.52552552552552534      -0.33029811751609695       -1.2542881139241489     
  0.53553553553553535      -0.63193079632245586       -1.3790732605386888     
  0.54554554554554535      -0.95942238103520938       -1.3202111144518769     
  0.55555555555555536       -1.2133968327645273       -1.1661719825646291     
  0.56556556556556536       -1.4042072746881520      -0.97037650978885326     
  0.57557557557557537       -1.5441353784973453      -0.74912838233521750     
  0.58558558558558538       -1.6384685029014217      -0.50790434272902052     
  0.59559559559559538       -1.6870480990850854      -0.24866987186644113     
  0.60560560560560539       -1.6845082191435230        2.7438361726130227E-002
  0.61561561561561540       -1.6190472514631549       0.31770387062970007     
  0.62562562562562540       -1.4690759626924885       0.61307907323936706     
  0.63563563563563541       -1.1980429164152391       0.88251200019911347     
  0.64564564564564542      -0.77614959642822967        1.0172910122319028     
  0.65565565565565542      -0.38977166104584970       0.86933508412212412     
  0.66566566566566543      -0.22036120090647351       0.65657638769264259     
  0.67567567567567544      -0.14690488223406364       0.49765562099427696     
  0.68568568568568544      -0.10820174980822601       0.37957984088149882     
  0.69569569569569545       -8.4938809833653317E-002  0.28753620043928718     
  0.70570570570570545       -6.9738223275610189E-002  0.21266792173392293     
  0.71571571571571546       -5.9234377729002335E-002  0.14966134016751087     
  0.72572572572572547       -5.1689616022275509E-002   9.5147282658456012E-002
  0.73573573573573547       -4.6124400259056703E-002   4.6879306581249128E-002
  0.74574574574574548       -4.1948473502037661E-002   3.2916500734381485E-003
  0.75575575575575549       -3.8787721108784083E-002  -3.6750163512592277E-002
  0.76576576576576549       -3.6395757493047569E-002  -7.4097179519854062E-002
  0.77577577577577550       -3.4605688222618627E-002 -0.10940879762602035     
  0.78578578578578551       -3.3302377625074729E-002 -0.14321218619025716     
  0.79579579579579551       -3.2405842562514942E-002 -0.17594228484073449     
  0.80580580580580552       -3.1861013831185829E-002 -0.20796981715894372     
  0.81581581581581553       -3.1631329339906866E-002 -0.23962175745645223     
  0.82582582582582553       -3.1694759279762570E-002 -0.27119703924352506     
  0.83583583583583554       -3.2041479745038084E-002 -0.30297935306765500     
  0.84584584584584555       -3.2672770093186192E-002 -0.33524835261738506     
  0.85585585585585555       -3.3600941704881135E-002 -0.36829031483745800     
  0.86586586586586556       -3.4850285066626380E-002 -0.40240920796552576     
  0.87587587587587556       -3.6459199471340645E-002 -0.43793918767357176     
  0.88588588588588557       -3.8483896431652710E-002 -0.47525978521070766     
  0.89589589589589558       -4.1004418311794556E-002 -0.51481554294512344     
  0.90590590590590558       -4.4134322838690482E-002 -0.55714274402400354     
  0.91591591591591559       -4.8036530481466298E-002 -0.60290747937241607     
  0.92592592592592560       -5.2950138255831274E-002 -0.65296221575002844     
  0.93593593593593560       -5.9237975828610782E-002 -0.70843357071085222     
  0.94594594594594561       -6.7476279399065628E-002 -0.77086499877096126     
  0.95595595595595562       -7.8637621171625746E-002 -0.84246093805572808     
  0.96596596596596562       -9.4504168634292327E-002 -0.92652771275390877     
  0.97597597597597563      -0.11873620802092416       -1.0283021330348909     
  0.98598598598598564      -0.16017413016622245       -1.1563820104550813     
  0.99599599599599564      -0.24510024110998849       -1.3220355167862055     
   1.0060060060060056      -0.44220668537571112       -1.4944450458458840     
   1.0160160160160157      -0.71762887395265351       -1.5402880261580827     
   1.0260260260260257      -0.94747971019167276       -1.4898149621838328     
   1.0360360360360357       -1.1278964824849713       -1.4055744151009513     
   1.0460460460460457       -1.2731538072212025       -1.3081446347559049     
   1.0560560560560557       -1.3927221809039998       -1.2047818056350936     
   1.0660660660660657       -1.4925402645182080       -1.0985307829292672     
   1.0760760760760757       -1.5765020273253594      -0.99080545519484120     
   1.0860860860860857       -1.6472738947652590      -0.88228089302281998     
   1.0960960960960957       -1.7067384018502205      -0.77325662713375409     
   1.1061061061061057       -1.7562461934270759      -0.66382335128727565     
   1.1161161161161157       -1.7967653955656282      -0.55394632694102364     
   1.1261261261261257       -1.8289721210164738      -0.44350995098931684     
   1.1361361361361357       -1.8533051125753728      -0.33234609987652980     
   1.1461461461461457       -1.8700132803760918      -0.22024465927556247     
   1.1561561561561557       -1.8791392224090901      -0.10694404766616156     
   1.1661661661661658       -1.8805351543664677        7.8243135263017707E-003
   1.1761761761761758       -1.8738554913521945       0.12435729409675289     
   1.1861861861861858       -1.8585163875683388       0.24297009823762228     
   1.1961961961961958       -1.8336400904709542       0.36398326678425491     
   1.2062062062062058       -1.7979568940981849       0.48769032555302544     
   1.2162162162162158       -1.7496808020166201       0.61419661510643686     
   1.2262262262262258       -1.6868719792894562       0.74353423103629990     
   1.2362362362362358       -1.6057670883247144       0.87616924156441178     
   1.2462462462462458       -1.5010756029434462        1.0108361523274438     
   1.2562562562562558       -1.3652703313756533        1.1450498773088509     
   1.2662662662662658       -1.1862534759053780        1.2723005558453304     
   1.2762762762762758      -0.94481057083333220        1.3735427824047661     
   1.2862862862862858      -0.62603630376805097        1.3866450768428338     
   1.2962962962962958      -0.34067157993132569        1.2213148918095045     
   1.3063063063063058      -0.21018779873888924        1.0156223416353574     
   1.3163163163163158      -0.15127046557984483       0.85395312130096845     
   1.3263263263263259      -0.11909018775601966       0.72615413883307633     
   1.3363363363363359       -9.9156757293006381E-002  0.62063325641864264     
   1.3463463463463459       -8.5829482768472090E-002  0.53017294786291347     
   1.3563563563563559       -7.6507847011076088E-002  0.45027161274177246     
   1.3663663663663659       -6.9832603695464721E-002  0.37795410109765548     
   1.3763763763763759       -6.5034655891308038E-002  0.31113339366481740     
   1.3863863863863859       -6.1645594497566694E-002  0.24826079075125657     
   1.3963963963963959       -5.9386473230525066E-002  0.18811634791771367     
   1.4064064064064059       -5.8086768813796784E-002  0.12969750121553317     
   1.4164164164164168       -5.7651867513763992E-002   7.2120780718276628E-002
   1.4264264264264268       -5.8048832597029851E-002   1.4560932824434826E-002
   1.4364364364364368       -5.9300168442595669E-002  -4.3802654925794389E-002
   1.4464464464464468       -6.1487267046402297E-002 -0.10383908987512556     
   1.4564564564564568       -6.4764390609391945E-002 -0.16652676503685496     
   1.4664664664664668       -6.9387933447110361E-002 -0.23303264908588694     
   1.4764764764764768       -7.5772336225078535E-002 -0.30482702157390018     
   1.4864864864864868       -8.4598518212903595E-002 -0.38386370380860041     
   1.4964964964964969       -9.7037175763175179E-002 -0.47288372772782677     
   1.5065065065065069      -0.11525353776526395      -0.57596049645803760     
   1.5165165165165169      -0.14370545530107157      -0.69952504327242027     
   1.5265265265265269      -0.19311215166674794      -0.85417724302563525     
   1.5365365365365369      -0.29512164214215475       -1.0545755511675663     
   1.5465465465465469      -0.53855376054910786       -1.2692889119612734     
   1.5565565565565569      -0.89805415704834290       -1.3131798773233854     
   1.5665665665665669       -1.1846268878064301       -1.2132195333741123     
   1.5765765765765769       -1.3887077908698005       -1.0713677739920633     
   1.5865865865865869       -1.5362960218237693      -0.92088932686216562     
   1.5965965965965969       -1.6448016565707866      -0.77208257247087542     
   1.6066066066066069       -1.7250470967855771      -0.62835809139141641     
   1.6166166166166169       -1.7840239110190099      -0.49069921007560591     
   1.6266266266266269       -1.8264390018860965      -0.35914228053582986     
   1.6366366366366369       -1.8555663186104219      -0.23334369305716224     
   1.6466466466466469       -1.8737375316682381      -0.11281813482884114     
   1.6566566566566570       -1.8826380689890736        2.9559387862079373E-003
   1.6666666666666670       -1.8834926927577398       0.11448699374027317     
   1.6766766766766770       -1.8771971855888334       0.22225056290524639     
   1.6866866866866870       -1.8643772283596747       0.32670125123062321     
   1.6966966966966970       -1.8454463420190093       0.42823377650851358     
   1.7067067067067070       -1.8206528875519099       0.52720766078023029     
   1.7167167167167170       -1.7900895351535036       0.62394592742716737     
   1.7267267267267270       -1.7537025911118953       0.71873392116778390     
   1.7367367367367370       -1.7112900088752316       0.81181815620922848     
   1.7467467467467470       -1.6624873575036223       0.90340192042649370     
   1.7567567567567570       -1.6067381206162923       0.99363302898724482     
   1.7667667667667670       -1.5432535834226759        1.0825612457222211     
   1.7767767767767770       -1.4710520429694791        1.1701670020327413     
   1.7867867867867870       -1.3885134574777167        1.2563997474371988     
   1.7967967967967970       -1.2934255629726310        1.3406523856835071     
   1.8068068068068071       -1.1826665378374976        1.4217114151203083     
   1.8168168168168171       -1.0522209765557888        1.4970264750499336     
   1.8268268268268271      -0.89450259498376095        1.5629523743340241     
   1.8368368368368371      -0.69656798466854708        1.6041270975364357     
   1.8468468468468471      -0.45361073865373402        1.5746997213593610     
   1.8568568568568571      -0.25439803670062955        1.4231558293390112     
   1.8668668668668671      -0.16634513142758273        1.2572160584358332     
   1.8768768768768771      -0.12881234650338735        1.1246548169834327     
   1.8868868868868871      -0.11890401454746810        1.0201848770904571     
   1.8968968968968971      -0.11301938642171495       0.95975030843487097     
   1.9069069069069071       -8.3276540210657599E-002  0.89381029608591156     
   1.9169169169169171       -6.7929629466659300E-002  0.82447251399827126     
   1.9269269269269271       -5.9474437292868297E-002  0.76258502208804357     
   1.9369369369369371       -5.3907534164913028E-002  0.70672101808448573     
   1.9469469469469471       -4.9959808498486247E-002  0.65529044833201755     
   1.9569569569569571       -4.7163631942590212E-002  0.60714216272175003     
   1.9669669669669672       -4.5512077462895720E-002  0.56150354868130115     
   1.9769769769769772       -4.4938329192093368E-002  0.51886822652113196     
   1.9869869869869872       -4.2865403191458165E-002  0.47776389839216982     
   1.9969969969969972       -4.1552827738734782E-002  0.43624712292489481     
   2.0070070070070072       -4.1078729051345894E-002  0.39518270710941156     
   2.0170170170170172       -4.1119572514665803E-002  0.35423645499453649     
   2.0270270270270272       -4.1623660517535695E-002  0.31300433911808284     
   2.0370370370370372       -4.2576477122674004E-002  0.27105948019118242     
   2.0470470470470472       -4.4007915986503492E-002  0.22794645911832967     
   2.0570570570570572       -4.5987703479789949E-002  0.18315503008531692     
   2.0670670670670672       -4.8619490535007047E-002  0.13610415644159002     
   2.0770770770770772       -5.2051831227319476E-002   8.6092872953164173E-002
   2.0870870870870872       -5.6503330978165921E-002   3.2246984774628146E-002
   2.0970970970970972       -6.2301245601662815E-002  -2.6559894577499472E-002
   2.1071071071071072       -6.9950304184912937E-002  -9.1831046510617242E-002
   2.1171171171171173       -8.0264111514486300E-002 -0.16565133301569557     
   2.1271271271271273       -9.4635301425608206E-002 -0.25104067391999435     
   2.1371371371371373      -0.11564908799480772      -0.35259830853619906     
   2.1471471471471473      -0.14867326316396290      -0.47772539841611900     
   2.1571571571571573      -0.20676207243008451      -0.63878046269949007     
   2.1671671671671673      -0.32891326303895035      -0.85262090447307193     
   2.1771771771771773      -0.62414358430588901       -1.0761568176093734     
   2.1871871871871873       -1.0487899093919433       -1.0771662407610911     
   2.1971971971971973       -1.3624909508652834      -0.90518159178560043     
   2.2072072072072073       -1.5629073163096427      -0.69479524643561619     
   2.2172172172172173       -1.6894288670990378      -0.48687498495156678     
   2.2272272272272273       -1.7674156812192618      -0.29205757280991634     
   2.2372372372372373       -1.8121888525526799      -0.11245973244336255     
   2.2472472472472473       -1.8333388953139329        5.2444406867697378E-002
   2.2572572572572573       -1.8371060362621088       0.20397638289240783     
   2.2672672672672673       -1.8276804292114746       0.34361176161232426     
   2.2772772772772774       -1.8079426244724155       0.47275188745449392     
   2.2872872872872874       -1.7799037737354908       0.59265001339517409     
   2.2972972972972974       -1.7449765125732852       0.70439686032360671     
   2.3073073073073074       -1.7041460946539089       0.80892592910341243     
   2.3173173173173174       -1.6580838465371224       0.90702634335951138     
   2.3273273273273274       -1.6072467416689993       0.99931631146070132     
   2.3373373373373374       -1.5519814500698217        1.0864898594719596     
   2.3473473473473474       -1.4921719342836659        1.1690315732292857     
   2.3573573573573574       -1.4277499644314922        1.2472464070513636     
   2.3673673673673674       -1.3584536009657009        1.3214314447198923     
   2.3773773773773774       -1.2837912254290920        1.3917801726429626     
   2.3873873873873874       -1.2029871893060593        1.4583451377684558     
   2.3973973973973974       -1.1148863935051614        1.5209574019756487     
   2.4074074074074074       -1.0176685367417866        1.5791355535510696     
   2.4174174174174174      -0.90836209400035650        1.6312199648309138     
   2.4274274274274275      -0.78382239309341950        1.6725512006079648     
   2.4374374374374375      -0.64189005491137474        1.6995014792476215     
   2.4474474474474475      -0.46605265378209049        1.6946271745229391     
   2.4574574574574575      -0.28612431136219446        1.5934636720537005     
   2.4674674674674675      -0.21408285245718692        1.4293279461604038     
   2.4774774774774775      -0.26468212393044022        1.3143654567080498     
   2.4874874874874875      -0.28371488581406396        1.3873619279241600     
   2.4974974974974975      -0.15232826064308652        1.3632856641273581     
   2.5075075075075075       -9.3032755092072553E-002   1.2771212832770096     
   2.5175175175175175       -6.8378892700044311E-002   1.2051017340672219     
   2.5275275275275275       -5.5405902618040612E-002   1.1463408708199445     
   2.5375375375375375       -4.7603657654448989E-002   1.0963985674212857     
   2.5475475475475475       -4.2893498052815053E-002   1.0522593446189585     
   2.5575575575575575       -4.0954107444090074E-002   1.0116646367102571     
   2.5675675675675675       -4.3407095379769021E-002  0.97251948349342121     
   2.5775775775775776       -5.7829186440553987E-002  0.93445356067887986     
   2.5875875875875876       -9.7869965503451353E-002  0.92718196658375618     
   2.5975975975975976       -7.3203297040838833E-002  0.95831202475285271     
   2.6076076076076076       -4.0926084625736804E-002  0.93223311046377177     
   2.6176176176176176       -2.9654817691866266E-002  0.90279616656727102     
   2.6276276276276276       -2.5373106560926246E-002  0.87786059199110045     
   2.6376376376376376       -2.2902324232796336E-002  0.85778524853997629     
   2.6476476476476476       -1.9756423481105623E-002  0.83873301974260195     
   2.6576576576576576       -1.8126482055473736E-002  0.82065587158979592     
   2.6676676676676676       -1.7181722472472256E-002  0.80481528432180094     
   2.6776776776776776       -1.5430221301478607E-002  0.78983076583463330     
   2.6876876876876876       -1.4205774648541447E-002  0.77529319726381707     
   2.6976976976976976       -1.3299275045565117E-002  0.76163032707465217     
   2.7077077077077076       -1.2546941618608786E-002  0.74874694987591850     
   2.7177177177177176       -1.1893666885172394E-002  0.73654928790781948     
   2.7277277277277276       -1.1312495870913401E-002  0.72496114242607201     
   2.7377377377377377       -1.0788372874273510E-002  0.71392118399646187     
   2.7477477477477477       -1.0311466639881327E-002  0.70337879520398983     
   2.7577577577577577       -9.8747156897564387E-003  0.69329113839956680     
   2.7677677677677677       -9.4727467904132702E-003  0.68362128057605964     
   2.7777777777777777       -9.1013182495901426E-003  0.67433694313726478     
   2.7877877877877877       -8.7569446713473813E-003  0.66540959486249951     
   2.7977977977977977       -8.4368021075638608E-003  0.65681371564081181     
   2.8078078078078077       -8.1385440336158264E-003  0.64852642820007500     
   2.8178178178178177       -7.8601788561266320E-003  0.64052698262195573     
   2.8278278278278277       -7.6000466863480687E-003  0.63279642630301902     
   2.8378378378378377       -7.3567807636039902E-003  0.62531731009191471     
   2.8478478478478477       -7.1292938131107117E-003  0.61807341279926598     
   2.8578578578578577       -6.9167918011445407E-003  0.61104946784628433     
   2.8678678678678677       -6.7188268465047749E-003  0.60423086455873620     
   2.8778778778778777       -6.5354189863299043E-003  0.59760328212718850     
   2.8878878878878878       -6.3673218997098878E-003  0.59115219142986231     
   2.8978978978978978       -6.2166000600335624E-003  0.58486222376921815     
   2.9079079079079078       -6.0868508607004332E-003  0.57871612073155299     
   2.9179179179179178       -5.9867954265466292E-003  0.57268999226278527     
   2.9279279279279278       -5.9381321669101390E-003  0.56675186644252595     
   2.9379379379379378       -5.9953926875079486E-003  0.56085073159564691     
   2.9479479479479478       -6.3307235388528581E-003  0.55491240989303658     
   2.9579579579579578       -7.5437343876390969E-003  0.54905695058343296     
   2.9679679679679678       -1.0163865613164498E-002  0.54560121511967297     
   2.9779779779779778       -8.1396357480777604E-003  0.54387462091767391     
   2.9879879879879878       -6.1465838589469845E-003  0.53853392517228016     
   2.9979979979979978       -5.4357947086213906E-003  0.53307868561019900     
   3.0080080080080087       -5.1154029439793433E-003  0.52789694295838130     
   3.0180180180180187       -4.9403430595274887E-003  0.52290681018394980     
   3.0280280280280287       -4.8432920163550856E-003  0.51803849790365741     
   3.0380380380380387       -4.8129315041005438E-003  0.51323744757491552     
   3.0480480480480487       -4.8792770335059415E-003  0.50845108606853506     
   3.0580580580580587       -5.1446265455932358E-003  0.50367508987691800     
   3.0680680680680688       -5.5325351378103134E-003  0.49895733202802101     
   3.0780780780780788       -6.4878927867709039E-003  0.49409677936614327     
   3.0880880880880888       -7.5212592462740868E-003  0.48967513575293553     
   3.0980980980980988       -1.0369009023740609E-002  0.48402698570768404     
   3.1081081081081088       -1.8327687098590999E-002  0.48431156557208038     
   3.1181181181181188       -1.3087909981741393E-002  0.49060018396773730     
   3.1281281281281288       -7.3927006971452299E-003  0.48581386177495273     
   3.1381381381381388       -5.5151568356254640E-003  0.48037430380325696     
   3.1481481481481488       -4.7949612301248596E-003  0.47550781982689078     
   3.1581581581581588       -4.5084537731653832E-003  0.47098356976223421     
   3.1681681681681688       -4.4828164716697342E-003  0.46659438526661723     
   3.1781781781781788       -4.7772645418132954E-003  0.46216307071821444     
   3.1881881881881888       -5.8439143659841427E-003  0.45756190472983793     
   3.1981981981981988       -9.1257203910798945E-003  0.45406934168464891     
   3.2082082082082088       -9.4849526969067663E-003  0.45553565954442121     
   3.2182182182182189       -6.5543244742374057E-003  0.45195442190365548     
   3.2282282282282289       -6.4544846926142081E-003  0.44669206971995168     
   3.2382382382382389       -9.1946659176460506E-003  0.44134017462538006     
   3.2482482482482489       -1.6666653350577858E-002  0.44143814632499251     
   3.2582582582582589       -1.2770041231077736E-002  0.44760713294697879     
   3.2682682682682689       -7.8875122239664020E-003  0.44428829706294776     
   3.2782782782782789       -6.7853824105301389E-003  0.44029341333109684     
   3.2882882882882889       -5.6955362531335785E-003  0.43789272459379230     
   3.2982982982982989       -4.2205016257667333E-003  0.43454558783135200     
   3.3083083083083089       -3.5884941556059199E-003  0.43097780060539309     
   3.3183183183183189       -3.3654826416449389E-003  0.42764133556654033     
   3.3283283283283289       -3.4658043353177114E-003  0.42454221711614720     
   3.3383383383383389       -3.6117499455799278E-003  0.42206618865022644     
   3.3483483483483489       -3.3247179132239214E-003  0.41960938204061171     
   3.3583583583583589       -3.0187118078527971E-003  0.41700776579576887     
   3.3683683683683689       -2.7576703346858700E-003  0.41435955099977939     
   3.3783783783783790       -2.6148392583410810E-003  0.41172278856929356     
   3.3883883883883890       -2.5283418782891419E-003  0.40916368338084186     
   3.3983983983983990       -2.4641563690018281E-003  0.40667147566980671     
   3.4084084084084090       -2.4113368315824744E-003  0.40423495286109062     
   3.4184184184184190       -2.3655135568655472E-003  0.40184654987082835     
   3.4284284284284290       -2.3245925051887874E-003  0.39950092503738494     
   3.4384384384384390       -2.2874440916071321E-003  0.39719401774470192     
   3.4484484484484490       -2.2534203416594389E-003  0.39492252646736092     
   3.4584584584584590       -2.2221515606811919E-003  0.39268360192262980     
   3.4684684684684690       -2.1934552015390419E-003  0.39047464604710386     
   3.4784784784784790       -2.1672986017306178E-003  0.38829316035633915     
   3.4884884884884890       -2.1437947708259786E-003  0.38613661031123014     
   3.4984984984984990       -2.1232269565158880E-003  0.38400228014775240     
   3.5085085085085090       -2.1061092797497560E-003  0.38188709083865330     
   3.5185185185185190       -2.0933055174174927E-003  0.37978734232458761     
   3.5285285285285291       -2.0862562073848279E-003  0.37769831426392197     
   3.5385385385385391       -2.0874281902182107E-003  0.37561360230638657     
   3.5485485485485491       -2.1012633722924260E-003  0.37352394347522305     
   3.5585585585585591       -2.1363645726675479E-003  0.37141501062943238     
   3.5685685685685691       -2.2111391743199040E-003  0.36926305775674545     
   3.5785785785785791       -2.3706839440861822E-003  0.36702633414636809     
   3.5885885885885891       -2.7475890232234478E-003  0.36463390754970437     
   3.5985985985985991       -3.8186306916625861E-003  0.36207465476783413     
   3.6086086086086091       -6.6106467273467457E-003  0.36101233012582246     
   3.6186186186186191       -5.7986250932233509E-003  0.36273526771807019     
   3.6286286286286291       -4.3907682793244340E-003  0.36089868066362796     
   3.6386386386386391       -3.5890983361844351E-003  0.35934479075743458     
   3.6486486486486491       -3.1273030797879932E-003  0.35701354656090684     
   3.6586586586586591       -3.2020563354500952E-003  0.35529397179614286     
   3.6686686686686691       -2.7169785573291235E-003  0.35330440543830988     
   3.6786786786786791       -2.7655940072827288E-003  0.35089990028697371     
   3.6886886886886892       -3.6150998218628734E-003  0.34857100805280555     
   3.6986986986986992       -4.8121459507393409E-003  0.34798169698291354     
   3.7087087087087092       -3.8247235872823707E-003  0.34663644848629466     
   3.7187187187187192       -4.3675128631150322E-003  0.34387948184819039     
   3.7287287287287292       -7.4660404795283374E-003  0.34288687667807211     
   3.7387387387387392       -6.3078318653893000E-003  0.34589519144444453     
   3.7487487487487492       -3.4982987639827811E-003  0.34405190987671808     
   3.7587587587587592       -2.5710622915068784E-003  0.34156546756117884     
   3.7687687687687692       -2.2483158279072691E-003  0.33930918444031322     
   3.7787787787787792       -2.1638803044219334E-003  0.33718095626256850     
   3.7887887887887892       -2.2649925439684449E-003  0.33506374078902473     
   3.7987987987987992       -2.7134970071999516E-003  0.33286341860468155     
   3.8088088088088092       -4.1894708832102053E-003  0.33094274211218833     
   3.8188188188188192       -5.1743719312295515E-003  0.33177548228636095     
   3.8288288288288292       -3.3799296631642950E-003  0.33066149420014473     
   3.8388388388388393       -2.9834375059686557E-003  0.32826134971945792     
   3.8488488488488493       -3.4445691255013851E-003  0.32573596826874546     
   3.8588588588588593       -5.6594203515846504E-003  0.32323052838498600     
   3.8688688688688693       -9.6715059895574381E-003  0.32553845338618770     
   3.8788788788788793       -5.6913020232313063E-003  0.32807502351883677     
   3.8888888888888893       -3.3526952436533663E-003  0.32569478122456813     
   3.8988988988988993       -2.9515446396491452E-003  0.32342937598152682     
   3.9089089089089093       -2.7832035886963401E-003  0.32223134308113155     
   3.9189189189189193       -2.1216730954654898E-003  0.32059981980087332     
   3.9289289289289293       -1.9403614655759173E-003  0.31878755525762409     
   3.9389389389389393       -2.1584372392610554E-003  0.31715161725297603     
   3.9489489489489493       -2.3390443751433003E-003  0.31614197292332080     
   3.9589589589589593       -2.1131273166990639E-003  0.31509964092822063     
   3.9689689689689693       -1.6915024010748421E-003  0.31376923940745916     
   3.9789789789789793       -1.5140355879509346E-003  0.31227977424620995     
   3.9889889889889893       -1.4652685451088515E-003  0.31083188079091956     
   3.9989989989989994       -1.5190809976157625E-003  0.30941374887944617     
   4.0090090090090094       -1.7765159030269382E-003  0.30814491215313122     
   4.0190190190190194       -1.7639156497721467E-003  0.30727446212351184     
   4.0290290290290294       -1.5693803214900280E-003  0.30614092319218389     
   4.0390390390390394       -1.3720067564979581E-003  0.30491396301611889     
   4.0490490490490494       -1.2781673917650698E-003  0.30363688943803552     
   4.0590590590590594       -1.2334949862128344E-003  0.30239236271191033     
   4.0690690690690694       -1.2059996749476897E-003  0.30117611488240786     
   4.0790790790790794       -1.1861204529306471E-003  0.29998116644396294     
   4.0890890890890894       -1.1703914997728507E-003  0.29880309637508040     
   4.0990990990990994       -1.1573267088793842E-003  0.29763901199868914     
   4.1091091091091094       -1.1462267408926870E-003  0.29648682022530370     
   4.1191191191191194       -1.1367680067433808E-003  0.29534483353388863     
   4.1291291291291294       -1.1288480462136835E-003  0.29421153878277323     
   4.1391391391391394       -1.1225368611251548E-003  0.29308543297466050     
   4.1491491491491495       -1.1180937022335158E-003  0.29196486974221059     
   4.1591591591591595       -1.1160615602339582E-003  0.29084786760393266     
   4.1691691691691695       -1.1175227964193937E-003  0.28973181042030105     
   4.1791791791791795       -1.1248093044398427E-003  0.28861291538268397     
   4.1891891891891895       -1.1438101207425523E-003  0.28748533769940832     
   4.1991991991991995       -1.1931292453889639E-003  0.28634164690293240     
   4.2092092092092095       -1.3360970897618740E-003  0.28521016666238813     
   4.2192192192192195       -1.4538056686444732E-003  0.28431417627689182     
   4.2292292292292295       -1.3141368956074144E-003  0.28323426857955042     
   4.2392392392392395       -1.3153113475637833E-003  0.28199066461843836     
   4.2492492492492495       -1.4395498065586480E-003  0.28067645685224601     
   4.2592592592592595       -1.7884791815679555E-003  0.27924799404724299     
   4.2692692692692695       -2.8075796169957359E-003  0.27790379069260113     
   4.2792792792792795       -3.7423484048409021E-003  0.27809501753630456     
   4.2892892892892895       -3.6777779385938521E-003  0.27731044908044344     
   4.2992992992992995       -4.2410773957073768E-003  0.27740387095779201     
   4.3093093093093096       -4.0381502510998786E-003  0.27762236774630944     
   4.3193193193193196       -2.5034480354306382E-003  0.27723689151720610     
   4.3293293293293296       -1.7401170926717362E-003  0.27570319767842194     
   4.3393393393393396       -1.5165822262216174E-003  0.27422134817332111     
   4.3493493493493496       -1.5290984930187534E-003  0.27279547106327751     
   4.3593593593593596       -1.8321128355586573E-003  0.27136272779370363     
   4.3693693693693696       -2.7056910600052227E-003  0.27038028222600480     
   4.3793793793793796       -2.6065624721984594E-003  0.27006342934559979     
   4.3893893893893896       -2.8127929190795205E-003  0.26850654072997582     
   4.3993993993993996       -4.8382954300610183E-003  0.26792915944165679     
   4.4094094094094096       -4.1619035713319494E-003  0.27011077833283764     
   4.4194194194194196       -2.2677530322142876E-003  0.26902908042216034     
   4.4294294294294296       -1.6857815281399217E-003  0.26745380693961529     
   4.4394394394394396       -1.5827217867572148E-003  0.26601707106505490     
   4.4494494494494496       -1.6979546959289280E-003  0.26462726728600927     
   4.4594594594594597       -2.3267237072419839E-003  0.26313317993561247     
   4.4694694694694697       -4.2835483533611293E-003  0.26262232541108893     
   4.4794794794794797       -3.7732100655153878E-003  0.26467415780446485     
   4.4894894894894897       -2.0146710280232122E-003  0.26376449680626929     
   4.4994994994994997       -1.4302270734880430E-003  0.26239386384391905     
   4.5095095095095097       -1.2302048009406733E-003  0.26116370071696793     
   4.5195195195195197       -1.1963730532514199E-003  0.26001835319200112     
   4.5295295295295297       -1.3620123052844094E-003  0.25892621056946180     
   4.5395395395395397       -1.7861039033541591E-003  0.25826754251319978     
   4.5495495495495497       -1.5945685492011221E-003  0.25784792535031392     
   4.5595595595595597       -1.2643625767439510E-003  0.25713354623982831     
   4.5695695695695697       -1.0454325533008962E-003  0.25616787730772628     
   4.5795795795795797       -9.8318035545769730E-004  0.25520150879817954     
   4.5895895895895897       -1.0086853301206227E-003  0.25425165789765847     
   4.5995995995995997       -1.1907303593689789E-003  0.25333185899482424     
   4.6096096096096097       -1.4930192183308696E-003  0.25283839180937473     
   4.6196196196196198       -1.1691966623982601E-003  0.25229630864134256     
   4.6296296296296298       -1.0496706500741253E-003  0.25139375233473643     
   4.6396396396396398       -1.1510017736762195E-003  0.25063700139904038     
   4.6496496496496498       -1.0127691507073920E-003  0.25000918092744351     
   4.6596596596596598       -9.1103483030027690E-004  0.24917204142665447     
   4.6696696696696698       -9.5178484457403799E-004  0.24835680496696175     
   4.6796796796796798       -9.8001521258101604E-004  0.24773663604550786     
   4.6896896896896898       -8.4383696597311502E-004  0.24701375159362973     
   4.6996996996996998       -7.8582763288953148E-004  0.24623189479897242     
   4.7097097097097098       -7.6070004401655657E-004  0.24546605960182616     
   4.7197197197197198       -7.4655907319648809E-004  0.24471467902525224     
   4.7297297297297298       -7.3729421944044888E-004  0.24397353493516841     
   4.7397397397397398       -7.3094759970153736E-004  0.24323974790125766     
   4.7497497497497498       -7.2704877799526825E-004  0.24251110331761178     
   4.7597597597597598       -7.2616225096553495E-004  0.24178539587841022     
   4.7697697697697699       -7.3066600025420013E-004  0.24105977093287134     
   4.7797797797797799       -7.4864882904677652E-004  0.24033035645313319     
   4.7897897897897899       -8.1053870025449000E-004  0.23960262852577582     
   4.7997997997997999       -9.2820763211199546E-004  0.23900480669759944     
   4.8098098098098099       -8.1868066470454609E-004  0.23843193946630259     
   4.8198198198198199       -7.4589325279961975E-004  0.23771224305910577     
   4.8298298298298299       -7.2355973865166829E-004  0.23698994927960540     
   4.8398398398398399       -7.1809119899170540E-004  0.23627330736163349     
   4.8498498498498499       -7.2177124341486678E-004  0.23555629892713459     
   4.8598598598598599       -7.3500148363483920E-004  0.23483219765070751     
   4.8698698698698699       -7.6456189910311333E-004  0.23409205020311602     
   4.8798798798798799       -8.3296716117725622E-004  0.23332290356746663     
   4.8898898898898899       -1.0194399201089105E-003  0.23253231909962449     
   4.8998998998998999       -1.3486525906040946E-003  0.23198149411033148     
   4.9099099099099099       -1.4810506620890960E-003  0.23143165131726545     
   4.9199199199199199       -1.6533117176469874E-003  0.23128970533912921     
   4.9299299299299300       -1.1772172026947832E-003  0.23071972216759337     
   4.9399399399399400       -1.0625762701545146E-003  0.22978309630458896     
   4.9499499499499500       -1.2290858104029782E-003  0.22879035274097892     
   4.9599599599599600       -1.9118193791847515E-003  0.22782526008065984     
   4.9699699699699700       -3.0785041840404059E-003  0.22814066181166337     
   4.9799799799799800       -2.2325029890949278E-003  0.22882038998163265     
   4.9899899899899900       -1.4898898108793111E-003  0.22797629269429298     
   5.0000000000000000       -1.3774382849077848E-003  0.22728729734639200     
