  -5.0000000000000000       -3.5884920371893688E-003 -0.22147135645629540     
  -4.9899899899899900       -2.5573620312340484E-003 -0.22034277667245555     
  -4.9799799799799800       -1.4274648791424735E-003 -0.22115100971652271     
  -4.9699699699699700       -1.0766243277244233E-003 -0.22217663887181960     
  -4.9599599599599600       -9.9762249522948425E-004 -0.22313472101046031     
  -4.9499499499499500       -1.0781123891443127E-003 -0.22409518640833670     
  -4.9399399399399400       -1.4216221523401075E-003 -0.22513133024396270     
  -4.9299299299299300       -2.5281925702131326E-003 -0.22601086009204946     
  -4.9199199199199199       -3.7188508640351491E-003 -0.22498274163090715     
  -4.9099099099099099       -2.4778163414625356E-003 -0.22405104418394811     
  -4.8998998998998999       -1.3698467594917031E-003 -0.22489801919366603     
  -4.8898898898898899       -9.9320274681344539E-004 -0.22587598202198206     
  -4.8798798798798799       -8.4769964448723944E-004 -0.22673853646193146     
  -4.8698698698698699       -7.8935124772427337E-004 -0.22753002568639774     
  -4.8598598598598599       -7.9156515595054484E-004 -0.22828287105835063     
  -4.8498498498498499       -8.7811288676713283E-004 -0.22894737926659636     
  -4.8398398398398399       -8.2040382089392113E-004 -0.22948108858095922     
  -4.8298298298298299       -7.2771101973491512E-004 -0.23016312775274630     
  -4.8198198198198199       -6.9682617416672163E-004 -0.23085809880370178     
  -4.8098098098098099       -6.8795504240051265E-004 -0.23154463500821282     
  -4.7997997997997999       -6.9208849197230609E-004 -0.23222902902504786     
  -4.7897897897897899       -7.1704776244780298E-004 -0.23291654261807465     
  -4.7797797797797799       -7.9777449880116065E-004 -0.23357841032904184     
  -4.7697697697697699       -8.1181955386875693E-004 -0.23410956825769430     
  -4.7597597597597598       -7.2693083261321685E-004 -0.23476277108810537     
  -4.7497497497497498       -7.0037031530508463E-004 -0.23545644269186983     
  -4.7397397397397398       -6.9579308578005667E-004 -0.23614917346188116     
  -4.7297297297297298       -7.0179766766448098E-004 -0.23684401646382691     
  -4.7197197197197198       -7.2220607277827123E-004 -0.23754503959914816     
  -4.7097097097097098       -7.8029352493144894E-004 -0.23823555704774346     
  -4.6996996996996998       -8.0192739658077974E-004 -0.23884106935034194     
  -4.6896896896896898       -7.5148664237428646E-004 -0.23953192856209465     
  -4.6796796796796798       -7.4721612520592309E-004 -0.24026258296774380     
  -4.6696696696696698       -7.7668803749054462E-004 -0.24100430497074388     
  -4.6596596596596598       -8.7308777419626388E-004 -0.24173334427204832     
  -4.6496496496496498       -9.3622791175577936E-004 -0.24230013504179806     
  -4.6396396396396398       -8.3266983787592095E-004 -0.24299694694076809     
  -4.6296296296296298       -8.1279090140988649E-004 -0.24378117634919752     
  -4.6196196196196198       -8.5122669434196940E-004 -0.24458301315645081     
  -4.6096096096096097       -9.9204667364123492E-004 -0.24538476715374624     
  -4.5995995995995997       -1.2059643752363098E-003 -0.24591885054488669     
  -4.5895895895895897       -9.9900919634001622E-004 -0.24650935813775859     
  -4.5795795795795797       -9.0519521525724532E-004 -0.24735804494327698     
  -4.5695695695695697       -9.1505638634590094E-004 -0.24823242623077987     
  -4.5595595595595597       -1.0156732625528713E-003 -0.24912766016903054     
  -4.5495495495495497       -1.3138719317594555E-003 -0.24992053976306444     
  -4.5395395395395397       -1.3146030984494800E-003 -0.25034142074714083     
  -4.5295295295295297       -1.1034511359643828E-003 -0.25122073842718468     
  -4.5195195195195197       -1.1168595635262866E-003 -0.25224096450849171     
  -4.5095095095095097       -1.3314329452446170E-003 -0.25331296969299888     
  -4.4994994994994997       -1.9718345423555246E-003 -0.25417344464764191     
  -4.4894894894894897       -2.0067825012718651E-003 -0.25425747566023332     
  -4.4794794794794797       -1.6606005288852589E-003 -0.25533319573070401     
  -4.4694694694694697       -2.0436683001894946E-003 -0.25669617823562824     
  -4.4594594594594597       -3.4356971561597211E-003 -0.25725731458593976     
  -4.4494494494494496       -2.9041056606265879E-003 -0.25635254233278071     
  -4.4394394394394396       -1.8974763033656734E-003 -0.25755017541021752     
  -4.4294294294294296       -1.7332368248325113E-003 -0.25909236338415359     
  -4.4194194194194196       -2.0427530529574527E-003 -0.26072971050840965     
  -4.4094094094094096       -3.2104930989923642E-003 -0.26243483569338943     
  -4.3993993993993996       -5.5020900700842989E-003 -0.26221856782621605     
  -4.3893893893893896       -4.8030945575900878E-003 -0.26182900118004132     
  -4.3793793793793796       -6.5091105033505091E-003 -0.26243026801586633     
  -4.3693693693693696       -5.3708381336065375E-003 -0.25970760385035474     
  -4.3593593593593596       -2.9817507122483792E-003 -0.26112119039724868     
  -4.3493493493493496       -2.4796994999251175E-003 -0.26317962351041740     
  -4.3393393393393396       -3.2157923214028708E-003 -0.26492952130862557     
  -4.3293293293293296       -4.2607630554018974E-003 -0.26445758125858337     
  -4.3193193193193196       -2.6632137061272229E-003 -0.26482698667715759     
  -4.3093093093093096       -2.0341229935375731E-003 -0.26657281624918688     
  -4.2992992992992995       -2.0540956757529329E-003 -0.26839311073067162     
  -4.2892892892892895       -2.6308096420074078E-003 -0.27035884898130258     
  -4.2792792792792795       -4.5671623972330620E-003 -0.27225586481289227     
  -4.2692692692692695       -7.2028676529496110E-003 -0.27088093958873732     
  -4.2592592592592595       -6.7594049897754830E-003 -0.27059936370212001     
  -4.2492492492492495       -7.4857579205947523E-003 -0.26825374800696883     
  -4.2392392392392395       -4.0572893324766039E-003 -0.26826584494501060     
  -4.2292292292292295       -3.0383500050714450E-003 -0.27038172802187976     
  -4.2192192192192195       -3.3571530574537699E-003 -0.27127934216841437     
  -4.2092092092092095       -2.2968073144761119E-003 -0.27185968750518874     
  -4.1991991991991995       -1.6848844381581638E-003 -0.27335330670442937     
  -4.1891891891891895       -1.5549543575393897E-003 -0.27472615425372982     
  -4.1791791791791795       -1.4469593776245322E-003 -0.27579655450339746     
  -4.1691691691691695       -1.2572371251426062E-003 -0.27697344173886473     
  -4.1591591591591595       -1.1751206132416599E-003 -0.27815501666076758     
  -4.1491491491491495       -1.1355556267013788E-003 -0.27929994278622461     
  -4.1391391391391394       -1.1140458194624670E-003 -0.28042041637715892     
  -4.1291291291291294       -1.1023043617403483E-003 -0.28152648397418534     
  -4.1191191191191194       -1.0968409885039482E-003 -0.28262494044689268     
  -4.1091091091091094       -1.0960306334962941E-003 -0.28372070273448713     
  -4.0990990990990994       -1.0992748228465710E-003 -0.28481773911040426     
  -4.0890890890890894       -1.1069708650759888E-003 -0.28591975422195509     
  -4.0790790790790794       -1.1214941972484411E-003 -0.28703085337932011     
  -4.0690690690690694       -1.1517613927695661E-003 -0.28815535667975878     
  -4.0590590590590594       -1.2294093767737499E-003 -0.28927841920864261     
  -4.0490490490490494       -1.2909986748096934E-003 -0.29028581394060243     
  -4.0390390390390394       -1.2198877091276115E-003 -0.29139069649807164     
  -4.0290290290290294       -1.2142827490273930E-003 -0.29257600599852035     
  -4.0190190190190194       -1.2596213526084824E-003 -0.29378662553319840     
  -4.0090090090090094       -1.3990003573365250E-003 -0.29501315267870526     
  -3.9989989989989989       -1.6571663242594247E-003 -0.29601247589820812     
  -3.9889889889889889       -1.4792834164408764E-003 -0.29698114023612143     
  -3.9789789789789789       -1.3843220093804516E-003 -0.29827689862516665     
  -3.9689689689689689       -1.4320333024663628E-003 -0.29962413528770143     
  -3.9589589589589589       -1.6544298416348721E-003 -0.30097582127547490     
  -3.9489489489489489       -1.9779650147577644E-003 -0.30193572381328060     
  -3.9389389389389389       -1.7107848260040656E-003 -0.30304242165928713     
  -3.9289289289289289       -1.6693751470803259E-003 -0.30455124271417039     
  -3.9189189189189189       -1.9281662812716430E-003 -0.30612697540506423     
  -3.9089089089089089       -2.6112149441161890E-003 -0.30730248682133254     
  -3.8988988988988988       -2.3501052024142736E-003 -0.30805599177168641     
  -3.8888888888888888       -2.0963590044765722E-003 -0.30979733486308808     
  -3.8788788788788788       -2.3170236928415724E-003 -0.31180370706372851     
  -3.8688688688688688       -3.1116073100820882E-003 -0.31409479145022418     
  -3.8588588588588588       -5.5686826687724759E-003 -0.31646663828902472     
  -3.8488488488488488       -1.0208653522177964E-002 -0.31410788717491173     
  -3.8388388388388388       -6.2138897659517155E-003 -0.31064351590906303     
  -3.8288288288288288       -3.4276324837127906E-003 -0.31297362911368687     
  -3.8188188188188188       -2.5692084253521852E-003 -0.31547913876164413     
  -3.8088088088088088       -2.3077972607999249E-003 -0.31776013829434441     
  -3.7987987987987988       -2.3101701648933124E-003 -0.31997721147645225     
  -3.7887887887887888       -2.5425110707357301E-003 -0.32228188513133438     
  -3.7787787787787788       -3.2045423241761108E-003 -0.32482060421217351     
  -3.7687687687687688       -5.1161110632837042E-003 -0.32736861462264105     
  -3.7587587587587588       -7.4860896900429807E-003 -0.32701165186198716     
  -3.7487487487487487       -7.0326508906533502E-003 -0.32837499701702039     
  -3.7387387387387387       -9.8803388491770644E-003 -0.32861840692788508     
  -3.7287287287287287       -7.6280677240392007E-003 -0.32793290390445995     
  -3.7187187187187187       -7.9318441341478928E-003 -0.33195455841168170     
  -3.7087087087087087       -1.3499043614443410E-002 -0.33242096250518505     
  -3.6986986986986987       -1.2296695030160940E-002 -0.32788489940257720     
  -3.6886886886886887       -1.0256191612587735E-002 -0.32646478577400934     
  -3.6786786786786787       -5.7179807724994829E-003 -0.32803646817147103     
  -3.6686686686686687       -3.9382553955631828E-003 -0.33163609808414640     
  -3.6586586586586587       -3.4312033765167872E-003 -0.33497901127230195     
  -3.6486486486486487       -3.4822422113790432E-003 -0.33823375800270300     
  -3.6386386386386387       -4.0542712821839549E-003 -0.34171802878387003     
  -3.6286286286286287       -5.6372205635025078E-003 -0.34581771466513944     
  -3.6186186186186187       -1.0256760647113033E-002 -0.35064898241254988     
  -3.6086086086086087       -2.2690867461908834E-002 -0.34918168388669540     
  -3.5985985985985987       -1.9253269013039285E-002 -0.33375193306704570     
  -3.5885885885885886       -1.0416662399896776E-002 -0.33637008656458667     
  -3.5785785785785786       -1.0260994793312873E-002 -0.33947311126375540     
  -3.5685685685685686       -8.1216835982068202E-003 -0.33848588568083149     
  -3.5585585585585586       -4.6675976867797996E-003 -0.34108092674099261     
  -3.5485485485485486       -3.3160790723478304E-003 -0.34434888931432700     
  -3.5385385385385386       -2.7483979604372996E-003 -0.34718498132890036     
  -3.5285285285285286       -2.4603774632379330E-003 -0.34971490420817414     
  -3.5185185185185186       -2.2964141042562556E-003 -0.35205869165537473     
  -3.5085085085085086       -2.1970921822916786E-003 -0.35428727869415200     
  -3.4984984984984986       -2.1354793688698782E-003 -0.35644330078909636     
  -3.4884884884884886       -2.0977895000752057E-003 -0.35855389352731032     
  -3.4784784784784786       -2.0763270192394058E-003 -0.36063734278295972     
  -3.4684684684684686       -2.0665235429917221E-003 -0.36270663760770211     
  -3.4584584584584586       -2.0655551194166044E-003 -0.36477147530509135     
  -3.4484484484484486       -2.0716460636945157E-003 -0.36683946176106075     
  -3.4384384384384385       -2.0837028186456033E-003 -0.36891687777445248     
  -3.4284284284284285       -2.1011251268095283E-003 -0.37100920962077794     
  -3.4184184184184185       -2.1237313099717226E-003 -0.37312156238992916     
  -3.4084084084084085       -2.1517870660782696E-003 -0.37525904386113440     
  -3.3983983983983985       -2.1861855070071756E-003 -0.37742721197099877     
  -3.3883883883883881       -2.2289544405378263E-003 -0.37963272970481654     
  -3.3783783783783781       -2.2846748342754152E-003 -0.38188449635115562     
  -3.3683683683683681       -2.3650069446054440E-003 -0.38419563044959387     
  -3.3583583583583581       -2.5061240256273598E-003 -0.38658409105019748     
  -3.3483483483483480       -2.8356366737459036E-003 -0.38901909157192222     
  -3.3383383383383380       -3.3262399108117662E-003 -0.39104360018460976     
  -3.3283283283283280       -3.0985955546300879E-003 -0.39298594483466059     
  -3.3183183183183180       -2.8570022234388919E-003 -0.39559964684424742     
  -3.3083083083083080       -2.8819716829052030E-003 -0.39838544189594510     
  -3.2982982982982980       -3.0487481032031517E-003 -0.40129234243838890     
  -3.2882882882882880       -3.3991769515252109E-003 -0.40439473941605658     
  -3.2782782782782780       -4.2171653389008069E-003 -0.40771627191696364     
  -3.2682682682682680       -5.7632828790441402E-003 -0.41028971456555330     
  -3.2582582582582580       -5.8241326406742767E-003 -0.41300010593636771     
  -3.2482482482482480       -7.6277975659092244E-003 -0.41759039224870254     
  -3.2382382382382380       -1.3294287913050772E-002 -0.41946264080200552     
  -3.2282282282282280       -1.3994530832794857E-002 -0.41728641264235072     
  -3.2182182182182180       -1.3792290334525210E-002 -0.41583177801843141     
  -3.2082082082082080       -1.0082862974896202E-002 -0.41886541008964373     
  -3.1981981981981980       -1.2805487675754233E-002 -0.42308152593958098     
  -3.1881881881881879       -1.2665925357137127E-002 -0.41936695628598947     
  -3.1781781781781779       -7.4514840244610117E-003 -0.42263600351082259     
  -3.1681681681681679       -5.9231421643266046E-003 -0.42799470491711439     
  -3.1581581581581579       -6.2024148034955946E-003 -0.43316558590973342     
  -3.1481481481481479       -8.3046672147218531E-003 -0.43696899575819376     
  -3.1381381381381379       -7.6846157778606610E-003 -0.43865928584725222     
  -3.1281281281281279       -6.7506742926475086E-003 -0.44382758134893285     
  -3.1181181181181179       -8.0227870345303889E-003 -0.44996376872615967     
  -3.1081081081081079       -1.2774340574290968E-002 -0.45533918048387145     
  -3.0980980980980979       -1.5427803006448923E-002 -0.45434568257580599     
  -3.0880880880880879       -1.4302280798395534E-002 -0.46072685980098549     
  -3.0780780780780779       -2.3258996732458938E-002 -0.46940845563625727     
  -3.0680680680680679       -3.9316390797009743E-002 -0.46088868816383777     
  -3.0580580580580579       -3.3396821240964547E-002 -0.44287726732875410     
  -3.0480480480480479       -1.6649285405855453E-002 -0.44510982232359358     
  -3.0380380380380378       -1.0866503195259506E-002 -0.45442416786373691     
  -3.0280280280280278       -1.0251131807002659E-002 -0.46211585475436817     
  -3.0180180180180178       -9.7095072578573006E-003 -0.46651554119622385     
  -3.0080080080080078       -8.0204201056910257E-003 -0.47297644201856737     
  -2.9979979979979978       -7.9699943260055431E-003 -0.48034468190281954     
  -2.9879879879879878       -9.0712865069619841E-003 -0.48832723657632432     
  -2.9779779779779778       -1.1909127496754785E-002 -0.49765289452635236     
  -2.9679679679679678       -1.9357555469246831E-002 -0.50914404174575290     
  -2.9579579579579578       -4.1118996503943926E-002 -0.51687117244712943     
  -2.9479479479479478       -5.4612513567331204E-002 -0.49041226529168974     
  -2.9379379379379378       -4.2915874775016301E-002 -0.48998710122618006     
  -2.9279279279279278       -5.2098800874286103E-002 -0.47810290195912108     
  -2.9179179179179178       -2.8717834735408704E-002 -0.46742097341218980     
  -2.9079079079079078       -1.5109923486985481E-002 -0.47860167175561957     
  -2.8978978978978978       -1.0332660578644208E-002 -0.48908497631223985     
  -2.8878878878878878       -8.2920644177537223E-003 -0.49770612046232954     
  -2.8778778778778777       -7.2773518281781541E-003 -0.50521212718113406     
  -2.8678678678678677       -6.7304085123278288E-003 -0.51208277881381015     
  -2.8578578578578577       -6.4297328685638784E-003 -0.51859143831746124     
  -2.8478478478478477       -6.2736417713066088E-003 -0.52490160034305156     
  -2.8378378378378377       -6.2103080491365910E-003 -0.53111788906504553     
  -2.8278278278278277       -6.2112782689232428E-003 -0.53731195421932065     
  -2.8178178178178177       -6.2601481711220333E-003 -0.54353622006729596     
  -2.8078078078078077       -6.3472509002720024E-003 -0.54983162817135789     
  -2.7977977977977977       -6.4669940377535626E-003 -0.55623228452337792     
  -2.7877877877877877       -6.6164770718233675E-003 -0.56276845938689024     
  -2.7777777777777777       -6.7947938023991249E-003 -0.56946871211470507     
  -2.7677677677677677       -7.0027612893210573E-003 -0.57636159742349868     
  -2.7577577577577577       -7.2429972626029656E-003 -0.58347727604974864     
  -2.7477477477477477       -7.5204249143156453E-003 -0.59084933465962786     
  -2.7377377377377377       -7.8435759839100127E-003 -0.59851720373289308     
  -2.7277277277277276       -8.2280277081029779E-003 -0.60652962995700443     
  -2.7177177177177176       -8.7073583381922399E-003 -0.61494703508357074     
  -2.7077077077077076       -9.3456738845946793E-003 -0.62380198573712031     
  -2.6976976976976976       -1.0051273097855544E-002 -0.63318446890555435     
  -2.6876876876876876       -1.1071439520587228E-002 -0.64348096360851537     
  -2.6776776776776776       -1.2908158274884557E-002 -0.65490268484847680     
  -2.6676676676676676       -1.7002321276131677E-002 -0.66763498984231617     
  -2.6576576576576576       -2.6341985668190668E-002 -0.67772532618304981     
  -2.6476476476476476       -3.1363676374921087E-002 -0.67904006832310082     
  -2.6376376376376376       -2.7143903712649818E-002 -0.68879630326452823     
  -2.6276276276276276       -3.5892369477882650E-002 -0.70306433891664488     
  -2.6176176176176176       -3.8433058034194646E-002 -0.69839712836318202     
  -2.6076076076076076       -2.7056751500991037E-002 -0.71243636448885617     
  -2.5975975975975976       -2.6785190041389229E-002 -0.73451942846067186     
  -2.5875875875875876       -3.6478742303162150E-002 -0.75828036880891403     
  -2.5775775775775776       -6.1185069901089406E-002 -0.76983810345582770     
  -2.5675675675675675       -7.3510967281138886E-002 -0.76574334667637300     
  -2.5575575575575575       -6.5767925151590148E-002 -0.74742660819996731     
  -2.5475475475475475       -3.9895535073130171E-002 -0.76685884892433831     
  -2.5375375375375375       -3.3171349185422583E-002 -0.79676770064401348     
  -2.5275275275275275       -3.5370275307577741E-002 -0.82668008180916419     
  -2.5175175175175175       -4.3246876013080367E-002 -0.85227396818079981     
  -2.5075075075075075       -4.5322074560444639E-002 -0.88129137871727325     
  -2.4974974974974975       -5.9081789532073867E-002 -0.92201834842252495     
  -2.4874874874874875      -0.10034806069116509      -0.95398362539786630     
  -2.4774774774774775      -0.12507496427988218      -0.94779426138633549     
  -2.4674674674674675      -0.11819828149895539      -0.94879649751297568     
  -2.4574574574574575      -0.11062308447078749       -1.0047696830480102     
  -2.4474474474474475      -0.17731418121662132       -1.0597334752014016     
  -2.4374374374374375      -0.22766859273889831      -0.99489443040985803     
  -2.4274274274274275      -0.15418126169953947      -0.98555422534794490     
  -2.4174174174174174      -0.11074231992293011       -1.0659721644428202     
  -2.4074074074074074      -0.10969336825579676       -1.1627178807191980     
  -2.3973973973973974      -0.13255513190050988       -1.2730163073463134     
  -2.3873873873873874      -0.18950459403232658       -1.4091830978376638     
  -2.3773773773773774      -0.32984547637070305       -1.5631183055245792     
  -2.3673673673673674      -0.56147780447260576       -1.6298797864224268     
  -2.3573573573573574      -0.77367248466847183       -1.5985222142214193     
  -2.3473473473473474      -0.94494342563543110       -1.5244764617655451     
  -2.3373373373373374       -1.0890691475655694       -1.4323573646827186     
  -2.3273273273273274       -1.1998163174719898       -1.3182866299424840     
  -2.3173173173173174       -1.2959518637614313       -1.2238167351069809     
  -2.3073073073073074       -1.3939428003645451       -1.1012568500434476     
  -2.2972972972972974       -1.4758230800352958      -0.95073473237108252     
  -2.2872872872872874       -1.4893910655172671      -0.77007844107490397     
  -2.2772772772772774       -1.4198857253310038      -0.71606825932302010     
  -2.2672672672672673       -1.5562116667518171      -0.68061462048065580     
  -2.2572572572572573       -1.6671472243218686      -0.49351965075023985     
  -2.2472472472472473       -1.7119166133566481      -0.26509557804733380     
  -2.2372372372372373       -1.7024550125838462       -1.1197969566324743E-002
  -2.2272272272272273       -1.6274536532659643       0.26762136126355568     
  -2.2172172172172173       -1.4545502850427308       0.56205445882855287     
  -2.2072072072072073       -1.1270717169938094       0.82064676046656881     
  -2.1971971971971973      -0.64934422076459397       0.86147523756689592     
  -2.1871871871871873      -0.33000396678635113       0.63925672693282909     
  -2.1771771771771773      -0.20120748377224987       0.43064744203289135     
  -2.1671671671671673      -0.14073747661858982       0.27740453069241389     
  -2.1571571571571573      -0.10690097085984993       0.16105273426677616     
  -2.1471471471471473       -8.5741813208048731E-002   6.8516535015255425E-002
  -2.1371371371371373       -7.1554343948413063E-002  -7.9500999315297652E-003
  -2.1271271271271273       -6.1679530654096607E-002  -7.3110506837019557E-002
  -2.1171171171171173       -5.4824324604443572E-002 -0.12983155550405484     
  -2.1071071071071072       -4.9626586140043609E-002 -0.18009211956416640     
  -2.0970970970970972       -4.5644590797754354E-002 -0.22580326574234805     
  -2.0870870870870872       -4.3145577467414806E-002 -0.26879355242087238     
  -2.0770770770770772       -4.3712894021170609E-002 -0.30874797822975836     
  -2.0670670670670672       -4.4746214439304002E-002 -0.34356294395435327     
  -2.0570570570570572       -4.9117714796920314E-002 -0.37680577417627781     
  -2.0470470470470472       -4.7638811900195595E-002 -0.39736284413416489     
  -2.0370370370370372       -3.7657761297725668E-002 -0.42853456893076708     
  -2.0270270270270272       -3.2812784082712258E-002 -0.46252322453225692     
  -2.0170170170170172       -2.7349732775828708E-002 -0.49805435860290170     
  -2.0070070070070072       -3.6493994561442318E-002 -0.54315776913196523     
  -1.9969969969969972       -4.0507664603762615E-002 -0.56155729708708912     
  -1.9869869869869872       -3.6825742721973136E-002 -0.59423304466390736     
  -1.9769769769769772       -3.7800572406958076E-002 -0.62921704379474919     
  -1.9669669669669672       -3.9980140350818184E-002 -0.66271955466563526     
  -1.9569569569569571       -4.0221086056394711E-002 -0.69926938383544635     
  -1.9469469469469471       -4.2885050973572529E-002 -0.73935718543080142     
  -1.9369369369369371       -4.8805517642350207E-002 -0.78100272477462429     
  -1.9269269269269271       -5.2975488108610462E-002 -0.82189489177981179     
  -1.9169169169169171       -5.6206222471179734E-002 -0.87203934032722030     
  -1.9069069069069071       -6.4439513496250725E-002 -0.92993176275807909     
  -1.8968968968968971       -7.9984572297039355E-002 -0.99715985110715633     
  -1.8868868868868871      -0.11398540617766419       -1.0740409893549283     
  -1.8768768768768771      -0.16989835993452793       -1.1297721417047493     
  -1.8668668668668671      -0.21604009915918690       -1.1824373466443676     
  -1.8568568568568571      -0.22231088332738905       -1.2358791938828166     
  -1.8468468468468471      -0.27354702964119665       -1.3923530335129157     
  -1.8368368368368371      -0.47337566383705376       -1.5259965583554491     
  -1.8268268268268271      -0.71316756101708167       -1.4904570869738414     
  -1.8168168168168171      -0.82865221647759391       -1.3679761545470468     
  -1.8068068068068071      -0.84509646674534400       -1.2569398837710486     
  -1.7967967967967970      -0.78888740852284645       -1.3123900839387110     
  -1.7867867867867866      -0.93121030426430917       -1.4290985834003274     
  -1.7767767767767766       -1.1200451720809999       -1.3982715733792763     
  -1.7667667667667666       -1.2540307456062771       -1.3073875435857956     
  -1.7567567567567566       -1.3292320827110966       -1.2134703820622710     
  -1.7467467467467466       -1.4028344653567046       -1.1559017085541718     
  -1.7367367367367366       -1.4874994637332788       -1.0820556536043395     
  -1.7267267267267266       -1.5727089382331014      -0.99254105581950836     
  -1.7167167167167166       -1.6425569557604052      -0.88637872566739284     
  -1.7067067067067065       -1.6982046265591657      -0.77261640012820898     
  -1.6966966966966965       -1.7399600492600855      -0.65078233566006338     
  -1.6866866866866865       -1.7592621903978325      -0.52505766566465828     
  -1.6766766766766765       -1.7767877935027530      -0.41430755393530255     
  -1.6666666666666665       -1.7869876040421875      -0.26947185510656618     
  -1.6566566566566565       -1.7247981817940969      -0.12572447504443432     
  -1.6466466466466465       -1.6750911995237390      -0.11988649066387705     
  -1.6366366366366365       -1.7641912196997294       -1.6848691817714791E-002
  -1.6266266266266265       -1.7791534065500736       0.16640296442483746     
  -1.6166166166166165       -1.7417777274443886       0.35900654049346098     
  -1.6066066066066065       -1.6619434518135878       0.55831744339081635     
  -1.5965965965965965       -1.5307248274424350       0.76374984642964827     
  -1.5865865865865865       -1.3259994468466973       0.96551543353637792     
  -1.5765765765765765       -1.0116779158686675        1.1230790723240331     
  -1.5665665665665665      -0.59731132211464055        1.1049870173026259     
  -1.5565565565565564      -0.31881141354345160       0.87863269473330108     
  -1.5465465465465464      -0.20391194386237094       0.66712776105562455     
  -1.5365365365365364      -0.14897264738965993       0.50632191249023162     
  -1.5265265265265264      -0.11773793671010330       0.37964302544600542     
  -1.5165165165165164       -9.7974591641822539E-002  0.27522501151672141     
  -1.5065065065065064       -8.4621139285195296E-002  0.18592437288583122     
  -1.4964964964964964       -7.5240374261512977E-002  0.10725994798178698     
  -1.4864864864864864       -6.8525418690877402E-002   3.6240769014557361E-002
  -1.4764764764764764       -6.3730884403611618E-002  -2.9254948789122919E-002
  -1.4664664664664664       -6.0428565931059712E-002  -9.0827735070117488E-002
  -1.4564564564564564       -5.8416134481113789E-002 -0.14977127104382507     
  -1.4464464464464464       -5.7775163002039706E-002 -0.20719234911953774     
  -1.4364364364364364       -5.9138479372476738E-002 -0.26358042117164415     
  -1.4264264264264264       -6.1012884315593846E-002 -0.31828019335712976     
  -1.4164164164164164       -6.3656567456169766E-002 -0.37623499236485075     
  -1.4064064064064064       -7.3973323357569967E-002 -0.43529923670715470     
  -1.3963963963963963       -8.6866071544981049E-002 -0.48429836860779391     
  -1.3863863863863863       -8.5740205727898200E-002 -0.53123697556420557     
  -1.3763763763763763       -8.1443670873183466E-002 -0.59735385318135259     
  -1.3663663663663663       -8.6742018044517852E-002 -0.67319652614047032     
  -1.3563563563563563       -9.4607341194048372E-002 -0.74929011724061811     
  -1.3463463463463463      -0.10363742271984178      -0.85848417678565314     
  -1.3363363363363363      -0.13610266975839130      -0.96664431333712197     
  -1.3263263263263263      -0.17923865024844346       -1.1061757685197700     
  -1.3163163163163163      -0.27251522157990560       -1.2859173842322620     
  -1.3063063063063063      -0.49136307482527558       -1.4620899677499894     
  -1.2962962962962963      -0.77816041800067492       -1.4912777570764613     
  -1.2862862862862863      -0.99689382736455301       -1.4279411481376776     
  -1.2762762762762763       -1.1744248014572392       -1.3497280536112091     
  -1.2662662662662663       -1.3226454290958451       -1.2485676890390631     
  -1.2562562562562563       -1.4413945338676992       -1.1383947461997130     
  -1.2462462462462462       -1.5380366449763703       -1.0243410747211992     
  -1.2362362362362362       -1.6169225523564390      -0.90701371262541408     
  -1.2262262262262262       -1.6793334529806574      -0.78488682896944828     
  -1.2162162162162162       -1.7199975354482899      -0.65502302114237521     
  -1.2062062062062062       -1.7183502049663493      -0.53293953254404258     
  -1.1961961961961962       -1.7161688645441180      -0.45251102617858374     
  -1.1861861861861862       -1.7024212856599406      -0.38874124009050015     
  -1.1761761761761762       -1.7544529729123306      -0.36533096078558275     
  -1.1661661661661662       -1.8256514184056489      -0.25622835814843753     
  -1.1561561561561562       -1.8518142133604090      -0.12681404988778711     
  -1.1461461461461462       -1.8473717211199339       -1.8194959621938285E-004
  -1.1361361361361362       -1.8319854982655011       0.10552077998717141     
  -1.1261261261261262       -1.8137136610511881       0.23077986624682439     
  -1.1161161161161162       -1.7361078812190132       0.34367105064919451     
  -1.1061061061061062       -1.6905701119814425       0.34170263916146287     
  -1.0960960960960962       -1.7493289694538747       0.44072585344222559     
  -1.0860860860860861       -1.7344323728333095       0.59054973030456004     
  -1.0760760760760761       -1.6822555731876789       0.73394293036019032     
  -1.0660660660660661       -1.6069530813995354       0.87258558656063556     
  -1.0560560560560561       -1.5088128196712369        1.0087572230097543     
  -1.0460460460460461       -1.3832115308953519        1.1422114705865898     
  -1.0360360360360361       -1.2214434344552882        1.2692775900315441     
  -1.0260260260260261       -1.0090323979245306        1.3784623536332108     
  -1.0160160160160161      -0.72676178716469964        1.4329985418426281     
  -1.0060060060060061      -0.41383962354625864        1.3383275956714202     
 -0.99599599599599564      -0.23623247873764813        1.1354575289343021     
 -0.98598598598598564      -0.16060702333189716       0.96532099453901943     
 -0.97597597597597563      -0.12167711206295215       0.83394910184736004     
 -0.96596596596596562       -9.8218052038140949E-002  0.72844762889480075     
 -0.95595595595595562       -8.2637509240455112E-002  0.64040731465440681     
 -0.94594594594594561       -7.1622436700600187E-002  0.56470472632215885     
 -0.93593593593593560       -6.3502723303041755E-002  0.49806228929166463     
 -0.92592592592592560       -5.7346170502673863E-002  0.43826548202663779     
 -0.91591591591591559       -5.2592675241880833E-002  0.38374398757086720     
 -0.90590590590590558       -4.8887057629347960E-002  0.33333643409616592     
 -0.89589589589589558       -4.5995220841347224E-002  0.28615082645053525     
 -0.88588588588588557       -4.3759002903167435E-002  0.24147734808515542     
 -0.87587587587587556       -4.2070532074081499E-002  0.19873113942915566     
 -0.86586586586586556       -4.0857132953288806E-002  0.15741283885773397     
 -0.85585585585585555       -4.0072338955556688E-002  0.11707984435211594     
 -0.84584584584584555       -3.9690720992986615E-002   7.7323973502627125E-002
 -0.83583583583583554       -3.9705366163731048E-002   3.7752640692598025E-002
 -0.82582582582582553       -4.0127509444263958E-002  -2.0286179905248370E-003
 -0.81581581581581553       -4.0988330529662158E-002  -4.2434219393950257E-002
 -0.80580580580580552       -4.2343499460387152E-002  -8.3919369323178727E-002
 -0.79579579579579551       -4.4282013442448559E-002 -0.12700659281480961     
 -0.78578578578578551       -4.6943030146124276E-002 -0.17232258538607784     
 -0.77577577577577550       -5.0550568470438595E-002 -0.22065327707340332     
 -0.76576576576576549       -5.5498217283370031E-002 -0.27302823620955574     
 -0.75575575575575549       -6.2611914613659281E-002 -0.33079727007406262     
 -0.74574574574574548       -7.3649634516679011E-002 -0.39482837091833434     
 -0.73573573573573547       -8.6979184688916411E-002 -0.46630954306443856     
 -0.72572572572572547      -0.10927402826635325      -0.55445525813466634     
 -0.71571571571571546      -0.15761497112598019      -0.65125865465275101     
 -0.70570570570570545      -0.20515072906172668      -0.73767474057727267     
 -0.69569569569569545      -0.26450003288237761      -0.85833414686893983     
 -0.68568568568568544      -0.35923849403363833       -1.0463931461285467     
 -0.67567567567567544      -0.64505161763955687       -1.2381819088604442     
 -0.66566566566566543       -1.0153903847416057       -1.2153429508514140     
 -0.65565565565565542       -1.2921645357318969       -1.0626252828667599     
 -0.64564564564564542       -1.4844340838495544      -0.87188843650562387     
 -0.63563563563563541       -1.6172769569436478      -0.67053079682067440     
 -0.62562562562562540       -1.7059112518807442      -0.46692701324860836     
 -0.61561561561561540       -1.7586597985754182      -0.26348463133333022     
 -0.60560560560560539       -1.7785234772715925       -6.0483197818917714E-002
 -0.59559559559559538       -1.7615682422914769       0.13896893625427673     
 -0.58558558558558538       -1.7171669263842764       0.31565117268600340     
 -0.57557557557557537       -1.6533122257513411       0.50140727001573804     
 -0.56556556556556536       -1.5246588212774097       0.67398982072201030     
 -0.55555555555555536       -1.3347170318822359       0.70926311969546552     
 -0.54554554554554535       -1.3956648320722600       0.71499372948218431     
 -0.53553553553553535       -1.3713473829639649       0.94898743360105897     
 -0.52552552552552534       -1.2048320907612764        1.1602139748500939     
 -0.51551551551551533      -0.95153945536973350        1.3136676541263728     
 -0.50550550550550533      -0.61690476180859821        1.3563234336482348     
 -0.49549549549549532      -0.32441702489448143        1.2075992636967450     
 -0.48548548548548531      -0.19267648427229617        1.0187429295640458     
 -0.47547547547547531      -0.13368639189522649       0.87443805118330264     
 -0.46546546546546530      -0.10151898768313833       0.76418872819804373     
 -0.45545545545545529       -8.1508538298445635E-002  0.67624665391361050     
 -0.44544544544544529       -6.7970376681074848E-002  0.60349552403909112     
 -0.43543543543543528       -5.8276295932056785E-002  0.54158460096621053     
 -0.42542542542542527       -5.1049163449995001E-002  0.48771061707978386     
 -0.41541541541541527       -4.5499146937107070E-002  0.43997500558770097     
 -0.40540540540540526       -4.1141604908875383E-002  0.39703641300447484     
 -0.39539539539539525       -3.7663304749003208E-002  0.35791291879093184     
 -0.38538538538538525       -3.4853374360836256E-002  0.32186361436213673     
 -0.37537537537537524       -3.2565193242256395E-002  0.28831443244135169     
 -0.36536536536536524       -3.0694190022671042E-002  0.25680982726487928     
 -0.35535535535535523       -2.9164322681075452E-002  0.22698018403317563     
 -0.34534534534534522       -2.7919543094539482E-002  0.19851913701562068     
 -0.33533533533533522       -2.6918250050751647E-002  0.17116731245788572     
 -0.32532532532532521       -2.6129605270283910E-002  0.14470033351452483     
 -0.31531531531531520       -2.5531054552226064E-002  0.11891969732453526     
 -0.30530530530530520       -2.5106658764645202E-002   9.3645599301764956E-002
 -0.29529529529529519       -2.4845993378141060E-002   6.8711064845126818E-002
 -0.28528528528528518       -2.4743469870463625E-002   4.3956924404809694E-002
 -0.27527527527527518       -2.4797994130877566E-002   1.9227273591990109E-002
 -0.26526526526526517       -2.5012921151732842E-002  -5.6348822970691591E-003
 -0.25525525525525516       -2.5396301406268407E-002  -3.0792079087627971E-002
 -0.24524524524524516       -2.5961449563124316E-002  -5.6417231595246781E-002
 -0.23523523523523515       -2.6727907515062346E-002  -8.2699197447066899E-002
 -0.22522522522522515       -2.7722929837205527E-002 -0.10984949725733953     
 -0.21521521521521514       -2.8983704081749821E-002 -0.13811077613719649     
 -0.20520520520520513       -3.0560653577159941E-002 -0.16776784315879339     
 -0.19519519519519513       -3.2522398405692349E-002 -0.19916253470916861     
 -0.18518518518518512       -3.4963351541080177E-002 -0.23271432421013824     
 -0.17517517517517511       -3.8015664878264667E-002 -0.26894974799321714     
 -0.16516516516516511       -4.1868662263801606E-002 -0.30854572701936051     
 -0.15515515515515510       -4.6801792300885652E-002 -0.35239552214219072     
 -0.14514514514514509       -5.3243417107116345E-002 -0.40171301259679942     
 -0.13513513513513509       -6.1882469058963323E-002 -0.45820483737655887     
 -0.12512512512512508       -7.3897829361362743E-002 -0.52436884722964072     
 -0.11511511511511507       -9.1479360532986748E-002 -0.60403943209661215     
 -0.10510510510510507      -0.11917800098763384      -0.70342486860728659     
  -9.5095095095095061E-002 -0.16806591930701770      -0.83294946724521923     
  -8.5085085085085055E-002 -0.27124158963626233       -1.0070723878292354     
  -7.5075075075075048E-002 -0.52408431095611929       -1.1908110485869527     
  -6.5065065065065042E-002 -0.89753105391746579       -1.1663985250799291     
  -5.5055055055055035E-002  -1.1071270451729405      -0.96911754890000257     
  -4.5045045045045029E-002  -1.2309340305244600      -0.88269877749671244     
  -3.5035035035035023E-002  -1.3888184873781764      -0.76145789314575441     
  -2.5025025025025016E-002  -1.5652711678871891      -0.59472036345977897     
  -1.5015015015015010E-002  -1.6763428347596754      -0.36052667718104059     
  -5.0050050050050032E-003  -1.7210646437592894      -0.11801714648014540     
   5.0050050050050032E-003  -1.7210437744103775       0.11830176297881050     
   1.5015015015015010E-002  -1.6762530214264064       0.36081565695450551     
   2.5025025025025016E-002  -1.5650876336745103       0.59497897528055033     
   3.5035035035035023E-002  -1.3886157394080911       0.76158853126022374     
   4.5045045045045029E-002  -1.2307124482287155       0.88280673544160271     
   5.5055055055055035E-002  -1.1070319755145508       0.96930987613561381     
   6.5065065065065042E-002 -0.89714519886956279        1.1665812980326342     
   7.5075075075075048E-002 -0.52366058477826694        1.1906702412956178     
   8.5085085085085055E-002 -0.27105793012476620        1.0068367187594616     
   9.5095095095095061E-002 -0.16798695539545283       0.83277071820430215     
  0.10510510510510507      -0.11913633264794381       0.70328989556402011     
  0.11511511511511507       -9.1454180487394246E-002  0.60393257256631028     
  0.12512512512512508       -7.3881256870003395E-002  0.52428068849203524     
  0.13513513513513509       -6.1870935319171524E-002  0.45812968595738718     
  0.14514514514514509       -5.3235085985299579E-002  0.40164723204777958     
  0.15515515515515510       -4.6795628008647873E-002  0.35233666266046204     
  0.16516516516516511       -4.1864039325990830E-002  0.30849205951088915     
  0.17517517517517511       -3.8012185780317988E-002  0.26890000131969954     
  0.18518518518518512       -3.4960753811705408E-002  0.23266752905733826     
  0.19519519519519513       -3.2520503948903441E-002  0.19911792629453562     
  0.20520520520520513       -3.0559339511855070E-002  0.16772479794348838     
  0.21521521521521514       -2.8982885230178550E-002  0.13806876897824999     
  0.22522522522522515       -2.7722547867306234E-002  0.10980807124019651     
  0.23523523523523515       -2.6727924070081188E-002   8.2657941762983009E-002
  0.24524524524524516       -2.5961841894468221E-002   5.6375764574853798E-002
  0.25525525525525516       -2.5397059658760861E-002   3.0750034508257224E-002
  0.26526526526526517       -2.5014046807416371E-002   5.5918976712957319E-003
  0.27527527527527518       -2.4799499330642561E-002  -1.9271567695150472E-002
  0.28528528528528518       -2.4745377470103025E-002  -4.4002914765134266E-002
  0.29529529529529519       -2.4848337694390047E-002  -6.8759166398668678E-002
  0.30530530530530520       -2.5109487050374371E-002  -9.3696267026464136E-002
  0.31531531531531520       -2.5534429325170936E-002 -0.11897343995773373     
  0.32532532532532521       -2.6133607722766194E-002 -0.14475773002090581     
  0.33533533533533522       -2.6922984908999931E-002 -0.17122903244323573     
  0.34534534534534522       -2.7925145505573394E-002 -0.19858596671806439     
  0.35535535535535523       -2.9170968032439123E-002 -0.22705306020102520     
  0.36536536536536524       -3.0702108132902844E-002 -0.25688988228890297     
  0.37537537537537524       -3.2574689258177580E-002 -0.28840305579166498     
  0.38538538538538525       -3.4864860268469987E-002 -0.32196253811715997     
  0.39539539539539525       -3.7677348262441589E-002 -0.35802433962830055     
  0.40540540540540526       -4.1159007937011369E-002 -0.39716317095377235     
  0.41541541541541527       -4.5521076714488046E-002 -0.44012085409584600     
  0.42542542542542527       -5.1077382580574787E-002 -0.48788064565901762     
  0.43543543543543528       -5.8313590564253323E-002 -0.54178592417376392     
  0.44544544544544529       -6.8021414247434103E-002 -0.60373845864589903     
  0.45545545545545529       -8.1581753926495887E-002 -0.67654683735916377     
  0.46546546546546530      -0.10163126904378424      -0.76457111559462199     
  0.47547547547547531      -0.13387674157567386      -0.87494436742304471     
  0.48548548548548531      -0.19305458721017199       -1.0194388039652285     
  0.49549549549549532      -0.32533639321469715       -1.2084600671163730     
  0.50550550550550533      -0.61853170171721406       -1.3565062565612085     
  0.51551551551551533      -0.95291916761591910       -1.3130827111120797     
  0.52552552552552534       -1.2058321344730243       -1.1592768047780757     
  0.53553553553553535       -1.3718838696064550      -0.94778307429770414     
  0.54554554554554535       -1.3951919682445797      -0.71404515337029184     
  0.55555555555555536       -1.3352675765558102      -0.70972117886740471     
  0.56556556556556536       -1.5255667447773715      -0.67315774310697707     
  0.57557557557557537       -1.6537020581172919      -0.50039572131672894     
  0.58558558558558538       -1.7173866108899003      -0.31473228871955050     
  0.59559559559559538       -1.7617582172812603      -0.13789475240996840     
  0.60560560560560539       -1.7784869557844298        6.1630210301882170E-002
  0.61561561561561540       -1.7584340858456318       0.26465014371027662     
  0.62562562562562540       -1.7054910389522826       0.46810857435075659     
  0.63563563563563541       -1.6166258296198677       0.67172047465716955     
  0.64564564564564542       -1.4834833604025841       0.87305762448269419     
  0.65565565565565542       -1.2907959849398574        1.0636875085981590     
  0.66566566566566543       -1.0134329715424391        1.2160113828819379     
  0.67567567567567544      -0.64279167957214567        1.2376141759811616     
  0.68568568568568544      -0.35822415378960432        1.0450458341097359     
  0.69569569569569545      -0.26414075500039541       0.85756317692075434     
  0.70570570570570545      -0.20489914585053376       0.73703975801658150     
  0.71571571571571546      -0.15724362275962203       0.65076420334449980     
  0.72572572572572547      -0.10907970431755852       0.55391633067952417     
  0.73573573573573547       -8.6886310969023439E-002  0.46587504727581280     
  0.74574574574574548       -7.3566793407778830E-002  0.39447338426727707     
  0.75575575575575549       -6.2555548755127796E-002  0.33048054312926095     
  0.76576576576576549       -5.5458683869726695E-002  0.27275266409593535     
  0.77577577577577550       -5.0520463720593052E-002  0.22041047506384509     
  0.78578578578578551       -4.6919114918688297E-002  0.17210583355202852     
  0.79579579579579551       -4.4262517445252496E-002  0.12681098953296421     
  0.80580580580580552       -4.2327314625121161E-002   8.3741246888873661E-002
  0.81581581581581553       -4.0974708288698911E-002   4.2270753861913320E-002
  0.82582582582582553       -4.0115919389298191E-002   1.8775826637690244E-003
  0.83583583583583554       -3.9695420010671743E-002  -3.7893036889244995E-002
  0.84584584584584555       -3.9682127800029804E-002  -7.7455196390802242E-002
  0.85585585585585555       -4.0064877128362250E-002 -0.11720311261144424     
  0.86586586586586556       -4.0850632058320381E-002 -0.15752918112466377     
  0.87587587587587556       -4.2064860797091687E-002 -0.19884143739780732     
  0.88588588588588557       -4.3754061147156693E-002 -0.24158237024422097     
  0.89589589589589558       -4.5990934898701347E-002 -0.28625125575057880     
  0.90590590590590558       -4.8883378009134552E-002 -0.33343289216419220     
  0.91591591591591559       -5.2589577345457571E-002 -0.38383705793669037     
  0.92592592592592560       -5.7343659199944143E-002 -0.43835573525560273     
  0.93593593593593560       -6.3500844095697589E-002 -0.49815031425011053     
  0.94594594594594561       -7.1621299896067803E-002 -0.56479117486617136     
  0.95595595595595562       -8.2637343317168821E-002 -0.64049297380097470     
  0.96596596596596562       -9.8219331396667844E-002 -0.72853354936500769     
  0.97597597597597563      -0.12168090483853247      -0.83403684031364766     
  0.98598598598598564      -0.16061612119884405      -0.96541301566599225     
  0.99599599599599564      -0.23625579227293458       -1.1355566072276695     
   1.0060060060060056      -0.41390033798566883       -1.3384172038799425     
   1.0160160160160157      -0.72682552191067806       -1.4330338335708765     
   1.0260260260260257       -1.0090647499112875       -1.3784785172130616     
   1.0360360360360357       -1.2214541332584912       -1.2692950914855412     
   1.0460460460460457       -1.3832096251040831       -1.1422355767646857     
   1.0560560560560557       -1.5088041022873577       -1.0087891109891554     
   1.0660660660660657       -1.6069415061282459      -0.87262543267709214     
   1.0760760760760757       -1.6822445933906720      -0.73399108109671274     
   1.0860860860860857       -1.7344275255844019      -0.59060733363250872     
   1.0960960960960957       -1.7493476206323912      -0.44078948148920027     
   1.1061061061061057       -1.6906118901593044      -0.34169996766585881     
   1.1161161161161157       -1.7360613307647674      -0.34369590961770030     
   1.1261261261261257       -1.8136953383542387      -0.23083634377311230     
   1.1361361361361357       -1.8319809524415991      -0.10556626707151280     
   1.1461461461461457       -1.8473565608402149        1.3327883863459053E-004
   1.1561561561561557       -1.8518022270487440       0.12676553344338995     
   1.1661661661661658       -1.8256241519885916       0.25618297341866531     
   1.1761761761761758       -1.7543891035411052       0.36523027545575104     
   1.1861861861861858       -1.7024811138205458       0.38861583990447746     
   1.1961961961961958       -1.7162319444321099       0.45245682600665910     
   1.2062062062062058       -1.7184281207130676       0.53288708333637691     
   1.2162162162162158       -1.7200380470779522       0.65501699762077792     
   1.2262262262262258       -1.6793522688307518       0.78487199631524673     
   1.2362362362362358       -1.6169355384939978       0.90699379685027925     
   1.2462462462462458       -1.5380455306770178        1.0243204939369837     
   1.2562562562562558       -1.4413960509293737        1.1383750678134343     
   1.2662662662662658       -1.3226304873500558        1.2485438978104231     
   1.2762762762762758       -1.1743876981661303        1.3496587670012739     
   1.2862862862862858      -0.99700372899054279        1.4278480576487962     
   1.2962962962962958      -0.77817576605894079        1.4913166366499924     
   1.3063063063063058      -0.49132786703420323        1.4620676115935427     
   1.3163163163163158      -0.27251238804290967        1.2858536273881871     
   1.3263263263263259      -0.17927210392362791        1.1061265809268397     
   1.3363363363363359      -0.13617865867948198       0.96665508322018279     
   1.3463463463463459      -0.10324826215178916       0.85848516088338178     
   1.3563563563563559       -9.5100168004487923E-002  0.74937524806089817     
   1.3663663663663659       -8.6575704610259471E-002  0.67320655276796404     
   1.3763763763763759       -8.1416052327307711E-002  0.59723176602253147     
   1.3863863863863859       -8.5856997352252565E-002  0.53117404119398037     
   1.3963963963963959       -8.6824068337287980E-002  0.48432639392134652     
   1.4064064064064059       -7.3946994814215961E-002  0.43524410467743330     
   1.4164164164164168       -6.3660344892860585E-002  0.37617314638835248     
   1.4264264264264268       -6.1027683467366270E-002  0.31824133874912786     
   1.4364364364364368       -5.9135660994901716E-002  0.26353492693423414     
   1.4464464464464468       -5.7776035371024437E-002  0.20714048002585403     
   1.4564564564564568       -5.8418713625492794E-002  0.14971665264684142     
   1.4664664664664668       -6.0432115165275309E-002   9.0769916266314421E-002
   1.4764764764764768       -6.3735376597947910E-002   2.9193153995553830E-002
   1.4864864864864868       -6.8531090267187247E-002  -3.6307502845195773E-002
   1.4964964964964969       -7.5247722983721288E-002 -0.10733288635826384     
   1.5065065065065069       -8.4631180649103604E-002 -0.18600508041979413     
   1.5165165165165169       -9.7987745204645954E-002 -0.27531480776856704     
   1.5265265265265269      -0.11775600140091746      -0.37974853293997096     
   1.5365365365365369      -0.14900262157718591      -0.50644869871721798     
   1.5465465465465469      -0.20396753587759101      -0.66728630071598483     
   1.5565565565565569      -0.31893786523370532      -0.87883229904141680     
   1.5665665665665669      -0.59759776017893995       -1.1051274498443699     
   1.5765765765765769       -1.0119479147279271       -1.1230297246838108     
   1.5865865865865869       -1.3261715928506079      -0.96540935889167279     
   1.5965965965965969       -1.5308315284922078      -0.76364223571241585     
   1.6066066066066069       -1.6620094685781315      -0.55822201607438959     
   1.6166166166166169       -1.7418173970271074      -0.35892587239052581     
   1.6266266266266269       -1.7791735300741987      -0.16633664603211468     
   1.6366366366366369       -1.7641887206979725        1.6895160811524250E-002
   1.6466466466466469       -1.6751026338843276       0.11985904612735716     
   1.6566566566566570       -1.7248847714902491       0.12579075908071516     
   1.6666666666666670       -1.7869669910823662       0.26957069469641631     
   1.6766766766766770       -1.7766765411789858       0.41426799664438380     
   1.6866866866866870       -1.7593869917537690       0.52501394172363292     
   1.6966966966966970       -1.7400016084480874       0.65083496572432287     
   1.7067067067067070       -1.6982118562324802       0.77265068562462857     
   1.7167167167167170       -1.6425538658169310       0.88639783317633569     
   1.7267267267267270       -1.5726948225502209       0.99254264048818341     
   1.7367367367367370       -1.4874953808892133        1.0820107631892601     
   1.7467467467467470       -1.4028704445668772        1.1557435251888939     
   1.7567567567567570       -1.3296184765484300        1.2137072137277394     
   1.7667667667667670       -1.2538990572583790        1.3077768839149611     
   1.7767767767767770       -1.1196494518787881        1.3984493900380344     
   1.7867867867867870      -0.93060878973917283        1.4288554621391363     
   1.7967967967967970      -0.78888398176043184        1.3114000843234064     
   1.8068068068068071      -0.84614865561074659        1.2569610290619995     
   1.8168168168168171      -0.82870848108607476        1.3683775622844343     
   1.8268268268268271      -0.71295161326119438        1.4906173317685303     
   1.8368368368368371      -0.47308671419060000        1.5257419238169370     
   1.8468468468468471      -0.27375017700849796        1.3917232436479265     
   1.8568568568568571      -0.22346364594421339        1.2357558154776840     
   1.8668668668668671      -0.21589943862091507        1.1834328915116916     
   1.8768768768768771      -0.16967742159552138        1.1300362250782090     
   1.8868868868868871      -0.11376553477388004        1.0740131166365339     
   1.8968968968968971       -7.9928693048747446E-002  0.99708492299823570     
   1.9069069069069071       -6.4456258124658314E-002  0.92985899991843624     
   1.9169169169169171       -5.6323165738118491E-002  0.87196826282816986     
   1.9269269269269271       -5.3251957725317739E-002  0.82208987716929427     
   1.9369369369369371       -4.8553071240008634E-002  0.78119054978383007     
   1.9469469469469471       -4.2778553795083440E-002  0.73930576235270662     
   1.9569569569569571       -4.0189956628236698E-002  0.69921768165673237     
   1.9669669669669672       -3.9988620065795052E-002  0.66265869323716275     
   1.9769769769769772       -3.7846095677666197E-002  0.62919111651360871     
   1.9869869869869872       -3.6888966169781316E-002  0.59420499824104045     
   1.9969969969969972       -4.0691654227624892E-002  0.56157666828314945     
   2.0070070070070072       -3.6427177626439995E-002  0.54364155821010629     
   2.0170170170170172       -2.7046266981557536E-002  0.49793248178176464     
   2.0270270270270272       -3.2754507696584764E-002  0.46232365336373676     
   2.0370370370370372       -3.7749691337124081E-002  0.42834263396806310     
   2.0470470470470472       -4.7824691557387403E-002  0.39748204190595543     
   2.0570570570570572       -4.9598547782562272E-002  0.37601793603740091     
   2.0670670670670672       -4.4573881494054474E-002  0.34553299809931537     
   2.0770770770770772       -4.2490056490238001E-002  0.30748906432678946     
   2.0870870870870872       -4.4140679451806220E-002  0.26841606047111793     
   2.0970970970970972       -4.5711524587951226E-002  0.22625060636450833     
   2.1071071071071072       -4.9534207603092031E-002  0.18000678443113546     
   2.1171171171171173       -5.4805570348297347E-002  0.12983713043439329     
   2.1271271271271273       -6.1666497686251140E-002   7.3053601447106112E-002
   2.1371371371371373       -7.1562340669513447E-002   7.8795187440428138E-003
   2.1471471471471473       -8.5761628536373785E-002  -6.8602503810863774E-002
   2.1571571571571573      -0.10693448485900141      -0.16116302584635925     
   2.1671671671671673      -0.14079492893411485      -0.27755299065420763     
   2.1771771771771773      -0.20131813862661688      -0.43085660250543961     
   2.1871871871871873      -0.33026353678610526      -0.63954666610536692     
   2.1971971971971973      -0.64995465672820751      -0.86163447102476154     
   2.2072072072072073       -1.1276430753326334      -0.82035580424156018     
   2.2172172172172173       -1.4548752465964041      -0.56162493673852898     
   2.2272272272272273       -1.6276091404448936      -0.26718561545762087     
   2.2372372372372373       -1.7024951156952259        1.1610861393670706E-002
   2.2472472472472473       -1.7118599184886942       0.26548210251927240     
   2.2572572572572573       -1.6669665631435608       0.49386791020812287     
   2.2672672672672673       -1.5558117485252727       0.68075848965264929     
   2.2772772772772774       -1.4200034556796441       0.71553243299461244     
   2.2872872872872874       -1.4899732567718338       0.77052316303414603     
   2.2972972972972974       -1.4758242146640828       0.95172474385091532     
   2.3073073073073074       -1.3926803103719472        1.1019872390134176     
   2.3173173173173174       -1.2950978049200554        1.2226103522049565     
   2.3273273273273274       -1.2012213741754776        1.3180171440458179     
   2.3373373373373374       -1.0896945212435929        1.4336352820259484     
   2.3473473473473474      -0.94291022158713778        1.5253897793727929     
   2.3573573573573574      -0.77319111124061402        1.5976482023819170     
   2.3673673673673674      -0.56149379129842081        1.6295410069137886     
   2.3773773773773774      -0.32984649272751493        1.5630003942934378     
   2.3873873873873874      -0.18946100977393163        1.4091389563958907     
   2.3973973973973974      -0.13246633436334523        1.2730270382512001     
   2.4074074074074074      -0.10948012702402377        1.1628002969579561     
   2.4174174174174174      -0.11005755448849638        1.0660360177123285     
   2.4274274274274275      -0.15258450168121820       0.98358558783403893     
   2.4374374374374375      -0.23250133759960284       0.99376504034383917     
   2.4474474474474475      -0.17814999282517513        1.0631065158528854     
   2.4574574574574575      -0.10821163138002222        1.0077660562325139     
   2.4674674674674675      -0.11144383737182473       0.94548402660589881     
   2.4774774774774775      -0.13214569439241702       0.94342269747658170     
   2.4874874874874875      -0.10230386097625489       0.95732856911644948     
   2.4974974974974975       -5.8754246372559743E-002  0.92437536410146504     
   2.5075075075075075       -4.2977558535510253E-002  0.88323644466322060     
   2.5175175175175175       -3.9792908673025172E-002  0.84898152229992752     
   2.5275275275275275       -3.7914279560034278E-002  0.82521554588034363     
   2.5375375375375375       -3.4155680844134305E-002  0.79729173724572944     
   2.5475475475475475       -4.0312028948619558E-002  0.76736149821444122     
   2.5575575575575575       -6.6051241942006234E-002  0.74840040393604190     
   2.5675675675675675       -7.2063083819360316E-002  0.76636159789583458     
   2.5775775775775776       -6.0887484737480554E-002  0.76844316966613491     
   2.5875875875875876       -3.6870535221631286E-002  0.75808995441535487     
   2.5975975975975976       -2.6949773529805762E-002  0.73445866300297469     
   2.6076076076076076       -2.7287912136313836E-002  0.71236482128282852     
   2.6176176176176176       -3.8823813245090585E-002  0.69879615890523439     
   2.6276276276276276       -3.5423253673748656E-002  0.70328732685430428     
   2.6376376376376376       -2.6871128653968339E-002  0.68865391821065092     
   2.6476476476476476       -3.1386093159262288E-002  0.67862358420456681     
   2.6576576576576576       -2.6532311459034570E-002  0.67780858316821813     
   2.6676676676676676       -1.7016619619714200E-002  0.66767436483258569     
   2.6776776776776776       -1.2910100273054566E-002  0.65492372630897022     
   2.6876876876876876       -1.1060844680233724E-002  0.64350076810235379     
   2.6976976976976976       -1.0011258443617417E-002  0.63319296879928710     
   2.7077077077077076       -9.3338549931015445E-003  0.62375077825857339     
   2.7177177177177176       -8.7196065054136861E-003  0.61493490005026441     
   2.7277277277277276       -8.2311795148450970E-003  0.60652332924138275     
   2.7377377377377377       -7.8443206644981806E-003  0.59851090355823933     
   2.7477477477477477       -7.5205225190133488E-003  0.59084300631296172     
   2.7577577577577577       -7.2428985197239741E-003  0.58347105419173695     
   2.7677677677677677       -7.0026052349228957E-003  0.57635553807434270     
   2.7777777777777777       -6.7946309022351957E-003  0.56946282599936882     
   2.7877877877877877       -6.6163287684940283E-003  0.56276273535566068     
   2.7977977977977977       -6.4668716288474202E-003  0.55622669983929873     
   2.8078078078078077       -6.3471626061493069E-003  0.54982615229569543     
   2.8178178178178177       -6.2601024261919359E-003  0.54353081518716229     
   2.8278278278278277       -6.2112858663108490E-003  0.53730657373446589     
   2.8378378378378377       -6.2103841560668706E-003  0.53111247426226227     
   2.8478478478478477       -6.2738081550616697E-003  0.52489607492184631     
   2.8578578578578577       -6.4300196340797804E-003  0.51858570004296756     
   2.8678678678678677       -6.7308505762889532E-003  0.51207668736693046     
   2.8778778778778777       -7.2779567374303012E-003  0.50520548678445154     
   2.8878878878878878       -8.2926361323979285E-003  0.49769864391349317     
   2.8978978978978978       -1.0331856220717908E-002  0.48907604095945123     
   2.9079079079079078       -1.5099817682762660E-002  0.47858717944963519     
   2.9179179179179178       -2.8658153963373317E-002  0.46734154687103469     
   2.9279279279279278       -5.2630314237494022E-002  0.47750225064397528     
   2.9379379379379378       -4.3129152276874416E-002  0.49182201977711815     
   2.9479479479479478       -5.2170802037355905E-002  0.48939091667615109     
   2.9579579579579578       -4.2415226570278304E-002  0.51610109319522712     
   2.9679679679679678       -1.9832581515086697E-002  0.50947321196381556     
   2.9779779779779778       -1.2033268409054009E-002  0.49796952975934317     
   2.9879879879879878       -9.0584382173206305E-003  0.48862665083831563     
   2.9979979979979978       -7.8141402835418747E-003  0.48068570112781867     
   3.0080080080080087       -7.4929786432748726E-003  0.47338311986282500     
   3.0180180180180187       -8.1177001291836276E-003  0.46616067948637552     
   3.0280280280280287       -1.0713339044836557E-002  0.45903747428429564     
   3.0380380380380387       -1.4261547568982180E-002  0.45497703172876230     
   3.0480480480480487       -1.7407327766043298E-002  0.44773215197437943     
   3.0580580580580587       -3.1444128617211513E-002  0.44577662856260020     
   3.0680680680680688       -3.4592910178643320E-002  0.45783595536640964     
   3.0780780780780788       -2.5940758518332517E-002  0.46739786884037549     
   3.0880880880880888       -1.5599653534164952E-002  0.46098539008367201     
   3.0980980980980988       -1.6338593608619841E-002  0.45525798280637275     
   3.1081081081081088       -1.2459053107382188E-002  0.45604122710904804     
   3.1181181181181188       -7.7844847148725764E-003  0.45034405532872024     
   3.1281281281281288       -6.3121436302262810E-003  0.44427974917938984     
   3.1381381381381388       -6.3905650866205666E-003  0.43875112099090025     
   3.1481481481481488       -8.2221624387350464E-003  0.43478923301098144     
   3.1581581581581588       -7.4271652983482414E-003  0.43316631197047784     
   3.1681681681681688       -6.3405174890207713E-003  0.42836948176114276     
   3.1781781781781788       -7.6877105814503778E-003  0.42295243853908010     
   3.1881881881881888       -1.2884659260528085E-002  0.42002734032971284     
   3.1981981981981988       -1.2167719542799788E-002  0.42359595909558356     
   3.2082082082082088       -9.1759772791524460E-003  0.41905842006230526     
   3.2182182182182189       -1.2440563640732311E-002  0.41414459372809581     
   3.2282282282282289       -1.6073921484371125E-002  0.41655188245035935     
   3.2382382382382389       -1.3940758099256198E-002  0.42041428976138978     
   3.2482482482482489       -7.5854785076453152E-003  0.41831949872914659     
   3.2582582582582589       -5.2162523672166193E-003  0.41360716519551061     
   3.2682682682682689       -4.8226326153193444E-003  0.40960174475728839     
   3.2782782782782789       -4.7240314813481741E-003  0.40726716662502044     
   3.2882882882882889       -3.6138699485770490E-003  0.40447090515829459     
   3.2982982982982989       -3.1132868880754216E-003  0.40136881607082825     
   3.3083083083083089       -2.9019559821143255E-003  0.39844367361942640     
   3.3183183183183189       -2.8552899576165911E-003  0.39565184961218591     
   3.3283283283283289       -3.0634033672123123E-003  0.39304324822270037     
   3.3383383383383389       -3.2243056643397688E-003  0.39100456765256608     
   3.3483483483483489       -2.8682751713079548E-003  0.38897944292518494     
   3.3583583583583589       -2.5186649395017957E-003  0.38658403213005449     
   3.3683683683683689       -2.3685266511153879E-003  0.38419645661696022     
   3.3783783783783790       -2.2858692079592907E-003  0.38188449377375466     
   3.3883883883883890       -2.2294278898336213E-003  0.37963225854347549     
   3.3983983983983990       -2.1863938511484807E-003  0.37742651093068524     
   3.4084084084084090       -2.1518847254940673E-003  0.37525822983506157     
   3.4184184184184190       -2.1237783098617567E-003  0.37312069238846940     
   3.4284284284284290       -2.1011473835817617E-003  0.37100831233021142     
   3.4384384384384390       -2.0837124155700568E-003  0.36891596806230087     
   3.4484484484484490       -2.0716488567971919E-003  0.36683854753607015     
   3.4584584584584590       -2.0655537748297246E-003  0.36477056101019123     
   3.4684684684684690       -2.0665186593668743E-003  0.36270572627832237     
   3.4784784784784790       -2.0763171707826981E-003  0.36063643767673337     
   3.4884884884884890       -2.0977701899747734E-003  0.35855300009213326     
   3.4984984984984990       -2.1354400303799817E-003  0.35644242999818232     
   3.5085085085085090       -2.1970085642214515E-003  0.35428645378151280     
   3.5185185185185190       -2.2962283378073906E-003  0.35205796301298847     
   3.5285285285285291       -2.4599425521039937E-003  0.34971438498978069     
   3.5385385385385391       -2.7473133955253155E-003  0.34718494690953011     
   3.5485485485485491       -3.3131627273877392E-003  0.34435024636139211     
   3.5585585585585591       -4.6566512691312368E-003  0.34109059398557801     
   3.5685685685685691       -7.9609352493707486E-003  0.33848035513870989     
   3.5785785785785791       -1.0793273759519982E-002  0.33895818537239381     
   3.5885885885885891       -1.0649813027793472E-002  0.33723002234484606     
   3.5985985985985991       -1.8084010105839259E-002  0.33400016976907637     
   3.6086086086086091       -2.3095133281325529E-002  0.34821214999339389     
   3.6186186186186191       -1.0616556302616256E-002  0.35074158020901058     
   3.6286286286286291       -5.7423206213384065E-003  0.34595266414588904     
   3.6386386386386391       -4.0841346046132394E-003  0.34182886308401050     
   3.6486486486486491       -3.4767575355800768E-003  0.33833862468134718     
   3.6586586586586591       -3.3858146433614106E-003  0.33509834494658469     
   3.6686686686686691       -3.7956639512247599E-003  0.33179045864605172     
   3.6786786786786791       -5.2336634779943389E-003  0.32813945146962942     
   3.6886886886886892       -9.5954688038377197E-003  0.32513800353230637     
   3.6986986986986992       -1.4191882993528047E-002  0.32781021386855691     
   3.7087087087087092       -1.3521274627872188E-002  0.33364727174000480     
   3.7187187187187192       -7.5187147133175276E-003  0.33250119157852748     
   3.7287287287287292       -6.6538785670754858E-003  0.32823328479795727     
   3.7387387387387392       -9.4093719144973716E-003  0.32704288056448505     
   3.7487487487487492       -7.9806957363929166E-003  0.32804718792487314     
   3.7587587587587592       -7.9266348628884518E-003  0.32777716314745725     
   3.7687687687687692       -4.8319669332214099E-003  0.32750676685485175     
   3.7787787787787792       -3.1191805841698527E-003  0.32479697969358901     
   3.7887887887887892       -2.5147388835373048E-003  0.32226574884005282     
   3.7987987987987992       -2.2971761659471577E-003  0.31997155050110204     
   3.8088088088088092       -2.2971506197708379E-003  0.31776250846038290     
   3.8188188188188192       -2.5522555282111821E-003  0.31548992765147682     
   3.8288288288288292       -3.3831725852540261E-003  0.31299278241604916     
   3.8388388388388393       -6.0730394315145391E-003  0.31060550761827943     
   3.8488488488488493       -1.0325967874447195E-002  0.31378683005085417     
   3.8588588588588593       -5.7738164303047452E-003  0.31655061542679552     
   3.8688688688688693       -3.1670487993327528E-003  0.31421557769520009     
   3.8788788788788793       -2.3122718116904474E-003  0.31191859993697940     
   3.8888888888888893       -2.0245580843286370E-003  0.30992130784300026     
   3.8988988988988993       -2.1022504973767955E-003  0.30811565947505931     
   3.9089089089089093       -2.5634437079475928E-003  0.30693906822647554     
   3.9189189189189193       -2.0768828398132133E-003  0.30609667007593006     
   3.9289289289289293       -1.7292916112842402E-003  0.30456261348462349     
   3.9389389389389393       -1.7777082898689930E-003  0.30305700801132540     
   3.9489489489489493       -1.9914149584973973E-003  0.30204616640898785     
   3.9589589589589593       -1.6102557719976055E-003  0.30099076946711151     
   3.9689689689689693       -1.4152738751382107E-003  0.29962651792318129     
   3.9789789789789793       -1.3693013433776137E-003  0.29828446389288266     
   3.9889889889889893       -1.4446190541100004E-003  0.29698472454592584     
   3.9989989989989994       -1.6437712937555379E-003  0.29595629089726461     
   4.0090090090090094       -1.4198347223960456E-003  0.29500302119301025     
   4.0190190190190194       -1.2678983773419614E-003  0.29378307817975757     
   4.0290290290290294       -1.2225663959419492E-003  0.29256969751297451     
   4.0390390390390394       -1.2404029194429725E-003  0.29138579916830015     
   4.0490490490490494       -1.3067419426352044E-003  0.29032327189362184     
   4.0590590590590594       -1.2083818539042627E-003  0.28928368861959153     
   4.0690690690690694       -1.1449464853460101E-003  0.28815124137010573     
   4.0790790790790794       -1.1191338910236529E-003  0.28702785634566208     
   4.0890890890890894       -1.1059473346137002E-003  0.28591773204218685     
   4.0990990990990994       -1.0987361628574156E-003  0.28481628961621719     
   4.1091091091091094       -1.0956811606765314E-003  0.28371961511351868     
   4.1191191191191194       -1.0965372995038422E-003  0.28262412813922932     
   4.1291291291291294       -1.1019206817689386E-003  0.28152595030106947     
   4.1391391391391394       -1.1133622382187411E-003  0.28042026913897483     
   4.1491491491491495       -1.1339869714297780E-003  0.27930046284697241     
   4.1591591591591595       -1.1706715087474340E-003  0.27815667436865132     
   4.1691691691691695       -1.2417196207781349E-003  0.27697441651994925     
   4.1791791791791795       -1.4054045474936323E-003  0.27575322853766504     
   4.1891891891891895       -1.6531317882931907E-003  0.27465859634894163     
   4.1991991991991995       -1.7604939274693421E-003  0.27339079387293563     
   4.2092092092092095       -2.3869597334400497E-003  0.27194463176160610     
   4.2192192192192195       -3.2196840627186471E-003  0.27151535289356138     
   4.2292292292292295       -2.8620515829430007E-003  0.27034643134966163     
   4.2392392392392395       -3.8889841550654746E-003  0.26819316267993287     
   4.2492492492492495       -7.3697309068817040E-003  0.26780041805111732     
   4.2592592592592595       -7.2458622821583015E-003  0.27046294436902291     
   4.2692692692692695       -7.4446423610305002E-003  0.27135155746962686     
   4.2792792792792795       -4.3900573942621431E-003  0.27236577515662364     
   4.2892892892892895       -2.5679128802937254E-003  0.27037912704649153     
   4.2992992992992995       -2.0117467767718448E-003  0.26842986134852442     
   4.3093093093093096       -1.9581320102694715E-003  0.26663535418648560     
   4.3193193193193196       -2.4371093553716317E-003  0.26487260133058815     
   4.3293293293293296       -4.0090066677543881E-003  0.26394177198749247     
   4.3393393393393396       -3.6379921864627880E-003  0.26482922632827943     
   4.3493493493493496       -2.6459532287076708E-003  0.26327672983159872     
   4.3593593593593596       -3.1053528007392111E-003  0.26119497568558808     
   4.3693693693693696       -5.5811948593794004E-003  0.25995143159495426     
   4.3793793793793796       -6.1965609767912593E-003  0.26275443833455597     
   4.3893893893893896       -4.4332968957469443E-003  0.26183474203874973     
   4.3993993993993996       -5.3795817877443051E-003  0.26174218920408188     
   4.4094094094094096       -3.3855453506635128E-003  0.26236000561014627     
   4.4194194194194196       -2.1054523747407431E-003  0.26071748385716637     
   4.4294294294294296       -1.7808593806853119E-003  0.25906111899032669     
   4.4394394394394396       -1.9965791731353364E-003  0.25750229768066568     
   4.4494494494494496       -3.1493738139669199E-003  0.25646661022743911     
   4.4594594594594597       -3.2435904747079389E-003  0.25749692065952956     
   4.4694694694694697       -1.9249159757911457E-003  0.25667961079139062     
   4.4794794794794797       -1.5894208432086932E-003  0.25531931508697697     
   4.4894894894894897       -1.8957726679060718E-003  0.25418825283614060     
   4.4994994994994997       -2.0386290724449612E-003  0.25405813121439291     
   4.5095095095095097       -1.3754726208126645E-003  0.25329619198122721     
   4.5195195195195197       -1.1468744559386900E-003  0.25221999425585268     
   4.5295295295295297       -1.1651605728693626E-003  0.25119451472927024     
   4.5395395395395397       -1.4268326964354662E-003  0.25043420942939432     
   4.5495495495495497       -1.2267320105369495E-003  0.24998656519217363     
   4.5595595595595597       -9.7967392885370394E-004  0.24911877562756696     
   4.5695695695695697       -9.0054542120393836E-004  0.24822695805127493     
   4.5795795795795797       -8.9177999155223831E-004  0.24735898321018665     
   4.5895895895895897       -9.6856832411123161E-004  0.24650846175145097     
   4.5995995995995997       -1.1876846905119682E-003  0.24585494049941967     
   4.6096096096096097       -1.0258868038505926E-003  0.24537330516381201     
   4.6196196196196198       -8.6460021813147239E-004  0.24458305302285735     
   4.6296296296296298       -8.2410048641721003E-004  0.24377701032221794     
   4.6396396396396398       -8.5814516726715688E-004  0.24299347389256851     
   4.6496496496496498       -9.5921627632105538E-004  0.24234952530806608     
   4.6596596596596598       -8.4440125709356762E-004  0.24174458578993827     
   4.6696696696696698       -7.6610732499890423E-004  0.24100252789220658     
   4.6796796796796798       -7.4078140033661643E-004  0.24026344452227572     
   4.6896896896896898       -7.4044224834957670E-004  0.23953497180412395     
   4.6996996996996998       -7.7793908541301515E-004  0.23882644238707906     
   4.7097097097097098       -7.9853014139898626E-004  0.23821464159533201     
   4.7197197197197198       -7.3166461306094796E-004  0.23754624591236204     
   4.7297297297297298       -7.0525467098635870E-004  0.23684492500294443     
   4.7397397397397398       -6.9809440829865803E-004  0.23614854097378427     
   4.7497497497497498       -7.0380029815089577E-004  0.23545425467897013     
   4.7597597597597598       -7.3612420923562015E-004  0.23476025540892517     
   4.7697697697697699       -8.2745615206944771E-004  0.23412745232455884     
   4.7797797797797799       -7.8147193887983873E-004  0.23358751661691504     
   4.7897897897897899       -7.1061663744153430E-004  0.23291458144266028     
   4.7997997997997999       -6.8933671314010808E-004  0.23222813264629041     
   4.8098098098098099       -6.8560785155396360E-004  0.23154530116239050     
   4.8198198198198199       -6.9275557129421851E-004  0.23086060795184987     
   4.8298298298298299       -7.1648285481179963E-004  0.23016730510774719     
   4.8398398398398399       -7.8611605528735391E-004  0.22946769091091954     
   4.8498498498498499       -9.1389525274104377E-004  0.22888116471792683     
   4.8598598598598599       -8.3237612279339829E-004  0.22829977488390904     
   4.8698698698698699       -8.0193625567402704E-004  0.22755127797129784     
   4.8798798798798799       -8.5119166586496424E-004  0.22675673279716155     
   4.8898898898898899       -9.9231329551096692E-004  0.22589388567486363     
   4.8998998998998999       -1.3652173468865813E-003  0.22492043476424667     
   4.9099099099099099       -2.4519231943612020E-003  0.22410356589162914     
   4.9199199199199199       -3.5646808071326782E-003  0.22489971323358893     
   4.9299299299299300       -2.6301652492246347E-003  0.22594155566886820     
   4.9399399399399400       -1.4621003563750185E-003  0.22514987769293257     
   4.9499499499499500       -1.0917734934905391E-003  0.22411087699319016     
   4.9599599599599600       -1.0042768317100716E-003  0.22314520762742188     
   4.9699699699699700       -1.0834212975873085E-003  0.22218377682136886     
   4.9799799799799800       -1.4453112508053313E-003  0.22116035007745133     
   4.9899899899899900       -2.5836508260883651E-003  0.22042287744369318     
   5.0000000000000000       -3.4234074080870753E-003  0.22142754466004602     
