  -5.0000000000000000       -2.6513255108328200E-003 -0.21716936438222864     
  -4.9899899899899900       -3.6978192187142448E-003 -0.21770712759093888     
  -4.9799799799799800       -3.0208716088995346E-003 -0.21661924118981241     
  -4.9699699699699700       -1.9833706496660774E-003 -0.21774896737874308     
  -4.9599599599599600       -2.1239407234107483E-003 -0.21926489850887335     
  -4.9499499499499500       -3.6496398692460272E-003 -0.22049331229570124     
  -4.9399399399399400       -5.4423039772472925E-003 -0.21878544495534538     
  -4.9299299299299300       -4.0255324230080523E-003 -0.21701173082797989     
  -4.9199199199199199       -2.0292985215243247E-003 -0.21763666603421414     
  -4.9099099099099099       -1.2802179751527317E-003 -0.21884821279069996     
  -4.8998998998998999       -9.8945000237721063E-004 -0.21987062466323629     
  -4.8898898898898899       -8.5148099611512414E-004 -0.22075121765938888     
  -4.8798798798798799       -7.7691114707134352E-004 -0.22154773780029460     
  -4.8698698698698699       -7.3430441145339118E-004 -0.22229373691392632     
  -4.8598598598598599       -7.1250765589511711E-004 -0.22300909777899300     
  -4.8498498498498499       -7.1467233692868511E-004 -0.22370363880626062     
  -4.8398398398398399       -7.4509046779535400E-004 -0.22434346353524812     
  -4.8298298298298299       -7.0237479908310402E-004 -0.22495679966534543     
  -4.8198198198198199       -6.7048222629684023E-004 -0.22561861084378726     
  -4.8098098098098099       -6.5919087560436824E-004 -0.22627849909003805     
  -4.7997997997997999       -6.5548695651301099E-004 -0.22693421304810354     
  -4.7897897897897899       -6.5612226081939872E-004 -0.22758895742103291     
  -4.7797797797797799       -6.6121435305533933E-004 -0.22824588902068552     
  -4.7697697697697699       -6.7443664509952051E-004 -0.22890847747498791     
  -4.7597597597597598       -7.1081414705392496E-004 -0.22957709859772715     
  -4.7497497497497498       -7.9277575771425669E-004 -0.23019484348847330     
  -4.7397397397397398       -7.6231777446988318E-004 -0.23076938442574402     
  -4.7297297297297298       -7.5839685233440330E-004 -0.23144388203838032     
  -4.7197197197197198       -7.9730545797934954E-004 -0.23204272423042352     
  -4.7097097097097098       -7.2959127590143324E-004 -0.23267202095823894     
  -4.6996996996996998       -7.0086234686925978E-004 -0.23336243173195306     
  -4.6896896896896898       -6.9541572167914245E-004 -0.23405526065374738     
  -4.6796796796796798       -6.9829546510524428E-004 -0.23475027505802676     
  -4.6696696696696698       -7.0621802800654087E-004 -0.23545107279435931     
  -4.6596596596596598       -7.2033982911638532E-004 -0.23616127057437333     
  -4.6496496496496498       -7.4855262028408135E-004 -0.23688437953303207     
  -4.6396396396396398       -8.1953642270241262E-004 -0.23760552217454237     
  -4.6296296296296298       -8.7065846128314044E-004 -0.23822298248285848     
  -4.6196196196196198       -8.0779458243796789E-004 -0.23893222861109906     
  -4.6096096096096097       -8.0495504630571230E-004 -0.23970931641395374     
  -4.5995995995995997       -8.5447353600521462E-004 -0.24050332272683111     
  -4.5895895895895897       -9.9412433965424775E-004 -0.24124722265778575     
  -4.5795795795795797       -9.7936521254004573E-004 -0.24184892428348667     
  -4.5695695695695697       -8.9444700712735864E-004 -0.24266033648142810     
  -4.5595595595595597       -8.9102039590834980E-004 -0.24352786269789869     
  -4.5495495495495497       -9.2402186880282192E-004 -0.24442315731249559     
  -4.5395395395395397       -9.8926780769324567E-004 -0.24536387722194788     
  -4.5295295295295297       -1.1101696864853892E-003 -0.24637842514057648     
  -4.5195195195195197       -1.3691794326305899E-003 -0.24750866895058279     
  -4.5095095095095097       -2.0642811717626998E-003 -0.24871573170282296     
  -4.4994994994994997       -3.3540872299103125E-003 -0.24896348038647559     
  -4.4894894894894897       -3.4231926278046822E-003 -0.24837704985689127     
  -4.4794794794794797       -2.2154873395547501E-003 -0.24879577141388004     
  -4.4694694694694697       -1.7048872435012335E-003 -0.25026459186219668     
  -4.4594594594594597       -1.6754703026051283E-003 -0.25181260716765741     
  -4.4494494494494496       -1.9157014266686476E-003 -0.25348640692893237     
  -4.4394394394394396       -2.5413622556338454E-003 -0.25546078783420290     
  -4.4294294294294296       -4.1669843584271095E-003 -0.25793601209273587     
  -4.4194194194194196       -8.9392354549325589E-003 -0.25984308484903768     
  -4.4094094094094096       -1.3980696707318772E-002 -0.25425543703243797     
  -4.3993993993993996       -9.6422251168429059E-003 -0.24820824761372065     
  -4.3893893893893896       -4.6269495647275226E-003 -0.24995600582916461     
  -4.3793793793793796       -3.0196394450856890E-003 -0.25275890067886153     
  -4.3693693693693696       -2.6019415652817229E-003 -0.25523452213586006     
  -4.3593593593593596       -2.8144021000614324E-003 -0.25765707699712237     
  -4.3493493493493496       -3.9431469867261607E-003 -0.26030895661282566     
  -4.3393393393393396       -7.5363404508976056E-003 -0.26238447019514732     
  -4.3293293293293296       -1.0892697879369423E-002 -0.25924175136933991     
  -4.3193193193193196       -9.4932514258113040E-003 -0.25543305649149761     
  -4.3093093093093096       -5.2229905852629087E-003 -0.25646219805598669     
  -4.2992992992992995       -4.0900400030988333E-003 -0.25976299673114595     
  -4.2892892892892895       -4.9627243736948407E-003 -0.26329424493734599     
  -4.2792792792792795       -9.1496172183583718E-003 -0.26687771758444973     
  -4.2692692692692695       -1.8809453525362081E-002 -0.26250143528877623     
  -4.2592592592592595       -1.2682750071142859E-002 -0.25140184485682854     
  -4.2492492492492495       -5.5708644534689647E-003 -0.25347832482752319     
  -4.2392392392392395       -3.1913072247593678E-003 -0.25656266567239139     
  -4.2292292292292295       -2.2494734948764203E-003 -0.25893110514158429     
  -4.2192192192192195       -1.7961073872937753E-003 -0.26082473452621946     
  -4.2092092092092095       -1.5479953043632760E-003 -0.26243864223737867     
  -4.1991991991991995       -1.4026445797715888E-003 -0.26388282792231599     
  -4.1891891891891895       -1.3199186944151012E-003 -0.26522201089660957     
  -4.1791791791791795       -1.2944066527375022E-003 -0.26649700910709673     
  -4.1691691691691695       -1.3714991282629959E-003 -0.26769866294366540     
  -4.1591591591591595       -1.4188947680080976E-003 -0.26863863379046887     
  -4.1491491491491495       -1.2512884374450517E-003 -0.26971184104955553     
  -4.1391391391391394       -1.2190935947379300E-003 -0.27085666602133762     
  -4.1291291291291294       -1.2245720828140435E-003 -0.27189004406832035     
  -4.1191191191191194       -1.1430646402923713E-003 -0.27295851879466132     
  -4.1091091091091094       -1.1080567278636561E-003 -0.27406295653574481     
  -4.0990990990990994       -1.0958601105740509E-003 -0.27515994082363665     
  -4.0890890890890894       -1.0926901124059633E-003 -0.27625257388390101     
  -4.0790790790790794       -1.0945542747839191E-003 -0.27734553359807634     
  -4.0690690690690694       -1.1001386439726715E-003 -0.27844252503659095     
  -4.0590590590590594       -1.1091500649845732E-003 -0.27954679664651072     
  -4.0490490490490494       -1.1220042616189676E-003 -0.28066165897183742     
  -4.0390390390390394       -1.1401167202481524E-003 -0.28179105450753511     
  -4.0290290290290294       -1.1671728308943149E-003 -0.28294043341113728     
  -4.0190190190190194       -1.2137309635770433E-003 -0.28411800573741253     
  -4.0090090090090094       -1.3162539715411354E-003 -0.28533035946380148     
  -3.9989989989989989       -1.5698745242262789E-003 -0.28648083811685304     
  -3.9889889889889889       -1.7076338671709172E-003 -0.28735589871572598     
  -3.9789789789789789       -1.5105879959171255E-003 -0.28833991749198384     
  -3.9689689689689689       -1.3718633327852855E-003 -0.28962637944162106     
  -3.9589589589589589       -1.3533681598618303E-003 -0.29095637653446110     
  -3.9489489489489489       -1.3817420379861440E-003 -0.29230987935391911     
  -3.9389389389389389       -1.4441660889558197E-003 -0.29370802461240297     
  -3.9289289289289289       -1.5566614160677601E-003 -0.29517874061449628     
  -3.9189189189189189       -1.7850856973954542E-003 -0.29675930369451808     
  -3.9089089089089089       -2.3664074900797772E-003 -0.29841109687654949     
  -3.8988988988988988       -3.2883503638980543E-003 -0.29934163436544092     
  -3.8888888888888888       -3.6279124971653914E-003 -0.30015170246508938     
  -3.8788788788788788       -3.1540513388536476E-003 -0.30059672775744806     
  -3.8688688688688688       -2.4796766573293187E-003 -0.30249281802371802     
  -3.8588588588588588       -2.5049662852022368E-003 -0.30473529359336893     
  -3.8488488488488488       -3.0536984024935763E-003 -0.30719098853062304     
  -3.8388388388388388       -4.7434850171339587E-003 -0.30972444962943774     
  -3.8288288288288288       -7.1905624111015445E-003 -0.30980777433886020     
  -3.8188188188188188       -7.3283177486080462E-003 -0.31091804393900802     
  -3.8088088088088088       -9.5901914231247224E-003 -0.30979686141905427     
  -3.7987987987987988       -6.1259199768789550E-003 -0.30973411307482246     
  -3.7887887887887888       -4.7418286678940890E-003 -0.31351664080751396     
  -3.7787787787787788       -5.1451593291271282E-003 -0.31781726054844062     
  -3.7687687687687688       -7.1881997481657500E-003 -0.32293622673459782     
  -3.7587587587587588       -1.3263526964679332E-002 -0.32918917579032841     
  -3.7487487487487487       -2.9423342783156257E-002 -0.32879356329915937     
  -3.7387387387387387       -3.4923036942309492E-002 -0.30846523504435858     
  -3.7287287287287287       -1.8178856705821339E-002 -0.29961354873496931     
  -3.7187187187187187       -9.1702449761329706E-003 -0.30590323134205771     
  -3.7087087087087087       -6.3797546960061768E-003 -0.31206554381925677     
  -3.6986986986986987       -5.7515316459387424E-003 -0.31745967406128356     
  -3.6886886886886887       -6.6005115595997657E-003 -0.32281616531423202     
  -3.6786786786786787       -1.0245528889709948E-002 -0.32820793580275820     
  -3.6686686686686687       -1.6730471462143664E-002 -0.32751061621866179     
  -3.6586586586586587       -1.4159973820058522E-002 -0.32825563805929969     
  -3.6486486486486487       -1.9333662747710787E-002 -0.33624615151797044     
  -3.6386386386386387       -3.5301484495581556E-002 -0.33130776574954401     
  -3.6286286286286287       -3.0760107345379113E-002 -0.32197972851114054     
  -3.6186186186186187       -3.8628272391872130E-002 -0.31688651412985541     
  -3.6086086086086087       -2.6311056128878567E-002 -0.30425319599106332     
  -3.5985985985985987       -2.0422240652433064E-002 -0.30623703918025941     
  -3.5885885885885886       -1.1950951464777733E-002 -0.30592566423794948     
  -3.5785785785785786       -6.6535392507719327E-003 -0.31141135451486135     
  -3.5685685685685686       -4.5999884420322686E-003 -0.31619434527565315     
  -3.5585585585585586       -3.6235872934323107E-003 -0.32002573251842792     
  -3.5485485485485486       -3.0806778730430541E-003 -0.32325626636014182     
  -3.5385385385385386       -2.7491323669138626E-003 -0.32610860524942775     
  -3.5285285285285286       -2.5373716365255801E-003 -0.32871421035524928     
  -3.5185185185185186       -2.4080312199263646E-003 -0.33115427440208012     
  -3.5085085085085086       -2.3632427821829462E-003 -0.33346019528360082     
  -3.4984984984984986       -2.3084107414827037E-003 -0.33558579908380687     
  -3.4884884884884886       -2.2002820886715450E-003 -0.33773962603698937     
  -3.4784784784784786       -2.1680219386010255E-003 -0.33988564580982683     
  -3.4684684684684686       -2.2023523761271618E-003 -0.34195724053279714     
  -3.4584584584584586       -2.1518741325553190E-003 -0.34395309763174914     
  -3.4484484484484486       -2.0997736257536677E-003 -0.34603027109345180     
  -3.4384384384384385       -2.0873251837061446E-003 -0.34811420133759519     
  -3.4284284284284285       -2.0914078682362064E-003 -0.35020050644086964     
  -3.4184184184184185       -2.1053029738832825E-003 -0.35229736543947737     
  -3.4084084084084085       -2.1271991950310510E-003 -0.35441246873790422     
  -3.3983983983983985       -2.1570870845459074E-003 -0.35655320508062466     
  -3.3883883883883881       -2.1964273916120457E-003 -0.35872751740579545     
  -3.3783783783783781       -2.2494195698253847E-003 -0.36094495361277629     
  -3.3683683683683681       -2.3286199399626638E-003 -0.36321727522040204     
  -3.3583583583583581       -2.4768993900264828E-003 -0.36554136125059039     
  -3.3483483483483480       -2.6699501633822460E-003 -0.36776730347871245     
  -3.3383383383383380       -2.6559395629533315E-003 -0.37013598694266242     
  -3.3283283283283280       -2.7799041309371428E-003 -0.37275757538288262     
  -3.3183183183183180       -3.1312506114922331E-003 -0.37555171409208837     
  -3.3083083083083080       -4.0676300154307132E-003 -0.37839054713715092     
  -3.2982982982982980       -5.2455638237901264E-003 -0.38002779337091019     
  -3.2882882882882880       -5.5331243714213203E-003 -0.38159633915820557     
  -3.2782782782782780       -4.4742379337624032E-003 -0.38337826987527523     
  -3.2682682682682680       -3.8217939180529154E-003 -0.38676623792213038     
  -3.2582582582582580       -3.8209938457724993E-003 -0.39039842449335882     
  -3.2482482482482480       -4.1406760288113841E-003 -0.39425387999917400     
  -3.2382382382382380       -4.8151147080963347E-003 -0.39853426723957092     
  -3.2282282282282280       -6.1987820145122012E-003 -0.40354989206850844     
  -3.2182182182182180       -9.5641683040944316E-003 -0.40968328189120751     
  -3.2082082082082080       -1.9431974230759142E-002 -0.41484613206473803     
  -3.1981981981981980       -2.9328334360424334E-002 -0.40188850177420271     
  -3.1881881881881879       -1.5910171413710723E-002 -0.39680711470958580     
  -3.1781781781781779       -9.7927250059033927E-003 -0.40431010671054751     
  -3.1681681681681679       -8.5447825949718798E-003 -0.41212970171352570     
  -3.1581581581581579       -9.5776718724292793E-003 -0.42017585973328009     
  -3.1481481481481479       -1.3837168056924420E-002 -0.42915928673778764     
  -3.1381381381381379       -2.5857703302571637E-002 -0.43473071722702294     
  -3.1281281281281279       -3.0013921363198321E-002 -0.42839254536976951     
  -3.1181181181181179       -3.4651506375734976E-002 -0.42906120116606605     
  -3.1081081081081079       -2.7759507028398082E-002 -0.42602779191996021     
  -3.0980980980980979       -2.7252498625143274E-002 -0.44111746914483307     
  -3.0880880880880879       -4.9382196646097561E-002 -0.45574387150192835     
  -3.0780780780780779       -8.3581249141084155E-002 -0.42326375501601754     
  -3.0680680680680679       -4.8724591367093541E-002 -0.39063904006903272     
  -3.0580580580580579       -2.3925507323722332E-002 -0.40416495238686295     
  -3.0480480480480479       -1.6328594978134783E-002 -0.41970362842835834     
  -3.0380380380380378       -1.4415705912870917E-002 -0.43348567356989925     
  -3.0280280280280278       -1.5400072372172139E-002 -0.44725165586562632     
  -3.0180180180180178       -1.9529717420404474E-002 -0.46291668247382795     
  -3.0080080080080078       -3.0184845258332791E-002 -0.48280283268337509     
  -2.9979979979979978       -6.0438226307276188E-002 -0.50624598589297054     
  -2.9879879879879878      -0.12470020582564041      -0.49081424989988054     
  -2.9779779779779778      -0.12779321203195426      -0.41611006315918880     
  -2.9679679679679678       -9.2649420931055909E-002 -0.41723969390723686     
  -2.9579579579579578      -0.10866164181945871      -0.39615118740253558     
  -2.9479479479479478       -7.5828544851223326E-002 -0.37949744422580328     
  -2.9379379379379378       -5.6427052709797136E-002 -0.37012066623052070     
  -2.9279279279279278       -2.8022491797916275E-002 -0.38120352778749306     
  -2.9179179179179178       -1.6836933463983152E-002 -0.39769741458428548     
  -2.9079079079079078       -1.2100965569015295E-002 -0.41054182000283729     
  -2.8978978978978978       -9.6693152403989520E-003 -0.42080313110839707     
  -2.8878878878878878       -8.2583962004245878E-003 -0.42947207130343307     
  -2.8778778778778777       -7.3776634620752960E-003 -0.43713069735603466     
  -2.8678678678678677       -6.8056846511937320E-003 -0.44412747356334814     
  -2.8578578578578577       -6.4312180219053055E-003 -0.45068397208851146     
  -2.8478478478478477       -6.1981836639540006E-003 -0.45695017262754717     
  -2.8378378378378377       -6.0950900946874897E-003 -0.46302519166149197     
  -2.8278278278278277       -6.1113169577881659E-003 -0.46888665156527753     
  -2.8178178178178177       -6.0340037058290779E-003 -0.47463217814374647     
  -2.8078078078078077       -5.9513184713440694E-003 -0.48048226063476857     
  -2.7977977977977977       -5.9640997422413166E-003 -0.48640543592480473     
  -2.7877877877877877       -6.0375272805487604E-003 -0.49239124953087160     
  -2.7777777777777777       -6.1549215977437398E-003 -0.49847617604791589     
  -2.7677677677677677       -6.3136131001804629E-003 -0.50469896046951568     
  -2.7577577577577577       -6.5174819256724418E-003 -0.51110009008982182     
  -2.7477477477477477       -6.7787361184123308E-003 -0.51772477663305638     
  -2.7377377377377377       -7.1320925908832352E-003 -0.52461812682116238     
  -2.7277277277277276       -7.6057000301634776E-003 -0.53173812710855495     
  -2.7177177177177176       -7.9962516276588461E-003 -0.53924689592010533     
  -2.7077077077077076       -8.5682825141904072E-003 -0.54740384393384145     
  -2.6976976976976976       -9.4330072957095317E-003 -0.55626234926928209     
  -2.6876876876876876       -1.0771594057024192E-002 -0.56609444483186533     
  -2.6776776776776776       -1.3090798026623539E-002 -0.57738692818813053     
  -2.6676676676676676       -1.7910355026742011E-002 -0.59094918867531643     
  -2.6576576576576576       -3.0736798738084169E-002 -0.60681762230709202     
  -2.6476476476476476       -6.2942812613106303E-002 -0.60530749116813565     
  -2.6376376376376376       -5.1975796175524669E-002 -0.57165346827563079     
  -2.6276276276276276       -2.8122599528407888E-002 -0.58402823822215133     
  -2.6176176176176176       -2.1843932698044140E-002 -0.60366088019742059     
  -2.6076076076076076       -2.2598615258163021E-002 -0.62323062792240091     
  -2.5975975975975976       -3.0680370262955056E-002 -0.64339409124390590     
  -2.5875875875875876       -5.0596283508866788E-002 -0.65082848492906542     
  -2.5775775775775776       -4.3228452224598680E-002 -0.64797111997508861     
  -2.5675675675675675       -4.1472476657238314E-002 -0.67045059034598475     
  -2.5575575575575575       -4.7717905499365630E-002 -0.68500750960323287     
  -2.5475475475475475       -4.9845888385585083E-002 -0.71383306492210230     
  -2.5375375375375375       -7.9317019060392374E-002 -0.75483052369155113     
  -2.5275275275275275      -0.16953144417143129      -0.75865812162931234     
  -2.5175175175175175      -0.16435464988736490      -0.64094092261161340     
  -2.5075075075075075       -8.1626262026868068E-002 -0.65594850416796191     
  -2.4974974974974975       -5.7129964501619598E-002 -0.70557359009474896     
  -2.4874874874874875       -5.5323124853500265E-002 -0.75492963516699096     
  -2.4774774774774775       -6.8021897734937248E-002 -0.80910783898779393     
  -2.4674674674674675      -0.10695840420179259      -0.87514801573483214     
  -2.4574574574574575      -0.22491963423883626      -0.93244135104062120     
  -2.4474474474474475      -0.37116102125955724      -0.77734246572744614     
  -2.4374374374374375      -0.21147479797990101      -0.66499937738189641     
  -2.4274274274274275      -0.12217129553700795      -0.74511887442828995     
  -2.4174174174174174      -0.10945051916489681      -0.83559848359317157     
  -2.4074074074074074      -0.14288142329125547      -0.91412802055149889     
  -2.3973973973973974      -0.16481854653420566      -0.95724357074283417     
  -2.3873873873873874      -0.19524294672879508       -1.0666403986901800     
  -2.3773773773773774      -0.34104079075716137       -1.1628435698261050     
  -2.3673673673673674      -0.43062062391517386       -1.1187075253261130     
  -2.3573573573573574      -0.51862446911063131       -1.2423735909501539     
  -2.3473473473473474      -0.77343049358817562       -1.2204251730643489     
  -2.3373373373373374      -0.92366006939232004       -1.1470865256607556     
  -2.3273273273273274       -1.1488233582322056      -0.98297977969331130     
  -2.3173173173173174       -1.1854935094867765      -0.68333626798366820     
  -2.3073073073073074       -1.1159012698799482      -0.57678074890324038     
  -2.2972972972972974       -1.0470576281135033      -0.40888923333074056     
  -2.2872872872872874       -1.0210113031872146      -0.53062525620371104     
  -2.2772772772772774       -1.2998187433210155      -0.37499415085211885     
  -2.2672672672672673       -1.3251022106736943        4.4844474645539770E-002
  -2.2572572572572573       -1.0325378680817168       0.37316912334690711     
  -2.2472472472472473      -0.72027183104920711       0.48070312032843426     
  -2.2372372372372373      -0.36542452263682235       0.42361184820371622     
  -2.2272272272272273      -0.19584399265202510       0.24649682721517552     
  -2.2172172172172173      -0.12585354375650204       0.11121656564385524     
  -2.2072072072072073       -9.0405523512098684E-002   1.2328452341545369E-002
  -2.1971971971971973       -6.9662769960993243E-002  -6.3464553108906530E-002
  -2.1871871871871873       -5.6364229458146592E-002 -0.12421269918674749     
  -2.1771771771771773       -4.7335998514829010E-002 -0.17470494574678669     
  -2.1671671671671673       -4.1057738035529492E-002 -0.21795028564187865     
  -2.1571571571571573       -3.6951888743993890E-002 -0.25582099200642600     
  -2.1471471471471473       -3.4278533711060905E-002 -0.28848892824605049     
  -2.1371371371371373       -3.0873147881453004E-002 -0.31866214416742988     
  -2.1271271271271273       -2.9053923620132677E-002 -0.34772356054149323     
  -2.1171171171171173       -2.9379006095699069E-002 -0.37548099091253145     
  -2.1071071071071072       -3.4522822804064275E-002 -0.40056051611897486     
  -2.0970970970970972       -3.8710323284761504E-002 -0.41291999417224873     
  -2.0870870870870872       -2.9465008324185228E-002 -0.42970901448207960     
  -2.0770770770770772       -2.4817471123879727E-002 -0.45331428589091971     
  -2.0670670670670672       -2.3611916465323672E-002 -0.47621106923000112     
  -2.0570570570570572       -2.3515021408150920E-002 -0.49715166492731683     
  -2.0470470470470472       -2.2461197318258880E-002 -0.51827038861299979     
  -2.0370370370370372       -2.2422105354368841E-002 -0.54015272886644006     
  -2.0270270270270272       -2.3599331888686747E-002 -0.56235946774232326     
  -2.0170170170170172       -2.7740717509269004E-002 -0.58406668024515496     
  -2.0070070070070072       -3.0413198988924160E-002 -0.59403886073652645     
  -1.9969969969969972       -1.6001527752108270E-002 -0.62413052661565971     
  -1.9869869869869872       -2.2398372105175941E-002 -0.65317787473531819     
  -1.9769769769769772       -2.6341936837236433E-002 -0.67857396534833969     
  -1.9669669669669672       -3.0594303711411249E-002 -0.70545834735475998     
  -1.9569569569569571       -3.6884192347008939E-002 -0.73327263250007413     
  -1.9469469469469471       -4.3881543165380808E-002 -0.75580143691182244     
  -1.9369369369369371       -4.0699591543731484E-002 -0.78503085724530053     
  -1.9269269269269271       -4.2521505375446876E-002 -0.82355360537843803     
  -1.9169169169169171       -4.8567910105714561E-002 -0.86637490431677111     
  -1.9069069069069071       -5.7377088572861321E-002 -0.91551793279783367     
  -1.8968968968968971       -7.3418536243141597E-002 -0.97570983091911923     
  -1.8868868868868871      -0.10850692311225371       -1.0501776334256065     
  -1.8768768768768771      -0.19828507265774523       -1.1176522185931486     
  -1.8668668668668671      -0.26835572666946689       -1.0744385868120394     
  -1.8568568568568571      -0.21576576855261648       -1.1191746406342074     
  -1.8468468468468471      -0.25557256883887119       -1.2760431902724096     
  -1.8368368368368371      -0.45294126285113739       -1.4238243493832061     
  -1.8268268268268271      -0.74527891687361336       -1.3852663192888912     
  -1.8168168168168171      -0.92368611105647369       -1.1527820344948658     
  -1.8068068068068071      -0.81910362711930707      -0.93675392707019123     
  -1.7967967967967970      -0.75520352719355077       -1.0283798629867316     
  -1.7867867867867866      -0.84344719112942090      -0.94812574789064841     
  -1.7767767767767766      -0.76551155361653433      -0.91349235252191485     
  -1.7667667667667666      -0.70658955148908265       -1.0687196416746845     
  -1.7567567567567566      -0.94062238596357217       -1.1889817476340028     
  -1.7467467467467466       -1.1444527054637916       -1.1156739679097434     
  -1.7367367367367366       -1.3252000281886320      -0.95784977146134620     
  -1.7267267267267266       -1.3630632875965922      -0.69526389318853576     
  -1.7167167167167166       -1.1558264211700917      -0.60026163613712247     
  -1.7067067067067065       -1.2497035613828991      -0.77663401319295555     
  -1.6966966966966965       -1.4905153885314242      -0.64684932771160863     
  -1.6866866866866865       -1.5927499593503720      -0.38512374222199780     
  -1.6766766766766765       -1.5576443603411112       -8.5447254137818895E-002
  -1.6666666666666665       -1.3092658425277039       0.14552381098729411     
  -1.6566566566566565       -1.1208706904017760       -1.4296546726011527E-002
  -1.6466466466466465       -1.3551401792415638        4.6452901626392019E-002
  -1.6366366366366365       -1.3471749848052745       0.42260138803689296     
  -1.6266266266266265       -1.0366131569104402       0.74748218600186811     
  -1.6166166166166165      -0.56071541124800472       0.77166900257481985     
  -1.6066066066066065      -0.28719447556952277       0.55406593710268093     
  -1.5965965965965965      -0.17905326297669233       0.36628893853546679     
  -1.5865865865865865      -0.12752169456831666       0.22774628769321634     
  -1.5765765765765765       -9.8482971667835761E-002  0.12107973530224064     
  -1.5665665665665665       -8.0277397660400457E-002   3.4935252383425992E-002
  -1.5565565565565564       -6.8048946242905084E-002  -3.7373362429441934E-002
  -1.5465465465465464       -5.9457604080237779E-002  -9.9970286119796220E-002
  -1.5365365365365364       -5.3255761985501346E-002 -0.15555402502711277     
  -1.5265265265265264       -4.8737072338943255E-002 -0.20599423606255790     
  -1.5165165165165164       -4.5511417015173326E-002 -0.25266407198335289     
  -1.5065065065065064       -4.3470427243245326E-002 -0.29662531003480042     
  -1.4964964964964964       -4.3025504111024689E-002 -0.33841818948674296     
  -1.4864864864864864       -4.3179541023126287E-002 -0.37664812899364875     
  -1.4764764764764764       -4.1457429476167894E-002 -0.41530899698570867     
  -1.4664664664664664       -4.1791047033592890E-002 -0.45552283725675541     
  -1.4564564564564564       -4.5573769869599504E-002 -0.49654326404794380     
  -1.4464464464464464       -5.7389568154259128E-002 -0.53440110071523095     
  -1.4364364364364364       -6.2411091228669495E-002 -0.55521546009954870     
  -1.4264264264264264       -5.1540521035249746E-002 -0.59078702137848893     
  -1.4164164164164164       -5.0205720773497060E-002 -0.63617420980846207     
  -1.4064064064064064       -5.6655714446317423E-002 -0.67988393610036668     
  -1.3963963963963963       -5.7066202836140126E-002 -0.71905853340723291     
  -1.3863863863863863       -5.6228513961843307E-002 -0.76995870313813097     
  -1.3763763763763763       -6.0206694031020781E-002 -0.82651358096978034     
  -1.3663663663663663       -6.7499364100607098E-002 -0.88894053708449328     
  -1.3563563563563563       -7.9119317228356134E-002 -0.95979042495856159     
  -1.3463463463463463      -0.10027641316570908       -1.0419278244605328     
  -1.3363363363363363      -0.13313072810638921       -1.1216315506178136     
  -1.3263263263263263      -0.15657952360517183       -1.2301390462595889     
  -1.3163163163163163      -0.22550452736515497       -1.3836228507434181     
  -1.3063063063063063      -0.39822376168307738       -1.5427149495206742     
  -1.2962962962962963      -0.64125920346265197       -1.5881726083970269     
  -1.2862862862862863      -0.84152754034560162       -1.5435231601044253     
  -1.2762762762762763      -0.98526387069698729       -1.4908917147963641     
  -1.2662662662662663       -1.1338008859834892       -1.4290758084419346     
  -1.2562562562562563       -1.2618087900150161       -1.3431915032265991     
  -1.2462462462462462       -1.3698935441036340       -1.2479279482854897     
  -1.2362362362362362       -1.4629488404918427       -1.1466920340429201     
  -1.2262262262262262       -1.5437593028128087       -1.0399548688623523     
  -1.2162162162162162       -1.6137331661132563      -0.92717926041825827     
  -1.2062062062062062       -1.6730151358239993      -0.80719172963197439     
  -1.1961961961961962       -1.7205374138847245      -0.67960058427903758     
  -1.1861861861861862       -1.7576040169420166      -0.54092100343157201     
  -1.1761761761761762       -1.7752796456995961      -0.38363724427534840     
  -1.1661661661661662       -1.7529067867023866      -0.20440279521655649     
  -1.1561561561561562       -1.6390311619019891       -4.0525275197999866E-002
  -1.1461461461461462       -1.5365390828797489       -1.1152497077842060E-002
  -1.1361361361361362       -1.4663331593483950        8.5589825858818663E-002
  -1.1261261261261262       -1.3061177999969462        6.0675166196348662E-002
  -1.1161161161161162       -1.3985248471876728       -8.7003292104730526E-002
  -1.1061061061061062       -1.5784991841070790        8.6358151388020388E-002
  -1.0960960960960962       -1.5213702500353814       0.32896330377398986     
  -1.0860860860860861       -1.4126565585869153       0.42229683944104351     
  -1.0760760760760761       -1.3022252682222266       0.52919086213492039     
  -1.0660660660660661       -1.3166771240429245       0.57579905300252543     
  -1.0560560560560561       -1.2365201534638921       0.85696734482192571     
  -1.0460460460460461      -0.91648637969553248        1.0696010707576940     
  -1.0360360360360361      -0.50207276993171734        1.0283066274383088     
  -1.0260260260260261      -0.27037875623839913       0.80873380576352261     
  -1.0160160160160161      -0.17612881539773079       0.62306480490724347     
  -1.0060060060060061      -0.12971633593910037       0.48271547733653025     
 -0.99599599599599564      -0.10280109150142365       0.37199335379158344     
 -0.98598598598598564       -8.5498019072343084E-002  0.28072977832600315     
 -0.97597597597597563       -7.3606662919213736E-002  0.20285904239022276     
 -0.96596596596596562       -6.5063077038483436E-002  0.13458469959811600     
 -0.95595595595595562       -5.8742166353519684E-002   7.3392245103248391E-002
 -0.94594594594594561       -5.3982372259046278E-002   1.7529127253250357E-002
 -0.93593593593593560       -5.0372453047872946E-002  -3.4282416051818108E-002
 -0.92592592592592560       -4.7646482612134576E-002  -8.3012953311583842E-002
 -0.91591591591591559       -4.5628325528253098E-002 -0.12942903928119534     
 -0.90590590590590558       -4.4200719879724543E-002 -0.17416014300003918     
 -0.89589589589589558       -4.3287580637873226E-002 -0.21774454134302970     
 -0.88588588588588557       -4.2844065715305010E-002 -0.26066295689395996     
 -0.87587587587587556       -4.2851909537170364E-002 -0.30336549986893618     
 -0.86586586586586556       -4.3319516317992697E-002 -0.34629606200368968     
 -0.85585585585585555       -4.4288930918074024E-002 -0.38991821468205273     
 -0.84584584584584555       -4.5859099882175985E-002 -0.43474757727930013     
 -0.83583583583583554       -4.8265407295862997E-002 -0.48139052840840713     
 -0.82582582582582553       -5.2193674868561454E-002 -0.53045113560406942     
 -0.81581581581581553       -5.8657024714893730E-002 -0.58062910225290132     
 -0.80580580580580552       -6.2296389223190356E-002 -0.63329382421082581     
 -0.79579579579579551       -6.8590414851451398E-002 -0.69542489368516514     
 -0.78578578578578551       -8.2097958126353315E-002 -0.76588421737324797     
 -0.77577577577577550      -0.11262088728060327      -0.84248255229987146     
 -0.76576576576576549      -0.15656543900833603      -0.88911490985219577     
 -0.75575575575575549      -0.14419783884233725      -0.95388006217189480     
 -0.74574574574574548      -0.16238552026340550       -1.0777662158353438     
 -0.73573573573573547      -0.23186065861087646       -1.2148022628974937     
 -0.72572572572572547      -0.32455214674333499       -1.3605162687888936     
 -0.71571571571571546      -0.53719724337670427       -1.5164704878003521     
 -0.70570570570570545      -0.79923154170170263       -1.5325100821682545     
 -0.69569569569569545       -1.0082097554517979       -1.4727622481923055     
 -0.68568568568568544       -1.1723075667628156       -1.3875952952850956     
 -0.67567567567567544       -1.3051717644339391       -1.2923091154719544     
 -0.66566566566566543       -1.4152855199095749       -1.1922310476898852     
 -0.65565565565565542       -1.5079034213689038       -1.0894764165697883     
 -0.64564564564564542       -1.5864304816859234      -0.98489462792516802     
 -0.63563563563563541       -1.6531481872663918      -0.87874913917037600     
 -0.62562562562562540       -1.7096015857489415      -0.77099104439734900     
 -0.61561561561561540       -1.7568108893862884      -0.66137735173528034     
 -0.60560560560560539       -1.7953821972563146      -0.54951898564264734     
 -0.59559559559559538       -1.8255444416595725      -0.43488855373887081     
 -0.58558558558558538       -1.8470941278588484      -0.31679718166540566     
 -0.57557557557557537       -1.8591024244970107      -0.19438192796378612     
 -0.56556556556556536       -1.8588029758972788       -6.7389101800418502E-002
 -0.55555555555555536       -1.8454900799561602        5.7291506253358347E-002
 -0.54554554554554535       -1.8305265486251325       0.19066210239087597     
 -0.53553553553553535       -1.7921083074827879       0.33926338934344352     
 -0.52552552552552534       -1.7179263765031663       0.49050849634521126     
 -0.51551551551551533       -1.6210681635719422       0.61493884254429787     
 -0.50550550550550533       -1.5038958024545088       0.77289733299883157     
 -0.49549549549549532       -1.2540428408967057       0.88903891220006515     
 -0.48548548548548531       -1.0008835623504626       0.72275109329107001     
 -0.47547547547547531       -1.1873897469032495       0.60579079072305553     
 -0.46546546546546530       -1.2240417266937917       0.89280588787631587     
 -0.45545545545545529      -0.97847801852964145        1.1333582846385952     
 -0.44544544544544529      -0.59374353710462224        1.1747211792334216     
 -0.43543543543543528      -0.31107314753299575       0.98381569201934893     
 -0.42542542542542527      -0.19499512978613073       0.78548778137888164     
 -0.41541541541541527      -0.14157187031483773       0.63334069003901694     
 -0.40540540540540526      -0.11193020158590868       0.51318108435319909     
 -0.39539539539539525       -9.3408845545217972E-002  0.41379762511988283     
 -0.38538538538538525       -8.0946124492542085E-002  0.32848419835285109     
 -0.37537537537537524       -7.2160775836874178E-002  0.25308875378033147     
 -0.36536536536536524       -6.5795615396789950E-002  0.18488145640887879     
 -0.35535535535535523       -6.1130248521654891E-002  0.12196187301376298     
 -0.34534534534534522       -5.7727636143464225E-002   6.2936124044546585E-002
 -0.33533533533533522       -5.5313140468228453E-002   6.7304696692718213E-003
 -0.32532532532532521       -5.3712355946091951E-002  -4.7523105631974399E-002
 -0.31531531531531520       -5.2817584487093221E-002 -0.10056179124473663     
 -0.30530530530530520       -5.2569562335920694E-002 -0.15304474896476353     
 -0.29529529529529519       -5.2948195794181356E-002 -0.20559391152082668     
 -0.28528528528528518       -5.3969478250732707E-002 -0.25882933509764722     
 -0.27527527527527518       -5.5687702154788590E-002 -0.31340416688943973     
 -0.26526526526526517       -5.8203595658643179E-002 -0.37004418285575436     
 -0.25525525525525516       -6.1680838899456497E-002 -0.42959808862710092     
 -0.24524524524524516       -6.6376522107281455E-002 -0.49310791116545494     
 -0.23523523523523515       -7.2697535601976879E-002 -0.56191535268096349     
 -0.22522522522522515       -8.1309905230487270E-002 -0.63783345368922317     
 -0.21521521521521514       -9.3367291339709862E-002 -0.72344139432298571     
 -0.20520520520520513      -0.11104089165032502      -0.82262120686081708     
 -0.19519519519519513      -0.13893390474729495      -0.94156847994029769     
 -0.18518518518518512      -0.18862398720323278       -1.0904215086095732     
 -0.17517517517517511      -0.29574830493617160       -1.2800741974640351     
 -0.16516516516516511      -0.53791905138459706       -1.4523107063427210     
 -0.15515515515515510      -0.83347159775403390       -1.4690141904599727     
 -0.14514514514514509       -1.0664213555338844       -1.3947638571343242     
 -0.13513513513513509       -1.2439732266964416       -1.2890427352403073     
 -0.12512512512512508       -1.3811840312346018       -1.1679648882988440     
 -0.11511511511511507       -1.4811681606439617       -1.0319517403354646     
 -0.10510510510510507       -1.5133852865283135      -0.88685340942807667     
  -9.5095095095095061E-002  -1.4961318780970716      -0.86338053939256010     
  -8.5085085085085055E-002  -1.6116192532406006      -0.82701870067940031     
  -7.5075075075075048E-002  -1.6861431762927506      -0.72144016595201244     
  -6.5065065065065042E-002  -1.7325393061888772      -0.64158928830139172     
  -5.5055055055055035E-002  -1.7927905591438191      -0.54843405139875478     
  -4.5045045045045029E-002  -1.8337439211461486      -0.44530397742172678     
  -3.5035035035035023E-002  -1.8617257356735581      -0.34367133472848121     
  -2.5025025025025016E-002  -1.8809160283423578      -0.24393132266137932     
  -1.5015015015015010E-002  -1.8929031624470418      -0.14547856644599888     
  -5.0050050050050032E-003  -1.8981237544067369       -4.8060308607123438E-002
   5.0050050050050032E-003  -1.8981249704800174        4.7987698474551116E-002
   1.5015015015015010E-002  -1.8929091550981798       0.14540498722569645     
   2.5025025025025016E-002  -1.8809268580794307       0.24385744780058166     
   3.5035035035035023E-002  -1.8617418898060709       0.34359695399094414     
   4.5045045045045029E-002  -1.8337669298525288       0.44522888400788657     
   5.5055055055055035E-002  -1.7928245093748441       0.54835963227663009     
   6.5065065065065042E-002  -1.7325846546098713       0.64152983025267163     
   7.5075075075075048E-002  -1.6861817732625608       0.72137389954616138     
   8.5085085085085055E-002  -1.6116980282386857       0.82696587646640185     
   9.5095095095095061E-002  -1.4961744952246794       0.86343860356104918     
  0.10510510510510507       -1.5133339630006848       0.88677711276196058     
  0.11511511511511507       -1.4811974937819925        1.0318590061574298     
  0.12512512512512508       -1.3812370200723840        1.1678904062074749     
  0.13513513513513509       -1.2440377081885772        1.2889808756194130     
  0.14514514514514509       -1.0664967443654487        1.3947138907539651     
  0.15515515515515510      -0.83355999085676680        1.4689825140232158     
  0.16516516516516511      -0.53801058713607175        1.4523187245665845     
  0.17517517517517511      -0.29579687161023649        1.2801068242678959     
  0.18518518518518512      -0.18864601872763970        1.0904403213507017     
  0.19519519519519513      -0.13894652975796076       0.94157440882822030     
  0.20520520520520513      -0.11104949180280589       0.82261789058132295     
  0.21521521521521514       -9.3373882709359785E-002  0.72343103886959881     
  0.22522522522522515       -8.1315412859102626E-002  0.63781732207006891     
  0.23523523523523515       -7.2702455852474285E-002  0.56189416174906703     
  0.24524524524524516       -6.6381158367317408E-002  0.49308204086230445     
  0.25525525525525516       -6.1685400448982089E-002  0.42956769067205014     
  0.26526526526526517       -5.8208245271785343E-002  0.37000923730390339     
  0.27527527527527518       -5.5692582341034955E-002  0.31336450962937756     
  0.28528528528528518       -5.3974728212879255E-002  0.25878466713775633     
  0.29529529529529519       -5.2953964772375420E-002  0.20554379486087987     
  0.30530530530530520       -5.2576022620176972E-002  0.15298859044514074     
  0.31531531531531520       -5.2824946701115108E-002  0.10049881334324574     
  0.32532532532532521       -5.3720889540474950E-002   4.7452300803509193E-002
  0.33533533533533522       -5.5323203718784270E-002  -6.8104076189335182E-003
  0.34534534534534522       -5.7739722919045125E-002  -6.3026902914183530E-002
  0.35535535535535523       -6.1145065223774164E-002 -0.12206575924577971     
  0.36536536536536524       -6.5814214575128913E-002 -0.18500152144851134     
  0.37537537537537524       -7.2184802743144455E-002 -0.25322927515426197     
  0.38538538538538525       -8.0978306165267730E-002 -0.32865134270417135     
  0.39539539539539525       -9.3454052052321906E-002 -0.41400067274425423     
  0.40540540540540526      -0.11199802856663732      -0.51343473836641096     
  0.41541541541541527      -0.14168393959527217      -0.63366948838729864     
  0.42542542542542527      -0.19521006108194644      -0.78593225170584002     
  0.43543543543543528      -0.31158367720006830      -0.98439789241227205     
  0.44544544544544529      -0.59485408670668660       -1.1749731698118320     
  0.45545545545545529      -0.97945825619933802       -1.1328393319914027     
  0.46546546546546530       -1.2244463193076394      -0.89188446970055124     
  0.47547547547547531       -1.1867132908168729      -0.60524137983895820     
  0.48548548548548531       -1.0010583250810761      -0.72364190414017238     
  0.49549549549549532       -1.2550385325556590      -0.88890575670296501     
  0.50550550550550533       -1.5044509323724520      -0.77229997617534196     
  0.51551551551551533       -1.6212836581625816      -0.61441721443614217     
  0.52552552552552534       -1.7181385556489432      -0.49003989527740560     
  0.53553553553553535       -1.7922497499490859      -0.33879164639201453     
  0.54554554554554535       -1.8306222087420805      -0.19020898631326932     
  0.55555555555555536       -1.8455660451644191       -5.6831660041430997E-002
  0.56556556556556536       -1.8588199370240752        6.7865053972989031E-002
  0.57557557557557537       -1.8590694505895347       0.19484559732385798     
  0.58558558558558538       -1.8470232014123704       0.31724899032966014     
  0.59559559559559538       -1.8254394839025441       0.43533140692924610     
  0.60560560560560539       -1.7952440597497199       0.54995514225744868     
  0.61561561561561540       -1.7566387258171559       0.66180848644829871     
  0.62562562562562540       -1.7093931630955970       0.77141836353041793     
  0.63563563563563541       -1.6528998118791718       0.87917338188438188     
  0.64564564564564542       -1.5861366627978299       0.98531593702368903     
  0.65565565565565542       -1.5075562151926813        1.0898940090490461     
  0.66566566566566543       -1.4148733531341566        1.1926424775343270     
  0.67567567567567544       -1.3046772836117788        1.2927085695234817     
  0.68568568568568544       -1.1717035453715241        1.3879691446886995     
  0.69569569569569545       -1.0074515295113227        1.4730753648199006     
  0.70570570570570545      -0.79825251518668938        1.5326543068560390     
  0.71571571571571546      -0.53607307873131049        1.5161042049543814     
  0.72572572572572547      -0.32403087768769162        1.3597624789125919     
  0.73573573573573547      -0.23148483853394841        1.2142909043778662     
  0.74574574574574548      -0.16220229470543523        1.0772065520808831     
  0.75575575575575549      -0.14420686565755914       0.95343886968208991     
  0.76576576576576549      -0.15653907074528245       0.88899833445313414     
  0.77577577577577550      -0.11242919008031460       0.84220351668914706     
  0.78578578578578551       -8.2014501669112047E-002  0.76558241735249244     
  0.79579579579579551       -6.8550479323621613E-002  0.69516070978588274     
  0.80580580580580552       -6.2280968761252831E-002  0.63306560401512135     
  0.81581581581581553       -5.8628543504306581E-002  0.58043989786213324     
  0.82582582582582553       -5.2169353476888627E-002  0.53025752764410283     
  0.83583583583583554       -4.8250605801988540E-002  0.48120922936299521     
  0.84584584584584555       -4.5848580921678997E-002  0.43457754484447753     
  0.85585585585585555       -4.4280999920351304E-002  0.38975696560864148     
  0.86586586586586556       -4.3313479895692196E-002  0.34614159912238329     
  0.87587587587587556       -4.2847414890260803E-002  0.30321619814981127     
  0.88588588588588557       -4.2840917544587694E-002  0.26051742047514909     
  0.89589589589589558       -4.3285678103817816E-002  0.21760150614149268     
  0.90590590590590558       -4.4200032776316817E-002  0.17401840472097455     
  0.91591591591591559       -4.5628887901541716E-002  0.12928739154058111     
  0.92592592592592560       -4.7648397856122834E-002   8.2870125362604213E-002
  0.93593593593593560       -5.0375910598545098E-002   3.4137000568601979E-002
  0.94594594594594561       -5.3987680479600793E-002  -1.7678768131460187E-002
  0.95595595595595562       -5.8749812617303401E-002  -7.3548113460759498E-002
  0.96596596596596562       -6.5073838883973278E-002 -0.13474936618067027     
  0.97597597597597563       -7.3621824128484462E-002 -0.20303597967141662     
  0.98598598598598564       -8.5519822604796319E-002 -0.28092393704709229     
  0.99599599599599564      -0.10283379100846891      -0.37221222079730049     
   1.0060060060060056      -0.12976899274399006      -0.48297109174727793     
   1.0160160160160157      -0.17622419516206769      -0.62337720369402849     
   1.0260260260260257      -0.27058746409144113      -0.80912786825404037     
   1.0360360360360357      -0.50258610912554658       -1.0286689541702465     
   1.0460460460460457      -0.91707792482892647       -1.0695552757389144     
   1.0560560560560557       -1.2369015541784698      -0.85676205583786247     
   1.0660660660660657       -1.3169463928362677      -0.57554643151095297     
   1.0760760760760757       -1.3022180943558965      -0.52895350877323133     
   1.0860860860860857       -1.4126977496363899      -0.42232608650045028     
   1.0960960960960957       -1.5215718995256748      -0.32890943886611190     
   1.1061061061061057       -1.5786663781698500       -8.6268594436601787E-002
   1.1161161161161157       -1.3986992261442794        8.7191871942195409E-002
   1.1261261261261257       -1.3063527399172559       -6.0548308461176183E-002
   1.1361361361361357       -1.4661056675674746       -8.5285233862251883E-002
   1.1461461461461457       -1.5368861231281163        1.1114287277680773E-002
   1.1561561561561557       -1.6389331378133480        4.0774714839345888E-002
   1.1661661661661658       -1.7528576344659665       0.20449624147674628     
   1.1761761761761758       -1.7752598859617872       0.38372340888289141     
   1.1861861861861858       -1.7575970284066098       0.54101253138457150     
   1.1961961961961958       -1.7205060815504212       0.67972135561268321     
   1.2062062062062058       -1.6729644157928747       0.80727964677850483     
   1.2162162162162158       -1.6136826055295321       0.92726131409102774     
   1.2262262262262258       -1.5437017699501177        1.0400340843572777     
   1.2362362362362358       -1.4628812899581090        1.1467683197978977     
   1.2462462462462458       -1.3698123520323080        1.2480011833782703     
   1.2562562562562558       -1.2617075222132368        1.3432613957884569     
   1.2662662662662658       -1.1336597419563765        1.4291462675603008     
   1.2762762762762758      -0.98490547815837581        1.4908584921999559     
   1.2862862862862858      -0.84207204199405183        1.5430367630060216     
   1.2962962962962958      -0.64068865468935154        1.5894670960539232     
   1.3063063063063058      -0.39804591777321152        1.5415827193901044     
   1.3163163163163158      -0.22580296730899463        1.3835621294493239     
   1.3263263263263259      -0.15663569467719629        1.2301992936019828     
   1.3363363363363359      -0.13299719778841235        1.1216308153950212     
   1.3463463463463459      -0.10035656156232968        1.0418128084878089     
   1.3563563563563559       -7.9158705209280131E-002  0.95978351972704523     
   1.3663663663663659       -6.7509239222034056E-002  0.88893545595103352     
   1.3763763763763759       -6.0204910027463504E-002  0.82650725674649117     
   1.3863863863863859       -5.6211638609131434E-002  0.76995284995608759     
   1.3963963963963959       -5.7013245117345908E-002  0.71901849274602003     
   1.4064064064064059       -5.6715091204809366E-002  0.67980770150890490     
   1.4164164164164168       -5.0235370770995200E-002  0.63618333531595372     
   1.4264264264264268       -5.1529971543000416E-002  0.59079795168820581     
   1.4364364364364368       -6.2366588130814846E-002  0.55518338055014893     
   1.4464464464464468       -5.7407679659241942E-002  0.53435701122443890     
   1.4564564564564568       -4.5581966973825980E-002  0.49652211140104674     
   1.4664664664664668       -4.1793033054032779E-002  0.45550168633071247     
   1.4764764764764768       -4.1455612624580793E-002  0.41528654590388031     
   1.4864864864864868       -4.3173729114212092E-002  0.37661755495410554     
   1.4964964964964969       -4.3028431435206196E-002  0.33838562904177893     
   1.5065065065065069       -4.3472933341393891E-002  0.29659320859198207     
   1.5165165165165169       -4.5514047012649154E-002  0.25262987843872925     
   1.5265265265265269       -4.8740278104441356E-002  0.20595726683608570     
   1.5365365365365369       -5.3259840350345193E-002  0.15551354504749521     
   1.5465465465465469       -5.9462936648144560E-002   9.9925294968920664E-002
   1.5565565565565569       -6.8056144194226079E-002   3.7322435756305276E-002
   1.5665665665665669       -8.0287538843735670E-002  -3.4994235998508129E-002
   1.5765765765765769       -9.8498145031222575E-002 -0.12115010816533124     
   1.5865865865865869      -0.12754647638771138      -0.22783358861701472     
   1.5965965965965969      -0.17909951745869671      -0.36640259370571215     
   1.6066066066066069      -0.28730011081932261      -0.55421689536377272     
   1.6166166166166169      -0.56098339704663258      -0.77178694578727614     
   1.6266266266266269       -1.0368967922657362      -0.74734858775456203     
   1.6366366366366369       -1.3472749861895565      -0.42235991908841564     
   1.6466466466466469       -1.3550027234434898       -4.6272363604136744E-002
   1.6566566566566570       -1.1207895167075619        1.4066392358066582E-002
   1.6666666666666670       -1.3095700461046262      -0.14549892260552155     
   1.6766766766766770       -1.5577443014817183        8.5675984195156096E-002
   1.6866866866866870       -1.5926861047434402       0.38535145492463474     
   1.6966966966966970       -1.4902400731958070       0.64699265443310139     
   1.7067067067067070       -1.2492488269996598       0.77621802191166989     
   1.7167167167167170       -1.1566701781571793       0.59966675547415249     
   1.7267267267267270       -1.3635039454958071       0.69587541173801637     
   1.7367367367367370       -1.3250495985065402       0.95828644911872540     
   1.7467467467467470       -1.1443045261430156        1.1157304482065475     
   1.7567567567567570      -0.94043473507106901        1.1891417445554266     
   1.7667667667667670      -0.70679022185188378        1.0685617834800074     
   1.7767767767767770      -0.76529512751471562       0.91461942132997331     
   1.7867867867867870      -0.84217147065953968       0.94792805081490672     
   1.7967967967967970      -0.75479836652005972        1.0267052976328068     
   1.8068068068068071      -0.82076614743502252       0.93672728228359015     
   1.8168168168168171      -0.92374535685904224        1.1534758667681739     
   1.8268268268268271      -0.74494758309147624        1.3855070868334611     
   1.8368368368368371      -0.45259042817613476        1.4236197920129554     
   1.8468468468468471      -0.25559004801148416        1.2755881952730395     
   1.8568568568568571      -0.21631020609573284        1.1187652754951416     
   1.8668668668668671      -0.26928049371270574        1.0751540123426724     
   1.8768768768768771      -0.19754158864757551        1.1182186462545465     
   1.8868868868868871      -0.10818934763783312        1.0500373163026953     
   1.8968968968968971       -7.3318380641814368E-002  0.97558133555597104     
   1.9069069069069071       -5.7341079366345131E-002  0.91541681507087158     
   1.9169169169169171       -4.8580256379829427E-002  0.86627541760101645     
   1.9269269269269271       -4.2583161684096787E-002  0.82346188003036702     
   1.9369369369369371       -4.0902211044364548E-002  0.78497701916348595     
   1.9469469469469471       -4.3989153474223650E-002  0.75623469813595401     
   1.9569569569569571       -3.6593067557944184E-002  0.73326281975918606     
   1.9669669669669672       -3.0517065740705025E-002  0.70533568578554706     
   1.9769769769769772       -2.6338851227813768E-002  0.67847084147563674     
   1.9869869869869872       -2.2459511948835595E-002  0.65307583469825092     
   1.9969969969969972       -1.6201610862386941E-002  0.62412957245633083     
   2.0070070070070072       -3.0349084125617608E-002  0.59424013579360102     
   2.0170170170170172       -2.7662576313050542E-002  0.58405480360594197     
   2.0270270270270272       -2.3575764155990081E-002  0.56233578797690831     
   2.0370370370370372       -2.2413801247966703E-002  0.54013488470531690     
   2.0470470470470472       -2.2457820231999787E-002  0.51825574151470999     
   2.0570570570570572       -2.3513027645009895E-002  0.49713642817732562     
   2.0670670670670672       -2.3615614818329408E-002  0.47619045361220974     
   2.0770770770770772       -2.4835036240068283E-002  0.45328953006776795     
   2.0870870870870872       -2.9521865880504237E-002  0.42970046605405426     
   2.0970970970970972       -3.8700426505342007E-002  0.41300737061931841     
   2.1071071071071072       -3.4484764593543916E-002  0.40055009128002256     
   2.1171171171171173       -2.9368060171350539E-002  0.37546334926505875     
   2.1271271271271273       -2.9050264238958585E-002  0.34770797834619788     
   2.1371371371371373       -3.0870699352395749E-002  0.31864661039635189     
   2.1471471471471473       -3.4278242365728115E-002  0.28846700120937607     
   2.1571571571571573       -3.6957251117053641E-002  0.25580013090143983     
   2.1671671671671673       -4.1063681299659628E-002  0.21792639599884142     
   2.1771771771771773       -4.7344717162582449E-002  0.17467483724186453     
   2.1871871871871873       -5.6378886419888162E-002  0.12417287425594967     
   2.1971971971971973       -6.9690806822161999E-002   6.3408737335619372E-002
   2.2072072072072073       -9.0469107166893631E-002  -1.2411886040293292E-002
   2.2172172172172173      -0.12603391382913234      -0.11134161610474273     
   2.2272272272272273      -0.19650115458264791      -0.24654332206811846     
   2.2372372372372373      -0.36735998012034898      -0.42101215761279703     
   2.2472472472472473      -0.70360139038925917      -0.47776844541512564     
   2.2572572572572573       -1.0518732756821312      -0.39100517074502111     
   2.2672672672672673       -1.3354810122094247       -2.8606412961475855E-002
   2.2772772772772774       -1.2880467378123064       0.38919984475702574     
   2.2872872872872874       -1.0035562549534625       0.51871661537013936     
   2.2972972972972974       -1.0558949279773993       0.39630586563243408     
   2.3073073073073074       -1.1257476041784327       0.57690063021895666     
   2.3173173173173174       -1.1907227521919495       0.69022934140424752     
   2.3273273273273274       -1.1485326072893443       0.99088773115846107     
   2.3373373373373374      -0.91433738171773082        1.1574076725206819     
   2.3473473473473474      -0.75897350812663222        1.2076847840501674     
   2.3573573573573574      -0.52445418941241273        1.2232595188101849     
   2.3673673673673674      -0.45694528983481125        1.1267365238027371     
   2.3773773773773774      -0.33141066306311473        1.1762435733545660     
   2.3873873873873874      -0.18879310291738496        1.0668643959889861     
   2.3973973973973974      -0.15890076474345272       0.95366898975535896     
   2.4074074074074074      -0.14619863937914457       0.90944620452896885     
   2.4174174174174174      -0.11129739347151989       0.83556510442342280     
   2.4274274274274275      -0.12310119400053342       0.74506261144695285     
   2.4374374374374375      -0.21303176951348057       0.66494509184396933     
   2.4474474474474475      -0.37243837298371046       0.78072630300773627     
   2.4574574574574575      -0.22238714713034521       0.93285074472929885     
   2.4674674674674675      -0.10610782623157548       0.87433515085361124     
   2.4774774774774775       -6.7785721302662194E-002  0.80840216367268447     
   2.4874874874874875       -5.5352388366791218E-002  0.75427154377556149     
   2.4974974974974975       -5.7468809675832074E-002  0.70484547266415232     
   2.5075075075075075       -8.2817506169806793E-002  0.65523584892955100     
   2.5175175175175175      -0.16649665629449092       0.64294937272443242     
   2.5275275275275275      -0.16773463650537931       0.75958140106787830     
   2.5375375375375375       -7.8600857230123833E-002  0.75464993429884919     
   2.5475475475475475       -4.9243096467566909E-002  0.71371195653499331     
   2.5575575575575575       -4.6884327175375697E-002  0.68398936716348124     
   2.5675675675675675       -4.2266064634188451E-002  0.66938522939041967     
   2.5775775775775776       -4.4956687198402831E-002  0.64795184189807054     
   2.5875875875875876       -5.0020933595675214E-002  0.65272428572108876     
   2.5975975975975976       -2.9941353367831994E-002  0.64324658077743713     
   2.6076076076076076       -2.2386592505501571E-002  0.62296783716077053     
   2.6176176176176176       -2.1796878450968948E-002  0.60344178752121391     
   2.6276276276276276       -2.8185207237278957E-002  0.58382202803347261     
   2.6376376376376376       -5.2253611267859726E-002  0.57154490189342888     
   2.6476476476476476       -6.2957791507105426E-002  0.60559035841304631     
   2.6576576576576576       -3.0657530451301575E-002  0.60682939523212820     
   2.6676676676676676       -1.7887806886780901E-002  0.59093710392242083     
   2.6776776776776776       -1.3082865268963413E-002  0.57737892289254789     
   2.6876876876876876       -1.0767584007037029E-002  0.56608991041090939     
   2.6976976976976976       -9.4295430325169339E-003  0.55626041577335461     
   2.7077077077077076       -8.5624391998896741E-003  0.54740428660388163     
   2.7177177177177176       -7.9804880525945997E-003  0.53924513566347987     
   2.7277277277277276       -7.6011992014682105E-003  0.53170748874468587     
   2.7377377377377377       -7.1441531137562755E-003  0.52461319270291895     
   2.7477477477477477       -6.7824190426212135E-003  0.51772387899986250     
   2.7577577577577577       -6.5187854865234379E-003  0.51109850723023631     
   2.7677677677677677       -6.3142595559629840E-003  0.50469680906156689     
   2.7777777777777777       -6.1554459747612932E-003  0.49847359669119606     
   2.7877877877877877       -6.0382523912671628E-003  0.49238819981130644     
   2.7977977977977977       -5.9655444695158981E-003  0.48640164210805414     
   2.8078078078078077       -5.9552116449850638E-003  0.48047676101349007     
   2.8178178178178177       -6.0563012601326360E-003  0.47462901153500875     
   2.8278278278278277       -6.0910688999753259E-003  0.46892907261793620     
   2.8378378378378377       -6.0700064676607957E-003  0.46301252975238327     
   2.8478478478478477       -6.1905816371350614E-003  0.45693453243964421     
   2.8578578578578577       -6.4291310482005341E-003  0.45067006947160171     
   2.8678678678678677       -6.8061186275671232E-003  0.44411380046311494     
   2.8778778778778777       -7.3802353488050419E-003  0.43711564733251496     
   2.8878878878878878       -8.2641048097590319E-003  0.42945367969793158     
   2.8978978978978978       -9.6814445382250956E-003  0.42077824813692355     
   2.9079079079079078       -1.2129606796063917E-002  0.41050484347951921     
   2.9179179179179178       -1.6918682832252101E-002  0.39764223358434525     
   2.9279279279279278       -2.8307263587567088E-002  0.38120180978868790     
   2.9379379379379378       -5.6670944427916758E-002  0.37112704951944331     
   2.9479479479479478       -7.4415912855114175E-002  0.37914970327325198     
   2.9579579579579578      -0.10865350325354201       0.39490091980250147     
   2.9679679679679678       -9.3811155718779488E-002  0.41646215023896771     
   2.9779779779779778      -0.12943818668140833       0.41801568265507455     
   2.9879879879879878      -0.12305530076884848       0.49108165051544039     
   2.9979979979979978       -6.0142921756741796E-002  0.50590313419166588     
   3.0080080080080087       -3.0088022011100841E-002  0.48260015766551423     
   3.0180180180180187       -1.9493950884162007E-002  0.46276001313853510     
   3.0280280280280287       -1.5397167410903986E-002  0.44710909499755713     
   3.0380380380380387       -1.4444342235811642E-002  0.43333445961336381     
   3.0480480480480487       -1.6413505146974885E-002  0.41951735810976348     
   3.0580580580580587       -2.4164970183192656E-002  0.40390850945713175     
   3.0680680680680688       -4.9567694101045230E-002  0.39040558582357932     
   3.0780780780780788       -8.4415803111099266E-002  0.42584886903433944     
   3.0880880880880888       -4.7286737378943539E-002  0.45562755663169591     
   3.0980980980980988       -2.6571843665430341E-002  0.44016984942245607     
   3.1081081081081088       -2.7506460354019244E-002  0.42492439750826216     
   3.1181181181181188       -3.5901391879585957E-002  0.42736689070538653     
   3.1281281281281288       -3.3132432539825681E-002  0.42984902618994231     
   3.1381381381381388       -2.3837110860507087E-002  0.43650004288063599     
   3.1481481481481488       -1.2941600965587182E-002  0.42873798792299189     
   3.1581581581581588       -9.3130502566040139E-003  0.41976048217026429     
   3.1681681681681688       -8.4850524686449613E-003  0.41178431227131379     
   3.1781781781781788       -9.8732885788878674E-003  0.40397180468361132     
   3.1881881881881888       -1.6280135475257730E-002  0.39647832274416828     
   3.1981981981981988       -3.0033175569020500E-002  0.40239705867261089     
   3.2082082082082088       -1.9028851898889521E-002  0.41511268866753659     
   3.2182182182182189       -9.4207969491472299E-003  0.40962831541110128     
   3.2282282282282289       -6.1534459115464950E-003  0.40350280230243957     
   3.2382382382382389       -4.7974871284511183E-003  0.39850253441724598     
   3.2482482482482489       -4.1327643482571381E-003  0.39423064453344542     
   3.2582582582582589       -3.8169528021872075E-003  0.39037940529393056     
   3.2682682682682689       -3.8178252717034696E-003  0.38674809988509296     
   3.2782782782782789       -4.4639466931582061E-003  0.38334569906808963     
   3.2882882882882889       -5.6004558134960716E-003  0.38152570818204373     
   3.2982982982982989       -5.3309917005705280E-003  0.38012451353711174     
   3.3083083083083089       -4.0185419660743711E-003  0.37842104006920974     
   3.3183183183183189       -3.1142517738488706E-003  0.37555013115050262     
   3.3283283283283289       -2.7715805920224333E-003  0.37275818192853066     
   3.3383383383383389       -2.6437844913792816E-003  0.37013781257109352     
   3.3483483483483489       -2.6581048797717243E-003  0.36775015499002822     
   3.3583583583583589       -2.4826244490739704E-003  0.36553536283131544     
   3.3683683683683689       -2.3302603634675349E-003  0.36321556274577771     
   3.3783783783783790       -2.2498917321668171E-003  0.36094329947874548     
   3.3883883883883890       -2.1966715398234323E-003  0.35872572146747222     
   3.3983983983983990       -2.1573671486778052E-003  0.35655122346190055     
   3.4084084084084090       -2.1276714026176925E-003  0.35441018582682071     
   3.4184184184184190       -2.1062103767036035E-003  0.35229455038073110     
   3.4284284284284290       -2.0933616729219427E-003  0.35019672551441478     
   3.4384384384384390       -2.0922987993964187E-003  0.34810878112026961     
   3.4484484484484490       -2.1153680811954430E-003  0.34602491060899554     
   3.4584584584584590       -2.1818899357907563E-003  0.34398480153508731     
   3.4684684684684690       -2.1601912849755741E-003  0.34198048945980064     
   3.4784784784784790       -2.1486328919738023E-003  0.33987308485945866     
   3.4884884884884890       -2.1926833870621080E-003  0.33772848194883287     
   3.4984984984984990       -2.3035921457956322E-003  0.33557350714240486     
   3.5085085085085090       -2.3662863163031603E-003  0.33345031712032158     
   3.5185185185185190       -2.4100243167519322E-003  0.33114683678312373     
   3.5285285285285291       -2.5396805476529914E-003  0.32870558171903463     
   3.5385385385385391       -2.7531874039195738E-003  0.32609749897666035     
   3.5485485485485491       -3.0888166130680294E-003  0.32324064169167821     
   3.5585585585585591       -3.6420919576556836E-003  0.32000165776040640     
   3.5685685685685691       -4.6499008656464991E-003  0.31615536690068974     
   3.5785785785785791       -6.8203519118987654E-003  0.31137042853676733     
   3.5885885885885891       -1.2457043984296036E-002  0.30631258265671746     
   3.5985985985985991       -1.9088478402655727E-002  0.30715830621341056     
   3.6086086086086091       -2.5554502032004076E-002  0.30317016487390003     
   3.6186186186186191       -3.9013416848704692E-002  0.31563299302908343     
   3.6286286286286291       -3.2768708281238242E-002  0.32148643320559450     
   3.6386386386386391       -3.5123125123918165E-002  0.33395289230290581     
   3.6486486486486491       -1.8300005431756406E-002  0.33620859203221581     
   3.6586586586586591       -1.3802670211411870E-002  0.32798263056728133     
   3.6686686686686691       -1.6619977220219833E-002  0.32720194402742347     
   3.6786786786786791       -1.0261481425400797E-002  0.32803995337472913     
   3.6886886886886892       -6.6191932735393897E-003  0.32267254713499932     
   3.6986986986986992       -5.7994936325805073E-003  0.31729755153327127     
   3.7087087087087092       -6.5041798597279959E-003  0.31185571003841878     
   3.7187187187187192       -9.5375904077087282E-003  0.30563181324758920     
   3.7287287287287292       -1.9320106975909176E-002  0.29982757794326481     
   3.7387387387387392       -3.4067879093573325E-002  0.31044801679371953     
   3.7487487487487492       -2.8392586960663609E-002  0.32835690167978004     
   3.7587587587587592       -1.2978466150674847E-002  0.32867827526381566     
   3.7687687687687692       -7.1362208440936999E-003  0.32249079941957337     
   3.7787787787787792       -5.2556796908815959E-003  0.31735925832686784     
   3.7887887887887892       -5.1752914711869127E-003  0.31298952728445367     
   3.7987987987987992       -7.5087884947192523E-003  0.30967770888410390     
   3.8088088088088092       -9.2862523563183880E-003  0.31190056767555813     
   3.8188188188188192       -6.3443606012784509E-003  0.31080527457780682     
   3.8288288288288292       -6.8826660075009425E-003  0.30944169712554798     
   3.8388388388388393       -4.6820401146822985E-003  0.30946990170804611     
   3.8488488488488493       -3.0565589769168205E-003  0.30697644156424603     
   3.8588588588588593       -2.5871848261452756E-003  0.30450796172307820     
   3.8688688688688693       -2.7735854548166560E-003  0.30226180235434713     
   3.8788788788788793       -3.7375703467032624E-003  0.30096584108526458     
   3.8888888888888893       -3.2503258796264113E-003  0.30047803791867367     
   3.8988988988988993       -3.1218462090097355E-003  0.29926417589011972     
   3.9089089089089093       -2.3313119119296182E-003  0.29835865521152150     
   3.9189189189189193       -1.7707487436956965E-003  0.29672868429510163     
   3.9289289289289293       -1.5501106973553769E-003  0.29515626625690350     
   3.9389389389389393       -1.4416655804344600E-003  0.29368918348461498     
   3.9489489489489493       -1.3822182468030803E-003  0.29229198145114277     
   3.9589589589589593       -1.3575898282834752E-003  0.29093703317933955     
   3.9689689689689693       -1.3841356544139940E-003  0.28960274264453345     
   3.9789789789789793       -1.5486084252328859E-003  0.28831237545307453     
   3.9889889889889893       -1.7964901757795814E-003  0.28740696814990313     
   3.9989989989989994       -1.5077851645531155E-003  0.28653688533523924     
   4.0090090090090094       -1.2882440813288736E-003  0.28532055747655610     
   4.0190190190190194       -1.2047621819905310E-003  0.28410885410247855     
   4.0290290290290294       -1.1636201590655879E-003  0.28293432999013007     
   4.0390390390390394       -1.1384627320395891E-003  0.28178672715996878     
   4.0490490490490494       -1.1211649473085996E-003  0.28065830487591098     
   4.0590590590590594       -1.1087286085019932E-003  0.27954396816346977     
   4.0690690690690694       -1.0999773606491768E-003  0.27843994757124363     
   4.0790790790790794       -1.0946002422907342E-003  0.27734300619297109     
   4.0890890890890894       -1.0929565561892676E-003  0.27624990935609695     
   4.0990990990990994       -1.0964317509519414E-003  0.27515691293952727     
   4.1091091091091094       -1.1091362886003666E-003  0.27405921947367701     
   4.1191191191191194       -1.1450946647737460E-003  0.27295334404642663     
   4.1291291291291294       -1.2299317496389172E-003  0.27188106719053429     
   4.1391391391391394       -1.2365829639979845E-003  0.27084521451852156     
   4.1491491491491495       -1.3050563258190056E-003  0.26971646729062465     
   4.1591591591591595       -1.4121012093701185E-003  0.26876102608723096     
   4.1691691691691695       -1.2897788746001108E-003  0.26768819588134241     
   4.1791791791791795       -1.2678414592289314E-003  0.26646470439212760     
   4.1891891891891895       -1.3110400898713002E-003  0.26519563200859042     
   4.1991991991991995       -1.4004476425528178E-003  0.26385957109792768     
   4.2092092092092095       -1.5500482691211924E-003  0.26241518111573670     
   4.2192192192192195       -1.8032287677945374E-003  0.26079770318000461     
   4.2292292292292295       -2.2663367822446066E-003  0.25889574407514965     
   4.2392392392392395       -3.2335482159470295E-003  0.25651126304254446     
   4.2492492492492495       -5.6979808775568285E-003  0.25340903713889429     
   4.2592592592592595       -1.3090223309330930E-002  0.25152349209457225     
   4.2692692692692695       -1.8375026097749034E-002  0.26335107947457304     
   4.2792792792792795       -8.6146065488617932E-003  0.26660421757517871     
   4.2892892892892895       -4.8225270144192228E-003  0.26294478941106114     
   4.2992992992992995       -4.1107021925281826E-003  0.25942524190020289     
   4.3093093093093096       -5.4246984124648309E-003  0.25608275020768423     
   4.3193193193193196       -1.0211144760137455E-002  0.25510205651653911     
   4.3293293293293296       -1.1783895660643083E-002  0.26061255737919753     
   4.3393393393393396       -6.4926298446603622E-003  0.26268933965492369     
   4.3493493493493496       -3.5851187467761106E-003  0.26003845890542882     
   4.3593593593593596       -2.7012488143811244E-003  0.25743186115858580     
   4.3693693693693696       -2.5729771701877222E-003  0.25504571582953212     
   4.3793793793793796       -3.0449394090743842E-003  0.25257245040638659     
   4.3893893893893896       -4.7397128902524361E-003  0.24974071157994573     
   4.3993993993993996       -1.0021302404722876E-002  0.24799619489280866     
   4.4094094094094096       -1.4598566572739049E-002  0.25492414804347990     
   4.4194194194194196       -8.3777557280736714E-003  0.26009371819672500     
   4.4294294294294296       -3.9667379040481078E-003  0.25781774938869817     
   4.4394394394394396       -2.4763788080926683E-003  0.25536332811116180     
   4.4494494494494496       -1.8926989381571903E-003  0.25341178998888458     
   4.4594594594594597       -1.6718799204302134E-003  0.25174699325418809     
   4.4694694694694697       -1.7193737123532167E-003  0.25019678438755266     
   4.4794794794794797       -2.2679700438587012E-003  0.24871650230995757     
   4.4894894894894897       -3.5973421502310571E-003  0.24833384112068294     
   4.4994994994994997       -3.3879164872785850E-003  0.24923188061659304     
   4.5095095095095097       -1.9545864550655021E-003  0.24872718715404488     
   4.5195195195195197       -1.3357906767776486E-003  0.24748687957898144     
   4.5295295295295297       -1.0984956782467061E-003  0.24636333364588983     
   4.5395395395395397       -9.8432638853632680E-004  0.24535367043401868     
   4.5495495495495497       -9.2168869022416606E-004  0.24441558958002796     
   4.5595595595595597       -8.8992310003852980E-004  0.24352165561633499     
   4.5695695695695697       -8.9405376169528607E-004  0.24265469860323530     
   4.5795795795795797       -9.7947518636918316E-004  0.24184298771054066     
   4.5895895895895897       -9.9590341478476342E-004  0.24124030419922191     
   4.5995995995995997       -8.5849708211071748E-004  0.24049502572477585     
   4.6096096096096097       -8.1563753160936625E-004  0.23969827194712875     
   4.6196196196196198       -8.4102420144983533E-004  0.23892783428952621     
   4.6296296296296298       -8.8102894810175711E-004  0.23828519221407091     
   4.6396396396396398       -7.8505844121453555E-004  0.23760856233069394     
   4.6496496496496498       -7.3737736401472342E-004  0.23687565178208556     
   4.6596596596596598       -7.1636732317054716E-004  0.23615484592473071     
   4.6696696696696698       -7.0455531830764971E-004  0.23544634079093535     
   4.6796796796796798       -6.9760013134283184E-004  0.23474640361510565     
   4.6896896896896898       -6.9527688321673270E-004  0.23405171786601947     
   4.6996996996996998       -7.0121350008343604E-004  0.23335880239206547     
   4.7097097097097098       -7.3062563853786770E-004  0.23266778621368570     
   4.7197197197197198       -8.0034061981996572E-004  0.23203678176149581     
   4.7297297297297298       -7.6791620716952817E-004  0.23143702252835580     
   4.7397397397397398       -7.8758311190995896E-004  0.23077735740459465     
   4.7497497497497498       -7.7565113082075031E-004  0.23022118967494903     
   4.7597597597597598       -6.9896291484793538E-004  0.22957391319064607     
   4.7697697697697699       -6.7067887724456775E-004  0.22890471635023221     
   4.7797797797797799       -6.5975255080116173E-004  0.22824331140286139     
   4.7897897897897899       -6.5545035096935017E-004  0.22758709458221538     
   4.7997997997997999       -6.5515109702153510E-004  0.22693274015032744     
   4.8098098098098099       -6.5902594659751135E-004  0.22627723203509834     
   4.8198198198198199       -6.7041657953860142E-004  0.22561743439540299     
   4.8298298298298299       -7.0236048967236805E-004  0.22495560410309198     
   4.8398398398398399       -7.4523921477783037E-004  0.22434208354537361     
   4.8498498498498499       -7.1499181371895474E-004  0.22370215332934687     
   4.8598598598598599       -7.1302994573306771E-004  0.22300727611383009     
   4.8698698698698699       -7.3524173871814653E-004  0.22229131455591586     
   4.8798798798798799       -7.7873000378638846E-004  0.22154425123369192     
   4.8898898898898899       -8.5540879544077552E-004  0.22074576602768312     
   4.8998998998998999       -9.9929708474219038E-004  0.21986151215233740     
   4.9099099099099099       -1.3103536699356775E-003  0.21883438829623500     
   4.9199199199199199       -2.1368302512758848E-003  0.21765702500882858     
   4.9299299299299300       -4.0003385107475779E-003  0.21739269286386864     
   4.9399399399399400       -5.0602860760663292E-003  0.21864513510925462     
   4.9499499499499500       -3.5713173188493268E-003  0.22020576869911934     
   4.9599599599599600       -2.2283523966433812E-003  0.21895888193360602     
   4.9699699699699700       -2.4406480446887676E-003  0.21746406874957355     
   4.9799799799799800       -3.8486314122187877E-003  0.21739882969209839     
   4.9899899899899900       -2.8096700404889505E-003  0.21816824337187721     
   5.0000000000000000       -2.2913913259510715E-003  0.21689549220856574     
