  -5.0000000000000000       -9.4891293780434698E-004 -0.23776890095106573     
  -4.9899899899899900       -8.5090638690072610E-004 -0.23859992540290872     
  -4.9799799799799800       -8.1546593304678699E-004 -0.23941575288568445     
  -4.9699699699699700       -8.0937277062027781E-004 -0.24021687749950227     
  -4.9599599599599600       -8.3848364606819070E-004 -0.24101214015020295     
  -4.9499499499499500       -9.4255889521855198E-004 -0.24174638925819245     
  -4.9399399399399400       -9.0911426980782228E-004 -0.24234248014478282     
  -4.9299299299299300       -8.1447653181652556E-004 -0.24309965708523873     
  -4.9199199199199199       -7.8361068642368256E-004 -0.24388059615351546     
  -4.9099099099099099       -7.7317768996255280E-004 -0.24465467182803627     
  -4.8998998998998999       -7.6985184748140330E-004 -0.24542500152849842     
  -4.8898898898898899       -7.6969789740937236E-004 -0.24619458556826823     
  -4.8798798798798799       -7.7126791079347706E-004 -0.24696527629104090     
  -4.8698698698698699       -7.7392488803833042E-004 -0.24773826936696386     
  -4.8598598598598599       -7.7734989756639717E-004 -0.24851440431970792     
  -4.8498498498498499       -7.8136889580760253E-004 -0.24929431975682362     
  -4.8398398398398399       -7.8588294661134596E-004 -0.25007853699365784     
  -4.8298298298298299       -7.9083757461720220E-004 -0.25086750904346056     
  -4.8198198198198199       -7.9621023710594750E-004 -0.25166165249273975     
  -4.8098098098098099       -8.0201299450769392E-004 -0.25246136836624627     
  -4.7997997997997999       -8.0831378047621497E-004 -0.25326701078745650     
  -4.7897897897897899       -8.1495905096510527E-004 -0.25407886050274819     
  -4.7797797797797799       -8.2199342734079678E-004 -0.25489775885427290     
  -4.7697697697697699       -8.2973979842636465E-004 -0.25572412898170588     
  -4.7597597597597598       -8.3832444415238804E-004 -0.25655859555979976     
  -4.7497497497497498       -8.4803822510090034E-004 -0.25740205041391462     
  -4.7397397397397398       -8.5944845333724401E-004 -0.25825573952683489     
  -4.7297297297297298       -8.7372854820714097E-004 -0.25912153611596134     
  -4.7197197197197198       -8.9366777946969919E-004 -0.26000246407440514     
  -4.7097097097097098       -9.2732499364671546E-004 -0.26090324861881020     
  -4.6996996996996998       -1.0022627697709753E-003 -0.26182285134628358     
  -4.6896896896896898       -1.1491159767185136E-003 -0.26268333641692071     
  -4.6796796796796798       -1.2003347278154925E-003 -0.26339770968788045     
  -4.6696696696696698       -1.0872332937783642E-003 -0.26429343462990368     
  -4.6596596596596598       -1.1219202621439639E-003 -0.26530319970232857     
  -4.6496496496496498       -1.3347177575178146E-003 -0.26622152851749059     
  -4.6396396396396398       -1.3503218915487706E-003 -0.26685488331504276     
  -4.6296296296296298       -1.1436138303535764E-003 -0.26779066024414783     
  -4.6196196196196198       -1.0844105481964388E-003 -0.26884826715299609     
  -4.6096096096096097       -1.0864801463918651E-003 -0.26991785740160973     
  -4.5995995995995997       -1.1169516299401540E-003 -0.27101021776556161     
  -4.5895895895895897       -1.1727239980117341E-003 -0.27214399737632528     
  -4.5795795795795797       -1.2650431416649293E-003 -0.27334349608225222     
  -4.5695695695695697       -1.4267428705628949E-003 -0.27464673310826554     
  -4.5595595595595597       -1.7517349926234518E-003 -0.27611724664115794     
  -4.5495495495495497       -2.5624786493679474E-003 -0.27780949230360946     
  -4.5395395395395397       -4.7701785241911600E-003 -0.27885487912148144     
  -4.5295295295295297       -5.1045495612098086E-003 -0.27721825642970965     
  -4.5195195195195197       -4.3447290110267996E-003 -0.27880920108874058     
  -4.5095095095095097       -6.9067995493269510E-003 -0.27974723013352992     
  -4.4994994994994997       -6.6285984075149292E-003 -0.27656907484002557     
  -4.4894894894894897       -3.9366559278908508E-003 -0.27677786185362707     
  -4.4794794794794797       -2.4288922088389468E-003 -0.27864653967883851     
  -4.4694694694694697       -1.9299509353724697E-003 -0.28054018076406556     
  -4.4594594594594597       -1.8057891207420339E-003 -0.28229616579028194     
  -4.4494494494494496       -1.9113818500240917E-003 -0.28405028318962994     
  -4.4394394394394396       -2.3517749551781241E-003 -0.28595168741317423     
  -4.4294294294294296       -3.7134457623616080E-003 -0.28807909803081871     
  -4.4194194194194196       -7.6707231808775264E-003 -0.28852760358288199     
  -4.4094094094094096       -7.1468931171201943E-003 -0.28346572501656342     
  -4.3993993993993996       -3.4397624978317991E-003 -0.28436337835204684     
  -4.3893893893893896       -2.1847813642253012E-003 -0.28641378156081104     
  -4.3793793793793796       -1.7202291253127916E-003 -0.28817579402494164     
  -4.3693693693693696       -1.5118279049089233E-003 -0.28972556563214358     
  -4.3593593593593596       -1.4088009313830121E-003 -0.29115588728165531     
  -4.3493493493493496       -1.3634342930925662E-003 -0.29252027152894983     
  -4.3393393393393396       -1.3645082310869332E-003 -0.29384010810583883     
  -4.3293293293293296       -1.4059750237727729E-003 -0.29514097234977082     
  -4.3193193193193196       -1.5874308708922877E-003 -0.29633937110049730     
  -4.3093093093093096       -1.5166234985733542E-003 -0.29728800574815051     
  -4.2992992992992995       -1.3431070827646509E-003 -0.29852957785719481     
  -4.2892892892892895       -1.2862897185230626E-003 -0.29981125438001560     
  -4.2792792792792795       -1.2670219960062099E-003 -0.30107974991462882     
  -4.2692692692692695       -1.2610817031430959E-003 -0.30234135561053843     
  -4.2592592592592595       -1.2612364288476570E-003 -0.30360190816430632     
  -4.2492492492492495       -1.2647826597323244E-003 -0.30486506277148484     
  -4.2392392392392395       -1.2705067326340032E-003 -0.30613321708866109     
  -4.2292292292292295       -1.2777852824315424E-003 -0.30740807341269444     
  -4.2192192192192195       -1.2862661553501937E-003 -0.30869093074912235     
  -4.2092092092092095       -1.2957377689904468E-003 -0.30998284266831078     
  -4.1991991991991995       -1.3060693839053298E-003 -0.31128470888650300     
  -4.1891891891891895       -1.3171815954707332E-003 -0.31259733275224677     
  -4.1791791791791795       -1.3290313967799831E-003 -0.31392146063555637     
  -4.1691691691691695       -1.3416057967449424E-003 -0.31525781189873991     
  -4.1591591591591595       -1.3549238026870282E-003 -0.31660710435960954     
  -4.1491491491491495       -1.3690550494411052E-003 -0.31797006918664605     
  -4.1391391391391394       -1.3841061853057657E-003 -0.31934743053342729     
  -4.1291291291291294       -1.4003984338879579E-003 -0.32073991182290962     
  -4.1191191191191194       -1.4173041988321481E-003 -0.32214754497862641     
  -4.1091091091091094       -1.4345726843315932E-003 -0.32357334616495848     
  -4.0990990990990994       -1.4538554610309762E-003 -0.32501809076305727     
  -4.0890890890890894       -1.4753882889389834E-003 -0.32648310394847546     
  -4.0790790790790794       -1.4999846688850309E-003 -0.32797069643987764     
  -4.0690690690690694       -1.5294164822755448E-003 -0.32948422490176049     
  -4.0590590590590594       -1.5676807621808374E-003 -0.33102891421486963     
  -4.0490490490490494       -1.6254327365491730E-003 -0.33261325106696232     
  -4.0390390390390394       -1.7379747283936600E-003 -0.33424642993768305     
  -4.0290290290290294       -2.0127357901189059E-003 -0.33585247508369970     
  -4.0190190190190194       -2.2070006741445334E-003 -0.33714231201630063     
  -4.0090090090090094       -2.0377616750032464E-003 -0.33856428112636250     
  -3.9989989989989989       -1.9293590280795086E-003 -0.34033627469927735     
  -3.9889889889889889       -2.0444982622306110E-003 -0.34218430284176865     
  -3.9789789789789789       -2.3475900883603100E-003 -0.34383032960394061     
  -3.9689689689689689       -2.2325645228716416E-003 -0.34544683695044265     
  -3.9589589589589589       -2.2374051175692890E-003 -0.34749492032864071     
  -3.9489489489489489       -2.5151206028389364E-003 -0.34970259717478730     
  -3.9389389389389389       -3.1471601472452789E-003 -0.35197451946083413     
  -3.9289289289289289       -4.4825406325071458E-003 -0.35445653761057844     
  -3.9189189189189189       -7.5509045134377730E-003 -0.35471787958203732     
  -3.9089089089089089       -5.7962225637907651E-003 -0.35361227343159324     
  -3.8988988988988988       -4.9260825010977510E-003 -0.35659861079654864     
  -3.8888888888888888       -7.2669091182148192E-003 -0.35880710721931752     
  -3.8788788788788788       -7.2715996520882568E-003 -0.35635706271578677     
  -3.8688688688688688       -4.2517193018901224E-003 -0.35822218947421341     
  -3.8588588588588588       -3.3122560404863712E-003 -0.36129249395486196     
  -3.8488488488488488       -3.1990206820185466E-003 -0.36428577168560849     
  -3.8388388388388388       -3.6385808573862620E-003 -0.36735747189102347     
  -3.8288288288288288       -5.2308103446402415E-003 -0.37062835212631329     
  -3.8188188188188188       -9.5287786920058692E-003 -0.37150850087757220     
  -3.8088088088088088       -7.9646808200225568E-003 -0.36810433499523798     
  -3.7987987987987988       -5.1678225463896782E-003 -0.37098012784487744     
  -3.7887887887887888       -5.4811963596156478E-003 -0.37466142513040912     
  -3.7787787787787788       -7.9932348554435529E-003 -0.37577186028826148     
  -3.7687687687687688       -6.6377775062551768E-003 -0.37550105206711326     
  -3.7587587587587588       -5.6408524193268484E-003 -0.37690772083597701     
  -3.7487487487487487       -4.1380346603272535E-003 -0.37942832812870614     
  -3.7387387387387387       -4.1104224913081286E-003 -0.38240745092153156     
  -3.7287287287287287       -4.2416659041296318E-003 -0.38443508352935357     
  -3.7187187187187187       -4.6280781800975999E-003 -0.38685304088210815     
  -3.7087087087087087       -4.6518956247681457E-003 -0.38757702160717683     
  -3.6986986986986987       -3.3064797008105313E-003 -0.38980072603127514     
  -3.6886886886886887       -2.8145798195177742E-003 -0.39255310737011784     
  -3.6786786786786787       -2.6376162624936182E-003 -0.39520397959768211     
  -3.6686686686686687       -2.5653099149517988E-003 -0.39777996133125892     
  -3.6586586586586587       -2.5369592106817222E-003 -0.40032075656312394     
  -3.6486486486486487       -2.5308480277946282E-003 -0.40285020664573201     
  -3.6386386386386387       -2.5376439552863509E-003 -0.40538270992001718     
  -3.6286286286286287       -2.5527581169879003E-003 -0.40792758021084152     
  -3.6186186186186187       -2.5737004279036500E-003 -0.41049128587632183     
  -3.6086086086086087       -2.5990182972109878E-003 -0.41307861787446137     
  -3.5985985985985987       -2.6278188419245913E-003 -0.41569333257131175     
  -3.5885885885885886       -2.6595334062562126E-003 -0.41833852602271626     
  -3.5785785785785786       -2.6937928348125463E-003 -0.42101686372775365     
  -3.5685685685685686       -2.7303575226339505E-003 -0.42373072877101248     
  -3.5585585585585586       -2.7690764270221855E-003 -0.42648232198014846     
  -3.5485485485485486       -2.8098623275864361E-003 -0.42927373299893051     
  -3.5385385385385386       -2.8526767408396563E-003 -0.43210699344212922     
  -3.5285285285285286       -2.8975209540258655E-003 -0.43498411909615725     
  -3.5185185185185186       -2.9444313000887229E-003 -0.43790714581252899     
  -3.5085085085085086       -2.9934778628914627E-003 -0.44087816250580891     
  -3.4984984984984986       -3.0447669662929731E-003 -0.44389934407153231     
  -3.4884884884884886       -3.0984509801586227E-003 -0.44697298590710782     
  -3.4784784784784786       -3.1547594028477895E-003 -0.45010152313252061     
  -3.4684684684684686       -3.2138985827007941E-003 -0.45328742814767486     
  -3.4584584584584586       -3.2758844825302104E-003 -0.45653387545486934     
  -3.4484484484484486       -3.3414859717176837E-003 -0.45984423004876152     
  -3.4384384384384385       -3.4112509571412129E-003 -0.46322209770610218     
  -3.4284284284284285       -3.4859601457742648E-003 -0.46667186973900027     
  -3.4184184184184185       -3.5668266720257254E-003 -0.47019886608997796     
  -3.4084084084084085       -3.6558323313288176E-003 -0.47380977783795863     
  -3.3983983983983985       -3.7566065185279840E-003 -0.47751345698708458     
  -3.3883883883883881       -3.8771084765850720E-003 -0.48132220347820187     
  -3.3783783783783781       -4.0397186467598153E-003 -0.48525123834778217     
  -3.3683683683683681       -4.3035100210777402E-003 -0.48927525646090642     
  -3.3583583583583581       -4.5774397278424911E-003 -0.49331127901955030     
  -3.3483483483483480       -4.8459873268769764E-003 -0.49744847842198037     
  -3.3383383383383380       -5.0720294795519021E-003 -0.50175469448142196     
  -3.3283283283283280       -5.2843510249889567E-003 -0.50650037456666652     
  -3.3183183183183180       -6.0194132396261700E-003 -0.51170202071411885     
  -3.3083083083083080       -7.4123445046085481E-003 -0.51676060904093102     
  -3.2982982982982980       -9.0743595109477396E-003 -0.52263152476301544     
  -3.2882882882882880       -1.5090231742188362E-002 -0.52818174562445019     
  -3.2782782782782780       -1.9049673687683070E-002 -0.52315274193045003     
  -3.2682682682682680       -1.3326292825048573E-002 -0.52639644650282869     
  -3.2582582582582580       -1.5799921385562885E-002 -0.53212741999028323     
  -3.2482482482482480       -1.4553655382033921E-002 -0.52994815632097292     
  -3.2382382382382380       -9.1889731507801657E-003 -0.53546063979673719     
  -3.2282282282282280       -7.4549880845542526E-003 -0.54262885266213823     
  -3.2182182182182180       -6.9989884638511548E-003 -0.54951745201195301     
  -3.2082082082082080       -7.1065474527701742E-003 -0.55636869159673874     
  -3.1981981981981980       -7.7474650198361798E-003 -0.56350019424165532     
  -3.1881881881881879       -9.4790118355845589E-003 -0.57125220425310730     
  -3.1781781781781779       -1.4626168645596316E-002 -0.57915813151079687     
  -3.1681681681681679       -2.3466017189011344E-002 -0.57770260682518659     
  -3.1581581581581579       -1.7781875089781424E-002 -0.57480794834659987     
  -3.1481481481481479       -1.2026687298561498E-002 -0.58047081222464403     
  -3.1381381381381379       -9.3182250374010470E-003 -0.58827769601119939     
  -3.1281281281281279       -8.1869075411297697E-003 -0.59629072512881121     
  -3.1181181181181179       -7.8339840622801259E-003 -0.60409300857504777     
  -3.1081081081081079       -7.8098084033478192E-003 -0.61181212428403031     
  -3.0980980980980979       -8.0051989236051748E-003 -0.61957046917417791     
  -3.0880880880880879       -8.3211884770154603E-003 -0.62746902762312540     
  -3.0780780780780779       -9.0249050694520116E-003 -0.63575182932136132     
  -3.0680680680680679       -1.0852331980390512E-002 -0.64389314757534477     
  -3.0580580580580579       -1.2757852873790786E-002 -0.65016470651428337     
  -3.0480480480480479       -1.1859905164552938E-002 -0.65551493098908742     
  -3.0380380380380378       -1.0060937029926328E-002 -0.66419929913941655     
  -3.0280280280280278       -9.6312609412601297E-003 -0.67363606971663104     
  -3.0180180180180178       -9.6593451362931380E-003 -0.68317470880307596     
  -3.0080080080080078       -9.8548245278694824E-003 -0.69289341648311598     
  -2.9979979979979978       -1.0133548134545941E-002 -0.70287028771713822     
  -2.9879879879879878       -1.0466428339007140E-002 -0.71316081821422928     
  -2.9779779779779778       -1.0842446604576035E-002 -0.72380897337406813     
  -2.9679679679679678       -1.1257777213237657E-002 -0.73485397861671042     
  -2.9579579579579578       -1.1712005462713402E-002 -0.74633392614577776     
  -2.9479479479479478       -1.2206649360259966E-002 -0.75828785953168654     
  -2.9379379379379378       -1.2744550075502311E-002 -0.77075716654707727     
  -2.9279279279279278       -1.3329637720567790E-002 -0.78378667712229444     
  -2.9179179179179178       -1.3966885066899923E-002 -0.79742567064135161     
  -2.9079079079079078       -1.4662374827811350E-002 -0.81172891311779505     
  -2.8978978978978978       -1.5423453561954388E-002 -0.82675781075406807     
  -2.8878878878878878       -1.6258968797500353E-002 -0.84258175727944984     
  -2.8778778778778777       -1.7179601123866777E-002 -0.85927975849644544     
  -2.8678678678678677       -1.8198316590596418E-002 -0.87694243575795827     
  -2.8578578578578577       -1.9330980941823780E-002 -0.89567454169163463     
  -2.8478478478478477       -2.0597199965099684E-002 -0.91559817068787952     
  -2.8378378378378377       -2.2021485009343127E-002 -0.93685692176612057     
  -2.8278278278278277       -2.3634898552125659E-002 -0.95962138686138743     
  -2.8178178178178177       -2.5477427756619608E-002 -0.98409651826245814     
  -2.8078078078078077       -2.7601494828569044E-002  -1.0105317188027585     
  -2.7977977977977977       -3.0077302175450120E-002  -1.0392349771705300     
  -2.7877877877877877       -3.3001253754763912E-002  -1.0705931883257860     
  -2.7777777777777777       -3.6509768633665486E-002  -1.1051022491939893     
  -2.7677677677677677       -4.0803060043937786E-002  -1.1434132035801223     
  -2.7577577577577577       -4.6188548935016942E-002  -1.1864059142581933     
  -2.7477477477477477       -5.3166138914214400E-002  -1.2353123254726313     
  -2.7377377377377377       -6.2612013790780560E-002  -1.2919337034789466     
  -2.7277277277277276       -7.6225434193907982E-002  -1.3590433513886224     
  -2.7177177177177176       -9.7809890134906152E-002  -1.4411294669743844     
  -2.7077077077077076      -0.13773939493058060       -1.5451397805867844     
  -2.6976976976976976      -0.22801683843641579       -1.6704808139133984     
  -2.6876876876876876      -0.39166203634094349       -1.7504884338152480     
  -2.6776776776776776      -0.54997287054109689       -1.7574152205137583     
  -2.6676676676676676      -0.68256447608372450       -1.7351563167046515     
  -2.6576576576576576      -0.79518640482883107       -1.6976710532453745     
  -2.6476476476476476      -0.89487768407576485       -1.6545973893124404     
  -2.6376376376376376      -0.98818357863976902       -1.5978681838421060     
  -2.6276276276276276       -1.0652902136596107       -1.5170863466925599     
  -2.6176176176176176       -1.0714678542488298       -1.4128710833959293     
  -2.6076076076076076       -1.0359573433736622       -1.4536372153671018     
  -2.5975975975975976       -1.1409397631576828       -1.4779520175551439     
  -2.5875875875875876       -1.2349455906280713       -1.4393897841333934     
  -2.5775775775775776       -1.3098264626651979       -1.3866373854605405     
  -2.5675675675675675       -1.3739667060671230       -1.3285753727900871     
  -2.5575575575575575       -1.4308056932575703       -1.2653438874247178     
  -2.5475475475475475       -1.4794058707698068       -1.1933895197675652     
  -2.5375375375375375       -1.5047603564055139       -1.1067620765180499     
  -2.5275275275275275       -1.4669859498627442       -1.0608850116782444     
  -2.5175175175175175       -1.5175177592760323       -1.0865639232229958     
  -2.5075075075075075       -1.5929252020643725       -1.0398799357747117     
  -2.4974974974974975       -1.6463868512297952      -0.97681987581559337     
  -2.4874874874874875       -1.6896659840543091      -0.91087188755234016     
  -2.4774774774774775       -1.7267205791611633      -0.84344480648900222     
  -2.4674674674674675       -1.7593705711108694      -0.77476433700856651     
  -2.4574574574574575       -1.7884829227788426      -0.70462862344103794     
  -2.4474474474474475       -1.8144269567325177      -0.63277642295449132     
  -2.4374374374374375       -1.8373308776451116      -0.55895684281462898     
  -2.4274274274274275       -1.8571660977694318      -0.48293279792148763     
  -2.4174174174174174       -1.8738227409508623      -0.40449715248941892     
  -2.4074074074074074       -1.8871229588911256      -0.32346155930297049     
  -2.3973973973973974       -1.8969324586104399      -0.23947564630471840     
  -2.3873873873873874       -1.9027336971076994      -0.15221579606276678     
  -2.3773773773773774       -1.9040672486411181       -6.1457936104787926E-002
  -2.3673673673673674       -1.9003621793164922        3.3105639099792424E-002
  -2.3573573573573574       -1.8908789332675902       0.13181394483557832     
  -2.3473473473473474       -1.8746701199120439       0.23502614031047697     
  -2.3373373373373374       -1.8505165646844339       0.34311240117705266     
  -2.3273273273273274       -1.8168310234901583       0.45643441885519997     
  -2.3173173173173174       -1.7715132310584563       0.57530438128576766     
  -2.3073073073073074       -1.7117251926084938       0.69990048482428469     
  -2.2972972972972974       -1.6335283563142924       0.83008846949831994     
  -2.2872872872872874       -1.5312687430144405       0.96502353132634999     
  -2.2772772772772774       -1.3964800361003955        1.1021786534326610     
  -2.2672672672672673       -1.2158824901006324        1.2346306725554770     
  -2.2572572572572573      -0.96859854144758484        1.3419529952256812     
  -2.2472472472472473      -0.63893892250334572        1.3574329668042251     
  -2.2372372372372373      -0.34570931926850590        1.1875358616067546     
  -2.2272272272272273      -0.21217634622798659       0.97852440158176179     
  -2.2172172172172173      -0.15164928273284203       0.81558700798141592     
  -2.2072072072072073      -0.11819491156458639       0.68809943575715748     
  -2.1971971971971973       -9.7118299632335356E-002  0.58408406867633145     
  -2.1871871871871873       -8.2705213727454513E-002  0.49621942797134766     
  -2.1771771771771773       -7.2301377974305164E-002  0.41997828882556110     
  -2.1671671671671673       -6.4508555472492249E-002  0.35240469169967964     
  -2.1571571571571573       -5.8520630450829884E-002  0.29146589570848003     
  -2.1471471471471473       -5.3840881123852470E-002  0.23570029982040344     
  -2.1371371371371373       -5.0147576791722277E-002  0.18401580315986402     
  -2.1271271271271273       -4.7224448095541487E-002  0.13556810570154465     
  -2.1171171171171173       -4.4922263926760311E-002   8.9683660345184532E-002
  -2.1071071071071072       -4.3136478822627611E-002   4.5808706024378150E-002
  -2.0970970970970972       -4.1793723607776515E-002   3.4741006526684023E-003
  -2.0870870870870872       -4.0843449543651225E-002  -3.7730024823825807E-002
  -2.0770770770770772       -4.0252760352089481E-002  -7.8173447120942138E-002
  -2.0670670670670672       -4.0003379384961568E-002 -0.11820123275602151     
  -2.0570570570570572       -4.0090281124294649E-002 -0.15814692124094348     
  -2.0470470470470472       -4.0521653853308311E-002 -0.19834411712972605     
  -2.0370370370370372       -4.1316783087680754E-002 -0.23913931237492489     
  -2.0270270270270272       -4.2514942763079731E-002 -0.28091370012713746     
  -2.0170170170170172       -4.4186686051198319E-002 -0.32408918591304808     
  -2.0070070070070072       -4.6458096066170566E-002 -0.36914994689868263     
  -1.9969969969969972       -4.9581648150777556E-002 -0.41660023141156305     
  -1.9869869869869872       -5.3594183812978556E-002 -0.46652104579973724     
  -1.9769769769769772       -5.7742011882929420E-002 -0.52066022178917470     
  -1.9669669669669672       -6.3612288907477416E-002 -0.58047084113182734     
  -1.9569569569569571       -7.1777808359136094E-002 -0.64708396929871692     
  -1.9469469469469471       -8.3384960722467288E-002 -0.72282534467119508     
  -1.9369369369369371      -0.10129841729354387      -0.81107339547428670     
  -1.9269269269269271      -0.13313289840166848      -0.91374505168856734     
  -1.9169169169169171      -0.17452108409663730       -1.0229177281558495     
  -1.9069069069069071      -0.23264592847606361       -1.1818373092542660     
  -1.8968968968968971      -0.39270288972805306       -1.3798054498623591     
  -1.8868868868868871      -0.68451135820696829       -1.4798132031579325     
  -1.8768768768768771      -0.95264542229443139       -1.4392128577494752     
  -1.8668668668668671       -1.1576203792705173       -1.3458791026659382     
  -1.8568568568568571       -1.3168826841783250       -1.2352766123554033     
  -1.8468468468468471       -1.4441546881721790       -1.1177584276325210     
  -1.8368368368368371       -1.5469644578847215      -0.99765873343061728     
  -1.8268268268268271       -1.6306773628253226      -0.87698068541446483     
  -1.8168168168168171       -1.6988002055599507      -0.75644318974978764     
  -1.8068068068068071       -1.7537612789440984      -0.63636731718288109     
  -1.7967967967967970       -1.7972892012471449      -0.51679201844924516     
  -1.7867867867867866       -1.8305968578058005      -0.39761430989393948     
  -1.7767767767767766       -1.8545146741051475      -0.27865555738161146     
  -1.7667667667667666       -1.8695711163422646      -0.15969495664090924     
  -1.7567567567567566       -1.8760391347665142       -4.0490078327495779E-002
  -1.7467467467467466       -1.8739682303425889        7.9208014302318872E-002
  -1.7367367367367366       -1.8631799683064860       0.19966715391264003     
  -1.7267267267267266       -1.8432463583483598       0.32113034809044017     
  -1.7167167167167166       -1.8134791320317869       0.44381883323303167     
  -1.7067067067067065       -1.7728602679189254       0.56791130465424433     
  -1.6966966966966965       -1.7199477403257866       0.69350276788404908     
  -1.6866866866866865       -1.6527229269904653       0.82053265289485022     
  -1.6766766766766765       -1.5683393408832071       0.94864405195393442     
  -1.6666666666666665       -1.4626937759330534        1.0768868482619995     
  -1.6566566566566565       -1.3296589442533406        1.2030267589371682     
  -1.6466466466466465       -1.1596667321063505        1.3217012099109773     
  -1.6366366366366365      -0.93746671634368883        1.4185004035026789     
  -1.6266266266266265      -0.64663872503238040        1.4479871100289057     
  -1.6166166166166165      -0.35692249029126993        1.3184145087162016     
  -1.6066066066066065      -0.21174298385328427        1.1203630796907029     
  -1.5965965965965965      -0.14810877760240546       0.96203982897416618     
  -1.5865865865865865      -0.11403687892692776       0.83897095222062867     
  -1.5765765765765765       -9.3005437295461318E-002  0.73924932940659660     
  -1.5665665665665665       -7.8833636250785807E-002  0.65542684655366568     
  -1.5565565565565564       -6.8729106749775171E-002  0.58292402685419720     
  -1.5465465465465464       -6.1249237128529532E-002  0.51877173237614393     
  -1.5365365365365364       -5.5574566630261717E-002  0.46093815902225127     
  -1.5265265265265264       -5.1206584593848636E-002  0.40796540132378273     
  -1.5165165165165164       -4.7826609463960494E-002  0.35876271753542177     
  -1.5065065065065064       -4.5223837695165206E-002  0.31248230237729335     
  -1.4964964964964964       -4.3256124863626566E-002  0.26844066016021528     
  -1.4864864864864864       -4.1827540600884547E-002  0.22606627063844925     
  -1.4764764764764764       -4.0875143575155620E-002  0.18486287970640530     
  -1.4664664664664664       -4.0361190340602260E-002  0.14438217139129361     
  -1.4564564564564564       -4.0268822321164452E-002  0.10420191241242341     
  -1.4464464464464464       -4.0600247393790874E-002   6.3906889875921052E-002
  -1.4364364364364364       -4.1377021024956329E-002   2.3070549171568734E-002
  -1.4264264264264264       -4.2642476042994031E-002  -1.8764613305533352E-002
  -1.4164164164164164       -4.4466808345991954E-002  -6.2110088203304624E-002
  -1.4064064064064064       -4.6955964803323869E-002 -0.10756071033166342     
  -1.3963963963963963       -5.0266577491415741E-002 -0.15583461455222042     
  -1.3863863863863863       -5.4631342271269291E-002 -0.20783048761528294     
  -1.3763763763763763       -6.0401738778662589E-002 -0.26471223221083068     
  -1.3663663663663663       -6.8123010163836595E-002 -0.32805344977475487     
  -1.3563563563563563       -7.8704310568683239E-002 -0.40006169702884931     
  -1.3463463463463463       -9.3731795914906144E-002 -0.48397700576151892     
  -1.3363363363363363      -0.11625725334193573      -0.58482220931039941     
  -1.3263263263263263      -0.15293819823646385      -0.71079918769265515     
  -1.3163163163163163      -0.22106888337195343      -0.87530591180498418     
  -1.3063063063063063      -0.37501034354652163       -1.0890835180510550     
  -1.2962962962962963      -0.71153460702075821       -1.2459866121248908     
  -1.2862862862862863       -1.0761780060302051       -1.1850273658909827     
  -1.2762762762762763       -1.3388254923593224       -1.0214303151307063     
  -1.2662662662662663       -1.5204144923424883      -0.83071390268939815     
  -1.2562562562562563       -1.6455761997965990      -0.63564472975502950     
  -1.2462462462462462       -1.7297784088647830      -0.44394148500280717     
  -1.2362362362362362       -1.7830126657685470      -0.25788243304237829     
  -1.2262262262262262       -1.8111140152515310       -7.8054580185813890E-002
  -1.2162162162162162       -1.8181496120123959        9.5440481648697506E-002
  -1.2062062062062062       -1.8067757147471057       0.26291728953653559     
  -1.1961961961961962       -1.7785961998085822       0.42477315946863042     
  -1.1861861861861862       -1.7344048233141705       0.58138459279823873     
  -1.1761761761761762       -1.6742394415082205       0.73301004922613833     
  -1.1661661661661662       -1.5974210882889985       0.87969242518428359     
  -1.1561561561561562       -1.5024139434558803        1.0211474409849695     
  -1.1461461461461462       -1.3865293638334095        1.1564907881357582     
  -1.1361361361361362       -1.2453361411052968        1.2836290431630761     
  -1.1261261261261262       -1.0715147993598133        1.3976309342958957     
  -1.1161161161161162      -0.85306142005118935        1.4854462058562077     
  -1.1061061061061062      -0.57820413078498878        1.5062346597177625     
  -1.0960960960960962      -0.31562296471929041        1.3827819270249735     
  -1.0860860860860861      -0.18652521851518122        1.2057998428581371     
  -1.0760760760760761      -0.12919552516291005        1.0668848010732150     
  -1.0660660660660661       -9.8088163988687568E-002  0.96038028861446201     
  -1.0560560560560561       -7.8671599681993123E-002  0.87542212175705880     
  -1.0460460460460461       -6.5439649835042829E-002  0.80526439393161264     
  -1.0360360360360361       -5.5877975052388611E-002  0.74576361992637297     
  -1.0260260260260261       -4.8675675373053326E-002  0.69424212851724398     
  -1.0160160160160161       -4.3081391912157034E-002  0.64888105185009393     
  -1.0060060060060061       -3.8633182166616452E-002  0.60839184825044856     
 -0.99599599599599564       -3.5031380547973237E-002  0.57182931969435857     
 -0.98598598598598564       -3.2073231006676875E-002  0.53847958079077651     
 -0.97597597597597563       -2.9616858714952326E-002  0.50778980922028805     
 -0.96596596596596562       -2.7560270033938388E-002  0.47932242322510593     
 -0.95595595595595562       -2.5828539510412706E-002  0.45272414991607685     
 -0.94594594594594561       -2.4365691808714493E-002  0.42770450340835753     
 -0.93593593593593560       -2.3129396266571782E-002  0.40402039339931306     
 -0.92592592592592560       -2.2087412073379852E-002  0.38146483006863380     
 -0.91591591591591559       -2.1215161546874080E-002  0.35985842127292711     
 -0.90590590590590558       -2.0494055022714005E-002  0.33904279934256942     
 -0.89589589589589558       -1.9910334276323036E-002  0.31887538817792249     
 -0.88588588588588557       -1.9454288370182225E-002  0.29922509345568332     
 -0.87587587587587556       -1.9119750966606962E-002  0.27996860737779966     
 -0.86586586586586556       -1.8903825206151768E-002  0.26098708625051303     
 -0.85585585585585555       -1.8806809377937096E-002  0.24216299662080151     
 -0.84584584584584555       -1.8832319122837973E-002  0.22337694018976248     
 -0.83583583583583554       -1.8987623895955794E-002  0.20450426156648077     
 -0.82582582582582553       -1.9284240821748084E-002  0.18541121483222278     
 -0.81581581581581553       -1.9738862776603795E-002  0.16595040963705426     
 -0.80580580580580552       -2.0374746720694170E-002  0.14595516463008293     
 -0.79579579579579551       -2.1223764786148284E-002  0.12523224669775854     
 -0.78578578578578551       -2.2329445104747294E-002  0.10355223623871436     
 -0.77577577577577550       -2.3751539795569012E-002   8.0636374700371563E-002
 -0.76576576576576549       -2.5573026564474959E-002   5.6138119332878850E-002
 -0.75575575575575549       -2.7911123028946033E-002   2.9616564946569352E-002
 -0.74574574574574548       -3.0935172850082446E-002   4.9703826657424900E-004
 -0.73573573573573547       -3.4896821193082773E-002  -3.1989175076941066E-002
 -0.72572572572572547       -4.0183313517128755E-002  -6.8900296657229146E-002
 -0.71571571571571546       -4.7417030148876722E-002 -0.11174138852546001     
 -0.70570570570570545       -5.7654604896076857E-002 -0.16273563010818481     
 -0.69569569569569545       -7.2821381601411814E-002 -0.22531577976008055     
 -0.68568568568568544       -9.6768387796882779E-002 -0.30505631263477101     
 -0.67567567567567544      -0.13825579498255483      -0.41148149365543668     
 -0.66566566566566543      -0.22119111960487237      -0.56053175302234037     
 -0.65565565565565542      -0.42325852787419860      -0.75983181933532240     
 -0.64564564564564542      -0.86602822802998314      -0.83488023658717969     
 -0.63563563563563541       -1.2808176072646158      -0.57631179091125984     
 -0.62562562562562540       -1.4883413057400841      -0.18917038761055191     
 -0.61561561561561540       -1.5312948223461620       0.20846677972317473     
 -0.60560560560560539       -1.4462824291862115       0.57934339959792858     
 -0.59559559559559538       -1.2460207989526895       0.90178072771090700     
 -0.58558558558558538      -0.92545771302264468        1.1354007952622540     
 -0.57557557557557537      -0.52073969256107766        1.1690220804568967     
 -0.56556556556556536      -0.25808077424147668       0.99878120082728306     
 -0.55555555555555536      -0.15200527329351193       0.84092174290354260     
 -0.54554554554554535      -0.10253857766942920       0.72835602188664195     
 -0.53553553553553535       -7.5111631824990990E-002  0.64570500247716678     
 -0.52552552552552534       -5.8093426756029458E-002  0.58220125343371909     
 -0.51551551551551533       -4.6704614879048215E-002  0.53154638147677291     
 -0.50550550550550533       -3.8659589743514952E-002  0.48992692371548363     
 -0.49549549549549532       -3.2740507871526957E-002  0.45491291757142965     
 -0.48548548548548531       -2.8244630429639483E-002  0.42488323464146477     
 -0.47547547547547531       -2.4740941195757361E-002  0.39871376770739170     
 -0.46546546546546530       -2.1952018928842281E-002  0.37559947714698083     
 -0.45545545545545529       -1.9692175969152119E-002  0.35494793645946193     
 -0.44544544544544529       -1.7833026811540122E-002  0.33631296866464189     
 -0.43543543543543528       -1.6283342051626314E-002  0.31935177400640685     
 -0.42542542542542527       -1.4976758402123506E-002  0.30379636602868848     
 -0.41541541541541527       -1.3864010965376032E-002  0.28943402308102378     
 -0.40540540540540526       -1.2907871913382149E-002  0.27609359146190687     
 -0.39539539539539525       -1.2079764085991948E-002  0.26363568731218961     
 -0.38538538538538525       -1.1357441895272633E-002  0.25194555699558874     
 -0.37537537537537524       -1.0723370071954688E-002  0.24092778807012635     
 -0.36536536536536524       -1.0163569222145757E-002  0.23050233253035293     
 -0.35535535535535523       -9.6667800882242264E-003  0.22060147624100560     
 -0.34534534534534522       -9.2238494313623513E-003  0.21116750098692949     
 -0.33533533533533522       -8.8272726103216688E-003  0.20215086053171558     
 -0.32532532532532521       -8.4708486417223467E-003  0.19350874294743262     
 -0.31531531531531520       -8.1494171301755951E-003  0.18520392657252460     
 -0.30530530530530520       -7.8586555532464495E-003  0.17720386153612441     
 -0.29529529529529519       -7.5949215701473513E-003  0.16947992624521005     
 -0.28528528528528518       -7.3551292914259773E-003  0.16200682078926601     
 -0.27527527527527518       -7.1366514352554670E-003  0.15476206835647308     
 -0.26526526526526517       -6.9372414165408671E-003  0.14772560247716249     
 -0.25525525525525516       -6.7549709398589206E-003  0.14087942290014657     
 -0.24524524524524516       -6.5881797785978099E-003  0.13420730664071251     
 -0.23523523523523515       -6.4354352450049510E-003  0.12769456354756922     
 -0.22522522522522515       -6.2954994759589662E-003  0.12132782785323472     
 -0.21521521521521514       -6.1673031395761448E-003  0.11509487876112214     
 -0.20520520520520513       -6.0499245555313283E-003  0.10898448429474027     
 -0.19519519519519513       -5.9425735564385225E-003  0.10298626346064296     
 -0.18518518518518512       -5.8445797363923264E-003   9.7090562292609053E-002
 -0.17517517517517511       -5.7553850793094661E-003   9.1288339548299569E-002
 -0.16516516516516511       -5.6745413945288132E-003   8.5571057673934720E-002
 -0.15515515515515510       -5.6017136070066476E-003   7.9930574022002293E-002
 -0.14514514514514509       -5.5366909242625861E-003   7.4359025974948062E-002
 -0.13513513513513509       -5.4794095497859773E-003   6.8848701168848683E-002
 -0.12512512512512508       -5.4299935585346744E-003   6.3391879627777759E-002
 -0.11511511511511507       -5.3888260869853662E-003   5.7980626785416288E-002
 -0.10510510510510507       -5.3566739276026962E-003   5.2606502069582756E-002
  -9.5095095095095061E-002  -5.3349114194669719E-003   4.7260120770346144E-002
  -8.5085085085085055E-002  -5.3259400634663567E-003   4.1930454065776085E-002
  -7.5075075075075048E-002  -5.3340206059568455E-003   3.6603643787466646E-002
  -6.5065065065065042E-002  -5.3670463329178056E-003   3.1260876405834775E-002
  -5.5055055055055035E-002  -5.4406839949651016E-003   2.5874346347939222E-002
  -4.5045045045045029E-002  -5.5892450455986070E-003   2.0399228717535762E-002
  -3.5035035035035023E-002  -5.8988972421914476E-003   1.4758037144292111E-002
  -2.5025025025025016E-002  -6.6301158906238765E-003   8.8249195416758158E-003
  -1.5015015015015010E-002  -8.7200717979315796E-003   2.6765159992793190E-003
  -5.0050050050050032E-003  -1.3199141708648249E-002  -3.9172741226101956E-004
   5.0050050050050032E-003  -1.3133922356245643E-002   4.1453454259500228E-004
   1.5015015015015010E-002  -8.6678168299505337E-003  -2.7524010187949055E-003
   2.5025025025025016E-002  -6.6128498701698655E-003  -8.9036180250491072E-003
   3.5035035035035023E-002  -5.8920326205902625E-003  -1.4831077208364631E-002
   4.5045045045045029E-002  -5.5860415267967129E-003  -2.0468826520906074E-002
   5.5055055055055035E-002  -5.4390686313341074E-003  -2.5942061864887529E-002
   6.5065065065065042E-002  -5.3662415339883942E-003  -3.1327593952236443E-002
   7.5075075075075048E-002  -5.3336868754355017E-003  -3.6669889902327869E-002
   8.5085085085085055E-002  -5.3259117961096088E-003  -4.1996569009389285E-002
   9.5095095095095061E-002  -5.3351010708708093E-003  -4.7326343710024879E-002
  0.10510510510510507       -5.3570325591380382E-003  -5.2673014927204061E-002
  0.11511511511511507       -5.3893254293364470E-003  -5.8047578069884517E-002
  0.12512512512512508       -5.4306171913797961E-003  -6.3459398134679934E-002
  0.13513513513513509       -5.4801482840353740E-003  -6.8916904300953014E-002
  0.14514514514514509       -5.5375402625043712E-003  -7.4428025083523822E-002
  0.15515515515515510       -5.6026722951351545E-003  -8.0000478040809925E-002
  0.16516516516516511       -5.6756105776414236E-003  -8.5641975751804059E-002
  0.17517517517517511       -5.7565678094112461E-003  -9.1360383090081473E-002
  0.18518518518518512       -5.8458806956277328E-003  -9.7163846657577851E-002
  0.19519519519519513       -5.9439989200594364E-003 -0.10306090947756891     
  0.20520520520520513       -6.0514819518014884E-003 -0.10906061970172713     
  0.21521521521521514       -6.1690016826772753E-003 -0.11517263964918666     
  0.22522522522522515       -6.2973498593540669E-003 -0.12140736017663074     
  0.23523523523523515       -6.4374498900925947E-003 -0.12777602475623176     
  0.24524524524524516       -6.5903730387498029E-003 -0.13429086748827013     
  0.25525525525525516       -6.7573593641757643E-003 -0.14096526948344401     
  0.26526526526526517       -6.9398440815899194E-003 -0.14781393856953853     
  0.27527527527527518       -7.1394903571938085E-003 -0.15485311810722949     
  0.28528528528528518       -7.3582299357098195E-003 -0.16210083187617680     
  0.29529529529529519       -7.5983134819752156E-003 -0.16957717358654167     
  0.30530530530530520       -7.8623731395601783E-003 -0.17730465169477239     
  0.31531531531531520       -8.1535006342300861E-003 -0.18530860301957447     
  0.32532532532532521       -8.4753453650153136E-003 -0.19361769239860890     
  0.33533533533533522       -8.8322384556123075E-003 -0.20226452063192268     
  0.34534534534534522       -9.2293508668990550E-003 -0.21128636970134607     
  0.35535535535535523       -9.6728966705890290E-003 -0.22072612342456913     
  0.36536536536536524       -1.0170396868549078E-002 -0.23063341430349149     
  0.37537537537537524       -1.0731025350510561E-002 -0.24106606484604143     
  0.38538538538538525       -1.1366067716582075E-002 -0.25209191631136368     
  0.39539539539539525       -1.2089537351929835E-002 -0.26379117305576255     
  0.40540540540540526       -1.2919013943310841E-002 -0.27625944172704864     
  0.41541541541541527       -1.3876801933333939E-002 -0.28961171983033790     
  0.42542542542542527       -1.4991557679750149E-002 -0.30398770117551155     
  0.43543543543543528       -1.6300617436479970E-002 -0.31955893873199581     
  0.44544544544544529       -1.7853397451657010E-002 -0.33653867626686468     
  0.45545545545545529       -1.9716476985709250E-002 -0.35519559466285255     
  0.46546546546546530       -2.1981401504416329E-002 -0.37587343519168992     
  0.47547547547547531       -2.4777032754323577E-002 -0.39901967969016505     
  0.48548548548548531       -2.8289800990703700E-002 -0.42522860940902768     
  0.49549549549549532       -3.2798333509849058E-002 -0.45530797902755105     
  0.50550550550550533       -3.8735704306017776E-002 -0.49038600946088373     
  0.51551551551551533       -4.6808383850353255E-002 -0.53209031963346010     
  0.52552552552552534       -5.8241526191718983E-002 -0.58286160808945553     
  0.53553553553553535       -7.5336578463330084E-002 -0.64653204707407930     
  0.54554554554554535      -0.10291218818688692      -0.72943405087793456     
  0.55555555555555536      -0.15271635144633536      -0.84239290881023732     
  0.56556556556556536      -0.25973627688293688       -1.0007727454474893     
  0.57557557557557537      -0.52457291999208033       -1.1702380327473283     
  0.58558558558558538      -0.92930169853390676       -1.1339410327619828     
  0.59559559559559538       -1.2485997238022732      -0.89912476505144745     
  0.60560560560560539       -1.4477315771213548      -0.57619799761309420     
  0.61561561561561540       -1.5316796332741052      -0.20509925591855946     
  0.62562562562562540       -1.4875570046581013       0.19254046526284332     
  0.63563563563563541       -1.2785869368568554       0.57922031524234185     
  0.64564564564564542      -0.86243267037962623       0.83592557456508521     
  0.65565565565565542      -0.42101749178288189       0.75862881632382340     
  0.66566566566566543      -0.22034285416963792       0.55948249456532961     
  0.67567567567567544      -0.13787101930812831       0.41079098156714972     
  0.68568568568568544       -9.6562285143018969E-002  0.30459158659568053     
  0.69569569569569545       -7.2698347619154641E-002  0.22499033334661231     
  0.70570570570570545       -5.7575600482840182E-002  0.16250015742565688     
  0.71571571571571546       -4.7363585922596825E-002  0.11156666109336828     
  0.72572572572572547       -4.0145741280745245E-002   6.8768096580850466E-002
  0.73573573573573547       -3.4869626281803033E-002   3.1887621046244569E-002
  0.74574574574574548       -3.0915046036057166E-002  -5.7599994671059663E-004
  0.75575575575575549       -2.7895974357133282E-002  -2.9678574694268614E-002
  0.76576576576576549       -2.5561484495660137E-002  -5.6187239503574585E-002
  0.77577577577577550       -2.3742675496202965E-002  -8.0675603456234854E-002
  0.78578578578578551       -2.2322613001493487E-002 -0.10358383520663246     
  0.79579579579579551       -2.1218506482386053E-002 -0.12525795652553443     
  0.80580580580580552       -2.0370731049065349E-002 -0.14597635077469728     
  0.81581581581581553       -1.9735847279401621E-002 -0.16596816346204080     
  0.82582582582582553       -1.9282046377561146E-002 -0.18542642535868864     
  0.83583583583583554       -1.8986117660880410E-002 -0.20451766754622419     
  0.84584584584584555       -1.8831402880288509E-002 -0.22338916875970175     
  0.85585585585585555       -1.8806411504230004E-002 -0.24217459269758007     
  0.86586586586586556       -1.8903895123694281E-002 -0.26099853550301094     
  0.87587587587587556       -1.9120255366361770E-002 -0.27998035477203626     
  0.88588588588588557       -1.9455208747015441E-002 -0.29923755882591657     
  0.89589589589589558       -1.9911665496240998E-002 -0.31888897993615872     
  0.90590590590590558       -2.0495804766857344E-002 -0.33905792723562012     
  0.91591591591591559       -2.1217350577647360E-002 -0.35987550899774734     
  0.92592592592592560       -2.2090075361373692E-002 -0.38148432854825887     
  0.93593593593593560       -2.3132585119896448E-002 -0.40404279560393602     
  0.94594594594594561       -2.4369477279240746E-002 -0.42773036179639906     
  0.95595595595595562       -2.5833017543908189E-002 -0.45275409790736393     
  0.96596596596596562       -2.7565569132628701E-002 -0.47935720267531828     
  0.97597597597597563       -2.9623151380621247E-002 -0.50783030677278040     
  0.98598598598598564       -3.2080751099347909E-002 -0.53852687747301953     
  0.99599599599599564       -3.5040450268202454E-002 -0.57188476063375782     
   1.0060060060060056       -3.8644255362564391E-002 -0.60845714373176740     
   1.0160160160160157       -4.3095126422510552E-002 -0.64895842875935372     
   1.0260260260260257       -4.8693059965115852E-002 -0.69433456590395004     
   1.0360360360360357       -5.5900566116546764E-002 -0.74587523131668010     
   1.0460460460460457       -6.5470047697647790E-002 -0.80540107866463440     
   1.0560560560560557       -7.8714505406627430E-002 -0.87559273495964163     
   1.0660660660660657       -9.8153044160359165E-002 -0.96059883986149985     
   1.0760760760760757      -0.12930457128517811       -1.0671744415820217     
   1.0860860860860857      -0.18674237520111442       -1.2061948441821571     
   1.0960960960960957      -0.31614452006852811       -1.3832388678138317     
   1.1061061061061057      -0.57899885593169431       -1.5063255597990790     
   1.1161161161161157      -0.85373036696020277       -1.4852518475080285     
   1.1261261261261257       -1.0720501663387232       -1.3973292374392683     
   1.1361361361361357       -1.2457739788441551       -1.2832760745371834     
   1.1461461461461457       -1.3868924809923624       -1.1561068733058875     
   1.1561561561561557       -1.5027158287157887       -1.0207415958875623     
   1.1661661661661658       -1.5976698254052337      -0.87926928324621678     
   1.1761761761761758       -1.6744397931962756      -0.73257227599646979     
   1.1861861861861858       -1.7345593018609864      -0.58093389796897121     
   1.1961961961961958       -1.7787056771336123      -0.42431081493387302     
   1.2062062062062058       -1.8068395687737564      -0.26244425198617233     
   1.2162162162162158       -1.8181657706657417       -9.4957887400163643E-002
   1.2262262262262258       -1.8110788775106514        7.8545324153796697E-002
   1.2362362362362358       -1.7829206862449167       0.25837910955477461     
   1.2462462462462458       -1.7296234254136340       0.44444054338906236     
   1.2562562562562558       -1.6453426210675450       0.63614646394378260     
   1.2662662662662658       -1.5200799983223221       0.83120121580752637     
   1.2762762762762758       -1.3383605544148325        1.0218761695552463     
   1.2862862862862858       -1.0755364114956198        1.1853570530203856     
   1.2962962962962958      -0.71075134066313028        1.2459720679998876     
   1.3063063063063058      -0.37455256355622302        1.0887254892033722     
   1.3163163163163158      -0.22088120196701269       0.87502529435667731     
   1.3263263263263259      -0.15284315772795903       0.71061253714858852     
   1.3363363363363359      -0.11620080620016382       0.58469752641833672     
   1.3463463463463459       -9.3694553807283268E-002  0.48389392680228710     
   1.3563563563563559       -7.8677892718396647E-002  0.40000803080182595     
   1.3663663663663659       -6.8103255180899297E-002  0.32802157432069629     
   1.3763763763763759       -6.0386339041938027E-002  0.26469720199959401     
   1.3863863863863859       -5.4618908092236511E-002  0.20782892448759582     
   1.3963963963963959       -5.0256225613549088E-002  0.15584415451170550     
   1.4064064064064059       -4.6947102092293067E-002  0.10757966122311323     
   1.4164164164164168       -4.4459019266681471E-002   6.2137225933974985E-002
   1.4264264264264268       -4.2635456705111215E-002   1.8799052562329076E-002
   1.4364364364364368       -4.1370539346361056E-002  -2.3029438653014014E-002
   1.4464464464464468       -4.0594117623396472E-002  -6.3859537932973845E-002
   1.4564564564564568       -4.0262887690474355E-002 -0.10414858359278162     
   1.4664664664664668       -4.0355310285274247E-002 -0.14432298617560210     
   1.4764764764764768       -4.0869183281810086E-002 -0.18479782488779173     
   1.4864864864864868       -4.1821361232744020E-002 -0.22599520021561487     
   1.4964964964964969       -4.3249572956684648E-002 -0.26836328669545606     
   1.5065065065065069       -4.5216731940833269E-002 -0.31239817731403147     
   1.5165165165165169       -4.7818722268420669E-002 -0.35867119706828293     
   1.5265265265265269       -5.1197614013586371E-002 -0.40786559147653700     
   1.5365365365365369       -5.5564090519699780E-002 -0.46082882853278184     
   1.5465465465465469       -6.1236633123720914E-002 -0.51865117261773575     
   1.5565565565565569       -6.8713402545174843E-002 -0.58278981959125831     
   1.5665665665665669       -7.8813205709911710E-002 -0.65527546214100973     
   1.5765765765765769       -9.2977318157950406E-002 -0.73907539621579410     
   1.5865865865865869      -0.11399502730860629      -0.83876587195072039     
   1.5965965965965969      -0.14803876725193205      -0.96178928146585163     
   1.6066066066066069      -0.21160238380207780       -1.1200463855499658     
   1.6166166166166169      -0.35658225010367356       -1.3180698395918542     
   1.6266266266266269      -0.64615005263495662       -1.4478991431236259     
   1.6366366366366369      -0.93709222432386863       -1.4185827776893860     
   1.6466466466466469       -1.1593976071002416       -1.3218286885523693     
   1.6566566566566570       -1.3294624360971423       -1.2031607150958172     
   1.6666666666666670       -1.4625483715585248       -1.0770139520528272     
   1.6766766766766770       -1.5682311127556445      -0.94875905296694352     
   1.6866866866866870       -1.6526423593807118      -0.82063341028393255     
   1.6966966966966970       -1.7198879830263201      -0.69358850200284461     
   1.7067067067067070       -1.7728161649862098      -0.56798187990996396     
   1.7167167167167170       -1.8134466503569973      -0.44387442993993909     
   1.7267267267267270       -1.8432222310772959      -0.32117130057870524     
   1.7367367367367370       -1.8631614594311749      -0.19969386699296704     
   1.7467467467467470       -1.8739529715486893       -7.9220920813543275E-002
   1.7567567567567570       -1.8760250055831791        4.0490547545883090E-002
   1.7667667667667670       -1.8695561364689106       0.15970836886830855     
   1.7767767767767770       -1.8544969362421653       0.27868148386793834     
   1.7867867867867870       -1.8305744393925210       0.39765232006662310     
   1.7967967967967970       -1.7972600785706245       0.51684166102995843     
   1.8068068068068071       -1.7537232211770228       0.63642808927614336     
   1.8168168168168171       -1.6987506241214458       0.75651447076087486     
   1.8268268268268271       -1.6306131040043226       0.87706155712946743     
   1.8368368368368371       -1.5468819904893241       0.99774767696837208     
   1.8468468468468471       -1.4440489315441944        1.1178539914526997     
   1.8568568568568571       -1.3167476772528162        1.2353745575677322     
   1.8668668668668671       -1.1574425654512428        1.3459825130851379     
   1.8768768768768771      -0.95239369291753406        1.4392878683453587     
   1.8868868868868871      -0.68417904921778150        1.4797860145609534     
   1.8968968968968971      -0.39243995831256523        1.3795750462184049     
   1.9069069069069071      -0.23257536640009069        1.1815969892488101     
   1.9169169169169171      -0.17455230477063294        1.0228114276222082     
   1.9269269269269271      -0.13307151908538095       0.91366575236569569     
   1.9369369369369371      -0.10126627459122468       0.81098323590927257     
   1.9469469469469471       -8.3366508557778274E-002  0.72275139928554677     
   1.9569569569569571       -7.1765020256231743E-002  0.64702374240052229     
   1.9669669669669672       -6.3603020321321618E-002  0.58042142179163680     
   1.9769769769769772       -5.7736918881546466E-002  0.52062058468893158     
   1.9869869869869872       -5.3588689066168621E-002  0.46649736751108534     
   1.9969969969969972       -4.9571048755303652E-002  0.41657740628246870     
   2.0070070070070072       -4.6450552824061846E-002  0.36913251912988287     
   2.0170170170170172       -4.4180068434122755E-002  0.32407824652603984     
   2.0270270270270272       -4.2508746178231575E-002  0.28090896124938264     
   2.0370370370370372       -4.1310739403788481E-002  0.23914063910951930     
   2.0470470470470472       -4.0515569306500257E-002  0.19835145804792298     
   2.0570570570570572       -4.0084067360186104E-002  0.15816033959762396     
   2.0670670670670672       -3.9996925035616047E-002  0.11822093744335679     
   2.0770770770770772       -4.0245944117592254E-002   7.8199741659920316E-002
   2.0870870870870872       -4.0836140443089183E-002   3.7763330668049988E-002
   2.0970970970970972       -4.1785769518995555E-002  -3.4332251249894153E-003
   2.1071071071071072       -4.3127694852287166E-002  -4.5759539191463840E-002
   2.1171171171171173       -4.4912417326509607E-002  -8.9625279029221336E-002
   2.1271271271271273       -4.7213236640352721E-002 -0.13549933000572664     
   2.1371371371371373       -5.0134596062488830E-002 -0.18393511659842315     
   2.1471471471471473       -5.3825572748371332E-002 -0.23560573168505350     
   2.1571571571571573       -5.8502196421701860E-002 -0.29135484338206663     
   2.1671671671671673       -6.4485808871487985E-002 -0.35227364342539397     
   2.1771771771771773       -7.2272466638358263E-002 -0.41982237377811132     
   2.1871871871871873       -8.2667069122549411E-002 -0.49603165131482474     
   2.1971971971971973       -9.7065428994537975E-002 -0.58385394167223703     
   2.2072072072072073      -0.11811640560907948      -0.68781040259214632     
   2.2172172172172173      -0.15152010018021947      -0.81521166730601746     
   2.2272272272272273      -0.21192633241970515      -0.97801997422187870     
   2.2372372372372373      -0.34511286899419746       -1.1869177152815789     
   2.2472472472472473      -0.63789828849821562       -1.3572403648245801     
   2.2572572572572573      -0.96773517974676637       -1.3422118255969278     
   2.2672672672672673       -1.2152461955314584       -1.2350286932843182     
   2.2772772772772774       -1.3960025862294085       -1.1026147443969101     
   2.2872872872872874       -1.5309036296082807      -0.96546421258583470     
   2.2972972972972974       -1.6332462698438941      -0.83052084772538881     
   2.3073073073073074       -1.7115068069229726      -0.70031925422347618     
   2.3173173173173174       -1.7713451652300736      -0.57570745205467622     
   2.3273273273273274       -1.8167036311770071      -0.45682118832166047     
   2.3373373373373374       -1.8504226634665304      -0.34348298565745367     
   2.3473473473473474       -1.8746042211864316      -0.23538100262010064     
   2.3573573573573574       -1.8908367491636897      -0.13215370562271447     
   2.3673673673673674       -1.9003402996792553       -3.3430974625843941E-002
   2.3773773773773774       -1.9040629105769633        6.1146350514006950E-002
   2.3873873873873874       -1.9027445998554842       0.15191729640876278     
   2.3973973973973974       -1.8969566258330894       0.23918937408629043     
   2.4074074074074074       -1.8871606650396433       0.32318629186009190     
   2.4174174174174174       -1.8738703461359685       0.40423686018325439     
   2.4274274274274275       -1.8572221629344510       0.48268350719295411     
   2.4374374374374375       -1.8373939137397770       0.55871896283600664     
   2.4474474474474475       -1.8144959516662997       0.63254963308075662     
   2.4574574574574575       -1.7885562860123938       0.70441331084674375     
   2.4674674674674675       -1.7594457471475298       0.77456124618794708     
   2.4774774774774775       -1.7267930466556163       0.84325503786192524     
   2.4874874874874875       -1.6897267185155744       0.91069617668060487     
   2.4974974974974975       -1.6464179412487863       0.97665545797959852     
   2.5075075075075075       -1.5928654969137992        1.0397162602413621     
   2.5175175175175175       -1.5172656455847422        1.0861225622921478     
   2.5275275275275275       -1.4676312937103715        1.0600443011110670     
   2.5375375375375375       -1.5052218388899623        1.1068485071157621     
   2.5475475475475475       -1.4795793165909941        1.1933904022932362     
   2.5575575575575575       -1.4309368185694393        1.2652704024415971     
   2.5675675675675675       -1.3740955697368746        1.3284718220608569     
   2.5775775775775776       -1.3099580848512802        1.3865226508576043     
   2.5875875875875876       -1.2350761835044375        1.4392709509556150     
   2.5975975975975976       -1.1410582907793427        1.4778229960392919     
   2.6076076076076076       -1.0360764251459660        1.4534486022167630     
   2.6176176176176176       -1.0716791080896817        1.4126864143297380     
   2.6276276276276276       -1.0655164491190219        1.5169322766887001     
   2.6376376376376376      -0.98842789484964855        1.5977273265386833     
   2.6476476476476476      -0.89514574104908717        1.6544662954596785     
   2.6576576576576576      -0.79549210257661340        1.6975605207551239     
   2.6676676676676676      -0.68290627477869448        1.7350664898223931     
   2.6776776776776776      -0.55039803454481451        1.7573769662864243     
   2.6876876876876876      -0.39214407079135394        1.7505949608825349     
   2.6976976976976976      -0.22838696398241801        1.6708159623327854     
   2.7077077077077076      -0.13789774099057656        1.5454612580751468     
   2.7177177177177176       -9.7888660563051552E-002   1.4413784283998210     
   2.7277277277277276       -7.6272591139465704E-002   1.3592412206503570     
   2.7377377377377377       -6.2643641917910567E-002   1.2920964783004081     
   2.7477477477477477       -5.3188973658744698E-002   1.2354497677650151     
   2.7577577577577577       -4.6205881422847858E-002   1.1865242596213796     
   2.7677677677677677       -4.0816698298387265E-002   1.1435166277878961     
   2.7777777777777777       -3.6520795789380521E-002   1.1051936871866626     
   2.7877877877877877       -3.3010361121629028E-002   1.0706747839261122     
   2.7977977977977977       -3.0084953393796476E-002   1.0393083459162060     
   2.8078078078078077       -2.7608013448384351E-002   1.0105981096604093     
   2.8178178178178177       -2.5483047029392154E-002  0.98415691752412993     
   2.8278278278278277       -2.3639791253656429E-002  0.95967658740166173     
   2.8378378378378377       -2.2025782094677957E-002  0.93690757068716390     
   2.8478478478478477       -2.0601002674286491E-002  0.91564480299601791     
   2.8578578578578577       -1.9334368907603254E-002  0.89571760466293215     
   2.8678678678678677       -1.8201353420233365E-002  0.87698230692619694     
   2.8778778778778777       -1.7182338337747738E-002  0.85931675916515382     
   2.8878878878878878       -1.6261448671956502E-002  0.84261616282195018     
   2.8978978978978978       -1.5425711226818534E-002  0.82678985855927911     
   2.9079079079079078       -1.4664439850510597E-002  0.81175880877310957     
   2.9179179179179178       -1.3968782682492980E-002  0.79745359276326477     
   2.9279279279279278       -1.3331389823956003E-002  0.78381278111766639     
   2.9379379379379378       -1.2746176069654473E-002  0.77078158749062253     
   2.9479479479479478       -1.2208166950718699E-002  0.75831071426175112     
   2.9579579579579578       -1.1713431509409249E-002  0.74635531459292637     
   2.9679679679679678       -1.1259128815244920E-002  0.73487398426323924     
   2.9779779779779778       -1.0843742755848863E-002  0.72382766255063735     
   2.9879879879879878       -1.0467692906104170E-002  0.71317823757366805     
   2.9979979979979978       -1.0134816046072369E-002  0.70288645846549802     
   3.0080080080080087       -9.8561566211635473E-003  0.69290832238414946     
   3.0180180180180187       -9.6608701511850630E-003  0.68318827322993170     
   3.0280280280280287       -9.6333141096098720E-003  0.67364814329247591     
   3.0380380380380387       -1.0064119175207933E-002  0.66420998044485324     
   3.0480480480480487       -1.1868654185023428E-002  0.65552036169767847     
   3.0580580580580587       -1.2767325858397127E-002  0.65019299972978151     
   3.0680680680680688       -1.0840185766485972E-002  0.64390979977991802     
   3.0780780780780788       -9.0216487901660265E-003  0.63575658763413356     
   3.0880880880880888       -8.3244496124273114E-003  0.62747506825148069     
   3.0980980980980988       -8.0045581713926069E-003  0.61957875546794350     
   3.1081081081081088       -7.8106254871010052E-003  0.61181549387580225     
   3.1181181181181188       -7.8372554686475318E-003  0.60409392970844322     
   3.1281281281281288       -8.1941559252937807E-003  0.59628821989558789     
   3.1381381381381388       -9.3356429536675719E-003  0.58827323198064896     
   3.1481481481481488       -1.2056826127509274E-002  0.58047134308587234     
   3.1581581581581588       -1.7817828227633521E-002  0.57482692149162096     
   3.1681681681681688       -2.3485378194321224E-002  0.57782161657532705     
   3.1781781781781788       -1.4569372115183466E-002  0.57917006440249197     
   3.1881881881881888       -9.4612835777133936E-003  0.57124700285652918     
   3.1981981981981988       -7.7413453542924523E-003  0.56349863645653919     
   3.2082082082082088       -7.1042471583916628E-003  0.55636964994566940     
   3.2182182182182189       -6.9984775159801192E-003  0.54952008844681988     
   3.2282282282282289       -7.4540145661161367E-003  0.54263243627809943     
   3.2382382382382389       -9.1883288391496811E-003  0.53546361219370531     
   3.2482482482482489       -1.4552313824839050E-002  0.52995118301783528     
   3.2582582582582589       -1.5797380379360456E-002  0.53212413295217453     
   3.2682682682682689       -1.3333727983611758E-002  0.52638929792781841     
   3.2782782782782789       -1.9069355650623093E-002  0.52315891320689789     
   3.2882882882882889       -1.5093982924087644E-002  0.52819464727322640     
   3.2982982982982989       -9.0771909921287860E-003  0.52264068146195974     
   3.3083083083083089       -7.4109077621471401E-003  0.51677194305395702     
   3.3183183183183189       -6.0175033987584078E-003  0.51170389217917844     
   3.3283283283283289       -5.2902797531278137E-003  0.50650153255711361     
   3.3383383383383389       -5.0783133598610187E-003  0.50177001838341595     
   3.3483483483483489       -4.8420123297204173E-003  0.49745412414465584     
   3.3583583583583589       -4.5786302073530733E-003  0.49331502644288999     
   3.3683683683683689       -4.3027400041290263E-003  0.48928154511437899     
   3.3783783783783790       -4.0392499153997490E-003  0.48525560337632212     
   3.3883883883883890       -3.8770895150721059E-003  0.48132635074603719     
   3.3983983983983990       -3.7567092639463760E-003  0.47751748206341965     
   3.4084084084084090       -3.6559708730570712E-003  0.47381366194353691     
   3.4184184184184190       -3.5669749654169314E-003  0.47020260011891396     
   3.4284284284284290       -3.4861089646090926E-003  0.46667545266722898     
   3.4384384384384390       -3.4113968216652061E-003  0.46322553228580488     
   3.4484484484484490       -3.3416278705701349E-003  0.45984752063467893     
   3.4584584584584590       -3.2760233626864797E-003  0.45653702781527933     
   3.4684684684684690       -3.2140307374239957E-003  0.45329045339011481     
   3.4784784784784790       -3.1548820657792127E-003  0.45010441406271917     
   3.4884884884884890       -3.0985712838050815E-003  0.44697575199075046     
   3.4984984984984990       -3.0448835848755061E-003  0.44390199118137547     
   3.5085085085085090       -2.9935905989803839E-003  0.44088069482888376     
   3.5185185185185190       -2.9445402947065056E-003  0.43790956723878138     
   3.5285285285285291       -2.8976264254176251E-003  0.43498643327720260     
   3.5385385385385391       -2.8527789210869583E-003  0.43210920378947726     
   3.5485485485485491       -2.8099614435427435E-003  0.42927584268947033     
   3.5585585585585591       -2.7691726926640861E-003  0.42648433396772323     
   3.5685685685685691       -2.7304511341297187E-003  0.42373264580213782     
   3.5785785785785791       -2.6938839650838078E-003  0.42101868836151995     
   3.5885885885885891       -2.6596221970497445E-003  0.41834026065659258     
   3.5985985985985991       -2.6279053914042413E-003  0.41569497947621781     
   3.6086086086086091       -2.5991026406139974E-003  0.41308017924460921     
   3.6186186186186191       -2.5737825085340536E-003  0.41049276390235967     
   3.6286286286286291       -2.5528377468778218E-003  0.40792897718874849     
   3.6386386386386391       -2.5377207779423813E-003  0.40538402841235610     
   3.6486486486486491       -2.5309215562708135E-003  0.40285144971307646     
   3.6586586586586591       -2.5370292885892455E-003  0.40032192808291922     
   3.6686686686686691       -2.5653792679036164E-003  0.39778106655717604     
   3.6786786786786791       -2.6377039210308930E-003  0.39520502845001287     
   3.6886886886886892       -2.8147963521565869E-003  0.39255415753458323     
   3.6986986986986992       -3.3073327390936887E-003  0.38980257555712144     
   3.7087087087087092       -4.6462484995529142E-003  0.38758576932406341     
   3.7187187187187192       -4.6231625261127585E-003  0.38682372301863799     
   3.7287287287287292       -4.2951529027709448E-003  0.38446381084999415     
   3.7387387387387392       -4.0495309429116185E-003  0.38242453406784843     
   3.7487487487487492       -4.1155678380294094E-003  0.37939439871474506     
   3.7587587587587592       -5.6498394125968849E-003  0.37685679164507491     
   3.7687687687687692       -6.7147788933188774E-003  0.37548606799534173     
   3.7787787787787792       -7.9834937989804716E-003  0.37586608028017893     
   3.7887887887887892       -5.4444536239464112E-003  0.37464951249333756     
   3.7987987987987992       -5.1670752999092929E-003  0.37095691733260755     
   3.8088088088088092       -7.9926518447766964E-003  0.36809413088897053     
   3.8188188188188192       -9.5378313575977050E-003  0.37152748349590442     
   3.8288288288288292       -5.2328761383287790E-003  0.37064664064890868     
   3.8388388388388393       -3.6260638731170688E-003  0.36737247060103950     
   3.8488488488488493       -3.1865884092795445E-003  0.36428432660967935     
   3.8588588588588593       -3.3068495943274854E-003  0.36128987901324694     
   3.8688688688688693       -4.2457980589916270E-003  0.35822061362800667     
   3.8788788788788793       -7.2621789403078214E-003  0.35634416348316400     
   3.8888888888888893       -7.2831950271118858E-003  0.35880008187291368     
   3.8988988988988993       -4.9318659884482570E-003  0.35660345301485291     
   3.9089089089089093       -5.7948470639887150E-003  0.35361271590181925     
   3.9189189189189193       -7.5655852547094858E-003  0.35470520529387189     
   3.9289289289289293       -4.5262026491843443E-003  0.35448572622534363     
   3.9389389389389393       -3.0650572095140111E-003  0.35204177425011124     
   3.9489489489489493       -2.4642392723952318E-003  0.34963387499234705     
   3.9589589589589593       -2.2689960741260648E-003  0.34741534678358121     
   3.9689689689689693       -2.3732464096192485E-003  0.34545251140484134     
   3.9789789789789793       -2.2763910017892896E-003  0.34396472440562481     
   3.9889889889889893       -1.9852341149569010E-003  0.34215802020554636     
   3.9989989989989994       -1.9181229931302119E-003  0.34030145194037864     
   4.0090090090090094       -2.0545994147975278E-003  0.33853329638533991     
   4.0190190190190194       -2.2546385518455430E-003  0.33715479451785457     
   4.0290290290290294       -1.9943749879583442E-003  0.33587557588253464     
   4.0390390390390394       -1.7297336755318254E-003  0.33424494990233738     
   4.0490490490490494       -1.6230827842956311E-003  0.33261132789211428     
   4.0590590590590594       -1.5670695363615634E-003  0.33102757591109488     
   4.0690690690690694       -1.5298349497550273E-003  0.32948328178388303     
   4.0790790790790794       -1.5008814131831554E-003  0.32797090484338759     
   4.0890890890890894       -1.4757161475300231E-003  0.32648367653102306     
   4.0990990990990994       -1.4539714381675908E-003  0.32501859818292600     
   4.1091091091091094       -1.4346033977285719E-003  0.32357379422789562     
   4.1191191191191194       -1.4172708889789052E-003  0.32214789315879777     
   4.1291291291291294       -1.4004429709565420E-003  0.32074023237383503     
   4.1391391391391394       -1.3840794232632821E-003  0.31934774375795683     
   4.1491491491491495       -1.3690338579044900E-003  0.31797029455425296     
   4.1591591591591595       -1.3549308736690896E-003  0.31660730453462499     
   4.1691691691691695       -1.3416216130440904E-003  0.31525799511995306     
   4.1791791791791795       -1.3290503016139918E-003  0.31392162515283645     
   4.1891891891891895       -1.3172019411295667E-003  0.31259747723841597     
   4.1991991991991995       -1.3060907100413241E-003  0.31128483244217631     
   4.2092092092092095       -1.2957601156327722E-003  0.30998294445663133     
   4.2192192192192195       -1.2862899152358536E-003  0.30869100970478652     
   4.2292292292292295       -1.2778112689131246E-003  0.30740812793342631     
   4.2392392392392395       -1.2705364479554634E-003  0.30613324458802427     
   4.2492492492492495       -1.2648189287014426E-003  0.30486505890636983     
   4.2592592592592595       -1.2612849107342446E-003  0.30360186536909722     
   4.2692692692692695       -1.2611548653860970E-003  0.30234126015517898     
   4.2792792792792795       -1.2671511533115425E-003  0.30107957604145952     
   4.2892892892892895       -1.2865688401828760E-003  0.29981095688096437     
   4.2992992992992995       -1.3438805959852689E-003  0.29852915838649829     
   4.3093093093093096       -1.5186605185499337E-003  0.29728879077117643     
   4.3193193193193196       -1.5862466223076231E-003  0.29634131165637240     
   4.3293293293293296       -1.4057465107573082E-003  0.29514121602565008     
   4.3393393393393396       -1.3633282846064283E-003  0.29384142386322976     
   4.3493493493493496       -1.3623513201988001E-003  0.29251995120651025     
   4.3593593593593596       -1.4083116329704774E-003  0.29115566260513248     
   4.3693693693693696       -1.5114277230573172E-003  0.28972563367068899     
   4.3793793793793796       -1.7196617329817560E-003  0.28817622318962377     
   4.3893893893893896       -2.1836306176628152E-003  0.28641474473376693     
   4.3993993993993996       -3.4366794145077855E-003  0.28436492864393742     
   4.4094094094094096       -7.1388608381785425E-003  0.28346330219817806     
   4.4194194194194196       -7.6714762246952737E-003  0.28851969142414735     
   4.4294294294294296       -3.7146552543901993E-003  0.28807523239111682     
   4.4394394394394396       -2.3527201876137422E-003  0.28594767428522672     
   4.4494494494494496       -1.9129148235181887E-003  0.28404539303186910     
   4.4594594594594597       -1.8089851356768885E-003  0.28228968633416790     
   4.4694694694694697       -1.9380672730815686E-003  0.28053110973400208     
   4.4794794794794797       -2.4547364421104089E-003  0.27863848977746875     
   4.4894894894894897       -3.9815710499982752E-003  0.27684339133008246     
   4.4994994994994997       -6.5201922473203788E-003  0.27656579971674911     
   4.5095095095095097       -6.9093681310843837E-003  0.27966858983212600     
   4.5195195195195197       -4.4354151956636527E-003  0.27879510286610354     
   4.5295295295295297       -5.0912135467692261E-003  0.27729546292289098     
   4.5395395395395397       -4.7445262754092473E-003  0.27885182223332589     
   4.5495495495495497       -2.5555775263391726E-003  0.27780393315619040     
   4.5595595595595597       -1.7492728852419770E-003  0.27611357825475130     
   4.5695695695695697       -1.4257417502111693E-003  0.27464412944103572     
   4.5795795795795797       -1.2646786996870036E-003  0.27334138346507758     
   4.5895895895895897       -1.1727663939781262E-003  0.27214201236365310     
   4.5995995995995997       -1.1174530530965439E-003  0.27100805051438714     
   4.6096096096096097       -1.0878883506598837E-003  0.26991512611025287     
   4.6196196196196198       -1.0884700833198411E-003  0.26884458495800478     
   4.6296296296296298       -1.1571542388187580E-003  0.26778960490253606     
   4.6396396396396398       -1.3557026375625762E-003  0.26689189739494595     
   4.6496496496496498       -1.3026833158894997E-003  0.26621400528701900     
   4.6596596596596598       -1.1164710942448547E-003  0.26528234330218264     
   4.6696696696696698       -1.1014572655087906E-003  0.26427517911713738     
   4.6796796796796798       -1.2244574326473663E-003  0.26341673704949131     
   4.6896896896896898       -1.1379982598634574E-003  0.26269055629446614     
   4.6996996996996998       -9.9844836852910576E-004  0.26182145610581464     
   4.7097097097097098       -9.2614858884543987E-004  0.26090198553051624     
   4.7197197197197198       -8.9323597987152369E-004  0.26000157124138257     
   4.7297297297297298       -8.7357038760993108E-004  0.25912083328742785     
   4.7397397397397398       -8.5944813926409772E-004  0.25825510496084036     
   4.7497497497497498       -8.4824994874796737E-004  0.25740141985134185     
   4.7597597597597598       -8.3892663089121962E-004  0.25655824557820028     
   4.7697697697697699       -8.3008147972140874E-004  0.25572427005576626     
   4.7797797797797799       -8.2205571099477470E-004  0.25489789790458189     
   4.7897897897897899       -8.1482194725685355E-004  0.25407891925557291     
   4.7997997997997999       -8.0815668796692093E-004  0.25326683094319136     
   4.8098098098098099       -8.0196281154912318E-004  0.25246115037806771     
   4.8198198198198199       -7.9619412445863563E-004  0.25166144420829933     
   4.8298298298298299       -7.9083261462553807E-004  0.25086730590877032     
   4.8398398398398399       -7.8588240027111910E-004  0.25007833493263315     
   4.8498498498498499       -7.8137037916581678E-004  0.24929411659847323     
   4.8598598598598599       -7.7735247819739480E-004  0.24851419888925991     
   4.8698698698698699       -7.7392826699542762E-004  0.24773806092170739     
   4.8798798798798799       -7.7127222955006595E-004  0.24696506415915270     
   4.8898898898898899       -7.6970388621552452E-004  0.24619436879367426     
   4.8998998998998999       -7.6986150234656782E-004  0.24542477831944173     
   4.9099099099099099       -7.7319652968711294E-004  0.24465443853428182     
   4.9199199199199199       -7.8365628981843757E-004  0.24388034619286347     
   4.9299299299299300       -8.1461588510543706E-004  0.24309939631566202     
   4.9399399399399400       -9.0948274299755126E-004  0.24234250043150965     
   4.9499499499499500       -9.4216807423572223E-004  0.24174658184379119     
   4.9599599599599600       -8.3827694386876385E-004  0.24101187272839880     
   4.9699699699699700       -8.0933335115240281E-004  0.24021661711809869     
   4.9799799799799800       -8.1557615390135383E-004  0.23941551378596876     
   4.9899899899899900       -8.5150444470013197E-004  0.23859981082259635     
   5.0000000000000000       -9.5086803435078145E-004  0.23777113759490684     
