  -5.0000000000000000       -4.1512113958586810E-003 -0.21098787349681752     
  -4.9899899899899900       -2.5806694094289290E-003 -0.21097694754755075     
  -4.9799799799799800       -2.2657844810430850E-003 -0.21251012211996484     
  -4.9699699699699700       -3.5182415561885042E-003 -0.21401108987712408     
  -4.9599599599599600       -5.9035251298541046E-003 -0.21293104179560857     
  -4.9499499499499500       -5.7468485255333900E-003 -0.21088931089762994     
  -4.9399399399399400       -3.3623402876904701E-003 -0.20981373804143597     
  -4.9299299299299300       -2.0061050685905831E-003 -0.21105668269436575     
  -4.9199199199199199       -1.6280530010384946E-003 -0.21186359382365613     
  -4.9099099099099099       -1.1112780620444803E-003 -0.21266902899541132     
  -4.8998998998998999       -8.7147627492930213E-004 -0.21354370833976449     
  -4.8898898898898899       -7.6045390890593534E-004 -0.21432643211673269     
  -4.8798798798798799       -6.9920666698330915E-004 -0.21504278834411494     
  -4.8698698698698699       -6.6170359418577895E-004 -0.21571662374438422     
  -4.8598598598598599       -6.3736413018096851E-004 -0.21636253779967057     
  -4.8498498498498499       -6.2113515691263825E-004 -0.21698966632164179     
  -4.8398398398398399       -6.1038950413286298E-004 -0.21760408035246737     
  -4.8298298298298299       -6.0385502791517011E-004 -0.21821011947374916     
  -4.8198198198198199       -6.0158326996671710E-004 -0.21881115162735298     
  -4.8098098098098099       -6.0680113797162026E-004 -0.21940891231421322     
  -4.7997997997997999       -6.2343135558599167E-004 -0.21998937314286984     
  -4.7897897897897899       -6.1042424865204517E-004 -0.22055943146264442     
  -4.7797797797797799       -6.0035608365801652E-004 -0.22115384989763265     
  -4.7697697697697699       -6.0026504691559587E-004 -0.22175154652260637     
  -4.7597597597597598       -6.0644008091108857E-004 -0.22235222740382266     
  -4.7497497497497498       -6.2394881176618111E-004 -0.22295807375761509     
  -4.7397397397397398       -6.7228161146537730E-004 -0.22355276849427369     
  -4.7297297297297298       -6.8506892684738329E-004 -0.22408569359929922     
  -4.7197197197197198       -6.6571644314748117E-004 -0.22468745381718272     
  -4.7097097097097098       -6.9912001267418116E-004 -0.22526846094904843     
  -4.6996996996996998       -6.6199979811247262E-004 -0.22583187014280232     
  -4.6896896896896898       -6.3595914235656118E-004 -0.22645491301577475     
  -4.6796796796796798       -6.3080496869625797E-004 -0.22708340776555352     
  -4.6696696696696698       -6.3259083206324549E-004 -0.22771380948320299     
  -4.6596596596596598       -6.3765543857870991E-004 -0.22834842779433495     
  -4.6496496496496498       -6.4526590312511528E-004 -0.22898940181015426     
  -4.6396396396396398       -6.5604183803858428E-004 -0.22963898062165339     
  -4.6296296296296298       -6.7257872909082565E-004 -0.23030014882290395     
  -4.6196196196196198       -7.0370073283903991E-004 -0.23097654460150768     
  -4.6096096096096097       -7.7949259425768452E-004 -0.23165510971313483     
  -4.5995995995995997       -8.4865453824983631E-004 -0.23223871306397853     
  -4.5895895895895897       -8.4705045084097123E-004 -0.23289847709366548     
  -4.5795795795795797       -8.8346847788766162E-004 -0.23349387814118658     
  -4.5695695695695697       -7.9996521066254440E-004 -0.23417444421176481     
  -4.5595595595595597       -7.8231281520723035E-004 -0.23493408655391781     
  -4.5495495495495497       -8.0314726917202390E-004 -0.23571398603719676     
  -4.5395395395395397       -8.5747089021020182E-004 -0.23652569508228899     
  -4.5295295295295297       -9.8293988450371219E-004 -0.23738869571536228     
  -4.5195195195195197       -1.3339274817414041E-003 -0.23826238789129300     
  -4.5095095095095097       -1.8727016426445299E-003 -0.23851491159849283     
  -4.4994994994994997       -1.3854771922353960E-003 -0.23880094599167770     
  -4.4894894894894897       -1.0962543991364601E-003 -0.23975960703605995     
  -4.4794794794794797       -1.0371211121629317E-003 -0.24076638663452096     
  -4.4694694694694697       -1.0591612024655164E-003 -0.24179094997165820     
  -4.4594594594594597       -1.1294154101091068E-003 -0.24286666971497906     
  -4.4494494494494496       -1.2510675111073596E-003 -0.24403233141287758     
  -4.4394394394394396       -1.4512228852156409E-003 -0.24534069194772198     
  -4.4294294294294296       -1.7983048791731556E-003 -0.24687669032929591     
  -4.4194194194194196       -2.4711055137319046E-003 -0.24878985875461407     
  -4.4094094094094096       -4.0241563280442429E-003 -0.25132189086028145     
  -4.3993993993993996       -8.5120783577232063E-003 -0.25422271565998106     
  -4.3893893893893896       -1.8127319438159706E-002 -0.24906542763884792     
  -4.3793793793793796       -1.1244589568232249E-002 -0.23906118628093428     
  -4.3693693693693696       -5.2745251132909994E-003 -0.24161474866177612     
  -4.3593593593593596       -3.5605804428243009E-003 -0.24488632125391960     
  -4.3493493493493496       -3.3437824695833679E-003 -0.24784705925248698     
  -4.3393393393393396       -4.3112318703069762E-003 -0.25092969177860930     
  -4.3293293293293296       -7.9790763083725149E-003 -0.25396134474929583     
  -4.3193193193193196       -1.4988996422977869E-002 -0.25042876277353376     
  -4.3093093093093096       -1.0818766455508113E-002 -0.24296687856691837     
  -4.2992992992992995       -5.5594193090912607E-003 -0.24515734611554388     
  -4.2892892892892895       -4.4441193521005664E-003 -0.24876089084034161     
  -4.2792792792792795       -5.8352824577631171E-003 -0.25234174708028606     
  -4.2692692692692695       -1.1819937818802350E-002 -0.25386060622095297     
  -4.2592592592592595       -1.4116958300576408E-002 -0.24444079234838734     
  -4.2492492492492495       -6.4123771453448754E-003 -0.24295224937821369     
  -4.2392392392392395       -3.3344251098856650E-003 -0.24573940894697638     
  -4.2292292292292295       -2.2194326110801881E-003 -0.24803950987377346     
  -4.2192192192192195       -1.7155091224205490E-003 -0.24985073632301233     
  -4.2092092092092095       -1.4478399665470037E-003 -0.25136741804399981     
  -4.1991991991991995       -1.2899122663615108E-003 -0.25270454778916834     
  -4.1891891891891895       -1.1906135104106698E-003 -0.25392726856077052     
  -4.1791791791791795       -1.1268647024547992E-003 -0.25507488916976989     
  -4.1691691691691695       -1.0888445693161299E-003 -0.25617343836605039     
  -4.1591591591591595       -1.0779863979812981E-003 -0.25724204226321079     
  -4.1491491491491495       -1.1211661986669206E-003 -0.25828521535838850     
  -4.1391391391391394       -1.2218451216398825E-003 -0.25918514725212005     
  -4.1291291291291294       -1.1373658206769994E-003 -0.26006226446252106     
  -4.1191191191191194       -1.0865843208975464E-003 -0.26099534586259926     
  -4.1091091091091094       -1.0159082463653615E-003 -0.26196471774454361     
  -4.0990990990990994       -9.8763044958740179E-004 -0.26295095926952278     
  -4.0890890890890894       -9.7766695301656744E-004 -0.26392964305488753     
  -4.0790790790790794       -9.7536502372552692E-004 -0.26490474718551621     
  -4.0690690690690694       -9.7762522563017923E-004 -0.26588055386880249     
  -4.0590590590590594       -9.8363684866854231E-004 -0.26686056921016721     
  -4.0490490490490494       -9.9385407455640160E-004 -0.26784819025838258     
  -4.0390390390390394       -1.0106231542366976E-003 -0.26884743319885718     
  -4.0290290290290294       -1.0419667171132840E-003 -0.26986326947859396     
  -4.0190190190190194       -1.1167330614382561E-003 -0.27088984267136618     
  -4.0090090090090094       -1.2200688964577131E-003 -0.27182237229045497     
  -3.9989989989989989       -1.2072491230050164E-003 -0.27280730351273225     
  -3.9889889889889889       -1.3059472347643046E-003 -0.27377190327788253     
  -3.9789789789789789       -1.2094957458625036E-003 -0.27470234295872675     
  -3.9689689689689689       -1.1471076446797096E-003 -0.27580746813287915     
  -3.9589589589589589       -1.1452633852433100E-003 -0.27693808541033321     
  -3.9489489489489489       -1.1671479128289731E-003 -0.27808758839699232     
  -3.9389389389389389       -1.2063112900947361E-003 -0.27926749751372093     
  -3.9289289289289289       -1.2693298567762264E-003 -0.28049245840629933     
  -3.9189189189189189       -1.3826902342490217E-003 -0.28178292618625483     
  -3.9089089089089089       -1.6419095131723258E-003 -0.28314807518987689     
  -3.8988988988988988       -2.2294816420676601E-003 -0.28427234041144872     
  -3.8888888888888888       -2.1942628005208460E-003 -0.28506854967714523     
  -3.8788788788788788       -2.4089065045872840E-003 -0.28655455079125497     
  -3.8688688688688688       -2.9741553796956048E-003 -0.28715002677244361     
  -3.8588588588588588       -2.2679175494657610E-003 -0.28817560777766799     
  -3.8488488488488488       -2.0997380659646459E-003 -0.28998627178507835     
  -3.8388388388388388       -2.4881086339348228E-003 -0.29178893804598449     
  -3.8288288288288288       -2.8669701457572452E-003 -0.29286628277396659     
  -3.8188188188188188       -2.4702883938811106E-003 -0.29457992583674958     
  -3.8088088088088088       -2.5109753761504059E-003 -0.29686229853062868     
  -3.7987987987987988       -2.8533369050192489E-003 -0.29942509532214845     
  -3.7887887887887888       -3.5256031185764316E-003 -0.30243257086349029     
  -3.7787787787787788       -4.8349852607326516E-003 -0.30618904201556862     
  -3.7687687687687688       -7.8026183638157647E-003 -0.31114579358017008     
  -3.7587587587587588       -1.5999759403072796E-002 -0.31647774957468333     
  -3.7487487487487487       -2.8616728818138974E-002 -0.31084976615809595     
  -3.7387387387387387       -3.3433759266296825E-002 -0.29878552351833948     
  -3.7287287287287287       -2.0559770721765392E-002 -0.29014620416834519     
  -3.7187187187187187       -1.5854907427510539E-002 -0.29765687423450682     
  -3.7087087087087087       -2.2275280015042410E-002 -0.29783544949553259     
  -3.6986986986986987       -1.5427342213450069E-002 -0.29235546047474931     
  -3.6886886886886887       -1.1146359751758376E-002 -0.29876768119194436     
  -3.6786786786786787       -1.5113739959419430E-002 -0.30397799319223989     
  -3.6686686686686687       -1.6117367884633756E-002 -0.29945689194234149     
  -3.6586586586586587       -1.1017743690486108E-002 -0.30384735118283401     
  -3.6486486486486487       -1.2376588501321277E-002 -0.31234373097637563     
  -3.6386386386386387       -2.2191487073010111E-002 -0.32194947866526552     
  -3.6286286286286287       -4.8567219787865552E-002 -0.31711009801796131     
  -3.6186186186186187       -5.0451851929167277E-002 -0.28201008295706842     
  -3.6086086086086087       -2.3359883471663626E-002 -0.27277957421290705     
  -3.5985985985985987       -1.1056623385993615E-002 -0.28112499016643011     
  -3.5885885885885886       -6.7042021837250727E-003 -0.28803478492009704     
  -3.5785785785785786       -4.8671749429540908E-003 -0.29314987004546167     
  -3.5685685685685686       -4.1484726888060585E-003 -0.29722644671276699     
  -3.5585585585585586       -4.4671208843527635E-003 -0.30042027249515324     
  -3.5485485485485486       -4.5012473446297604E-003 -0.30151932488083538     
  -3.5385385385385386       -3.1062887864747521E-003 -0.30359643026945476     
  -3.5285285285285286       -2.5028979432422226E-003 -0.30608687531427153     
  -3.5185185185185186       -2.2286689927962550E-003 -0.30836937249206992     
  -3.5085085085085086       -2.0796189747700543E-003 -0.31048730442920575     
  -3.4984984984984986       -2.0057147891277540E-003 -0.31249515416215368     
  -3.4884884884884886       -2.0115107096836862E-003 -0.31438408767205356     
  -3.4784784784784786       -1.9370190204942499E-003 -0.31613503726336389     
  -3.4684684684684686       -1.8449103248099204E-003 -0.31795714312646900     
  -3.4584584584584586       -1.8052389196008235E-003 -0.31976782840088058     
  -3.4484484484484486       -1.7885824362627659E-003 -0.32155903303873062     
  -3.4384384384384385       -1.7876088977459878E-003 -0.32334184130158244     
  -3.4284284284284285       -1.8075674804509114E-003 -0.32512586963282097     
  -3.4184184184184185       -1.8738413771725347E-003 -0.32689517055094314     
  -3.4084084084084085       -1.8960586453513992E-003 -0.32857881294825803     
  -3.3983983983983985       -1.8534983931719209E-003 -0.33036746081310592     
  -3.3883883883883881       -1.8628732236033612E-003 -0.33220717503030561     
  -3.3783783783783781       -1.9064362240444170E-003 -0.33407558967035367     
  -3.3683683683683681       -2.0066678051226354E-003 -0.33596746688298079     
  -3.3583583583583581       -2.1211363736821877E-003 -0.33777158927580703     
  -3.3483483483483480       -2.0942412627521514E-003 -0.33969319211955057     
  -3.3383383383383380       -2.1576011477526511E-003 -0.34176741894974427     
  -3.3283283283283280       -2.3289355145457743E-003 -0.34394953157353492     
  -3.3183183183183180       -2.7348087303984397E-003 -0.34628018100382557     
  -3.3083083083083080       -3.8833789632950100E-003 -0.34850679197755186     
  -3.2982982982982980       -4.8675322429661159E-003 -0.34869838513468970     
  -3.2882882882882880       -3.4146813936065247E-003 -0.35011207565392816     
  -3.2782782782782780       -2.8586632239017708E-003 -0.35275228902654487     
  -3.2682682682682680       -2.7712523607751069E-003 -0.35544644877924808     
  -3.2582582582582580       -2.8692955284592039E-003 -0.35820546456608920     
  -3.2482482482482480       -3.1183834339791527E-003 -0.36112525595364481     
  -3.2382382382382380       -3.6206263043518949E-003 -0.36432596750024243     
  -3.2282282282282280       -4.7936200368022749E-003 -0.36792399131451614     
  -3.2182182182182180       -7.8855934580407735E-003 -0.37099500612072028     
  -3.2082082082082080       -1.0345189933857699E-002 -0.37053024927691647     
  -3.1981981981981980       -8.8035981669022500E-003 -0.36950399067644263     
  -3.1881881881881879       -5.9131012062362204E-003 -0.37314859409253570     
  -3.1781781781781779       -5.2390253166854171E-003 -0.37800426243189489     
  -3.1681681681681679       -5.4531586931978798E-003 -0.38308148204332332     
  -3.1581581581581579       -6.2223314489992408E-003 -0.38867963868919025     
  -3.1481481481481479       -7.6983369685658430E-003 -0.39524597392961552     
  -3.1381381381381379       -1.0554333640257534E-002 -0.40345714899452623     
  -3.1281281281281279       -1.6977557880035035E-002 -0.41428486971704864     
  -3.1181181181181179       -3.4417027438413024E-002 -0.42580795334166238     
  -3.1081081081081079       -6.1497576826761553E-002 -0.41663902504839917     
  -3.0980980980980979       -6.7603694860670568E-002 -0.38560636116700925     
  -3.0880880880880879       -4.7239475084899896E-002 -0.38564858031360860     
  -3.0780780780780779       -5.9382736170259326E-002 -0.38524690102227244     
  -3.0680680680680679       -4.2093367389786439E-002 -0.37167653262211742     
  -3.0580580580580579       -3.6046571430617472E-002 -0.38663836368186177     
  -3.0480480480480479       -4.3707930293490939E-002 -0.38230565630248992     
  -3.0380380380380378       -2.7595340043704942E-002 -0.38478521564209583     
  -3.0280280280280278       -2.3116433665148005E-002 -0.40265895410914587     
  -3.0180180180180178       -2.9276613226820288E-002 -0.42349131354196290     
  -3.0080080080080078       -5.2622132175755718E-002 -0.44612616379016473     
  -2.9979979979979978       -9.4503614786334691E-002 -0.44078436432550533     
  -2.9879879879879878      -0.12994560463414787      -0.43408253394083185     
  -2.9779779779779778      -0.16631893055758909      -0.35842776709692131     
  -2.9679679679679678      -0.12187847543067737      -0.28912206029012427     
  -2.9579579579579578       -5.3616879299554110E-002 -0.29325296883973134     
  -2.9479479479479478       -2.8139948708946018E-002 -0.31850654349192814     
  -2.9379379379379378       -1.9333391488505922E-002 -0.33765180490807412     
  -2.9279279279279278       -1.8503476681472633E-002 -0.35171992116046746     
  -2.9179179179179178       -2.1839693092905243E-002 -0.35464531188380771     
  -2.9079079079079078       -1.3575935086388432E-002 -0.35693566724011005     
  -2.8978978978978978       -8.9060407354925267E-003 -0.36509368537588405     
  -2.8878878878878878       -6.9734764091756952E-003 -0.37233594196625247     
  -2.8778778778778777       -5.9637074192115782E-003 -0.37856017174569351     
  -2.8678678678678677       -5.3530438990359542E-003 -0.38410365537588748     
  -2.8578578578578577       -4.9589971799165041E-003 -0.38919251866179849     
  -2.8478478478478477       -4.7117994056140025E-003 -0.39397359660999964     
  -2.8378378378378377       -4.6154280268618760E-003 -0.39853508367144086     
  -2.8278278278278277       -4.6844058477461892E-003 -0.40275287947573107     
  -2.8178178178178177       -4.4386867188144618E-003 -0.40678380884612303     
  -2.8078078078078077       -4.2705910295064457E-003 -0.41100953121012074     
  -2.7977977977977977       -4.2398531549739746E-003 -0.41521525966624084     
  -2.7877877877877877       -4.3328175860100028E-003 -0.41937707531115881     
  -2.7777777777777777       -4.4147398104105564E-003 -0.42334478107573714     
  -2.7677677677677677       -4.3218681372731967E-003 -0.42748714010099081     
  -2.7577577577577577       -4.3433089675063586E-003 -0.43177396572792853     
  -2.7477477477477477       -4.4317864629091685E-003 -0.43614271316438086     
  -2.7377377377377377       -4.5711362945219701E-003 -0.44062603265588490     
  -2.7277277277277276       -4.7733390568224111E-003 -0.44526944191119366     
  -2.7177177177177176       -5.0838824362862949E-003 -0.45013155660777410     
  -2.7077077077077076       -5.6509000071952031E-003 -0.45524915926806281     
  -2.6976976976976976       -6.5576186776699049E-003 -0.46020775782942069     
  -2.6876876876876876       -6.8634174348719008E-003 -0.46562376938786132     
  -2.6776776776776776       -7.9574625866237810E-003 -0.47236130760288469     
  -2.6676676676676676       -1.1031182978483135E-002 -0.48021688052647926     
  -2.6576576576576576       -1.9851870489051304E-002 -0.48719695448935274     
  -2.6476476476476476       -2.9379686708848413E-002 -0.48079458974758638     
  -2.6376376376376376       -2.0941364940965629E-002 -0.47398922027467316     
  -2.6276276276276276       -1.2670730434395575E-002 -0.48199445987984041     
  -2.6176176176176176       -1.0463940242295610E-002 -0.49180457627838597     
  -2.6076076076076076       -1.0528695800334454E-002 -0.50157044399072814     
  -2.5975975975975976       -1.2297780160383695E-002 -0.51202535820597261     
  -2.5875875875875876       -1.7550399322107738E-002 -0.52371205714290059     
  -2.5775775775775776       -3.1266732140834697E-002 -0.53059423860677968     
  -2.5675675675675675       -3.4509235812494217E-002 -0.52576965873499781     
  -2.5575575575575575       -3.8211400491361604E-002 -0.52518607906725157     
  -2.5475475475475475       -2.6681223404862058E-002 -0.52651403206335756     
  -2.5375375375375375       -2.3930041226611572E-002 -0.54211129426904736     
  -2.5275275275275275       -3.1416619093184960E-002 -0.55029960140612000     
  -2.5175175175175175       -2.4960677769960738E-002 -0.55464961906191779     
  -2.5075075075075075       -2.1089507366045011E-002 -0.57182286497043322     
  -2.4974974974974975       -2.3079560568304930E-002 -0.59140639501631664     
  -2.4874874874874875       -3.0131857202650221E-002 -0.61087260402118548     
  -2.4774774774774775       -3.4095342303197045E-002 -0.62956165450217172     
  -2.4674674674674675       -4.0765923258865681E-002 -0.66065208849908041     
  -2.4574574574574575       -5.9858157142127451E-002 -0.70307367627854289     
  -2.4474474474474475      -0.10897920514208624      -0.76097369984668639     
  -2.4374374374374375      -0.25258554830116842      -0.80021448067155632     
  -2.4274274274274275      -0.38708413459240948      -0.58783616996840882     
  -2.4174174174174174      -0.20301404461276404      -0.48469963539674937     
  -2.4074074074074074      -0.12415083776030593      -0.56265963395812679     
  -2.3973973973973974      -0.13544770568048453      -0.63053380294871286     
  -2.3873873873873874      -0.13903452428300861      -0.65610549935182072     
  -2.3773773773773774      -0.15156068318697818      -0.74415415566370069     
  -2.3673673673673674      -0.26799215185881903      -0.85395456552109139     
  -2.3573573573573574      -0.51725065892121447      -0.80725014269852469     
  -2.3473473473473474      -0.63030856144508629      -0.59829540329139241     
  -2.3373373373373374      -0.49569559399205426      -0.32868478022579228     
  -2.3273273273273274      -0.28684551903136501      -0.41123628720825500     
  -2.3173173173173174      -0.31369485000268060      -0.58254495726126942     
  -2.3073073073073074      -0.58023932011722557      -0.61762372504956109     
  -2.2972972972972974      -0.72836988195818764      -0.23976087770704130     
  -2.2872872872872874      -0.39857609561917956       -1.4192160421220342E-002
  -2.2772772772772774      -0.19521017772499216      -0.12356228052999181     
  -2.2672672672672673      -0.15203691658437493      -0.23956023613330613     
  -2.2572572572572573      -0.21300440916758398      -0.28992890861987197     
  -2.2472472472472473      -0.19138810452382574      -0.18857584174594638     
  -2.2372372372372373       -9.0444757784852226E-002 -0.21425575593258148     
  -2.2272272272272273       -5.2781177530570371E-002 -0.26514928442739355     
  -2.2172172172172173       -3.7259898695685349E-002 -0.30450569321641724     
  -2.2072072072072073       -2.9765055925992826E-002 -0.33480220942153732     
  -2.1971971971971973       -2.4798301648914913E-002 -0.35927022921181151     
  -2.1871871871871873       -2.2321588261804994E-002 -0.38104460401747664     
  -2.1771771771771773       -2.2905976623871612E-002 -0.39845059885435752     
  -2.1671671671671673       -2.0055837531658492E-002 -0.41176601542977442     
  -2.1571571571571573       -1.8053637487108722E-002 -0.42782256634392568     
  -2.1471471471471473       -2.0083616826772049E-002 -0.44150460447445894     
  -2.1371371371371373       -1.8456188990041027E-002 -0.44936634909830747     
  -2.1271271271271273       -1.4567789644240874E-002 -0.46195746017973299     
  -2.1171171171171173       -1.3141433003939385E-002 -0.47502530557188971     
  -2.1071071071071072       -1.2825423906698403E-002 -0.48752849735776577     
  -2.0970970970970972       -1.3664809007355732E-002 -0.49911087539414123     
  -2.0870870870870872       -1.3448781186569525E-002 -0.50862454137668700     
  -2.0770770770770772       -1.2344581893537637E-002 -0.51980269173407700     
  -2.0670670670670672       -1.2079980730699899E-002 -0.53105688862918321     
  -2.0570570570570572       -1.2081067580030953E-002 -0.54244696055979602     
  -2.0470470470470472       -1.2251176751781716E-002 -0.55348872246457492     
  -2.0370370370370372       -1.2127263588233879E-002 -0.56508152291493552     
  -2.0270270270270272       -1.2419201286849457E-002 -0.57717566072272231     
  -2.0170170170170172       -1.3126803587377176E-002 -0.58974510268207525     
  -2.0070070070070072       -1.5058083199951309E-002 -0.60310678470167012     
  -1.9969969969969972       -1.8555508094758342E-002 -0.61242897686076070     
  -1.9869869869869872       -1.6095043514164215E-002 -0.62410744509460037     
  -1.9769769769769772       -1.5677611742060029E-002 -0.63897430040410708     
  -1.9669669669669672       -1.6363343227220255E-002 -0.65467704851536068     
  -1.9569569569569571       -1.7689263425092246E-002 -0.67144445206801695     
  -1.9469469469469471       -1.9793950256216483E-002 -0.68976515063703170     
  -1.9369369369369371       -2.3415523706024854E-002 -0.71034070675792393     
  -1.9269269269269271       -3.1161915124691325E-002 -0.73388497622434046     
  -1.9169169169169171       -5.1174050930530027E-002 -0.75442722322429367     
  -1.9069069069069071       -5.9697755443523751E-002 -0.74898627453889699     
  -1.8968968968968971       -5.0176449916177583E-002 -0.76838076636453090     
  -1.8868868868868871       -4.6523727476988394E-002 -0.79048587150557914     
  -1.8768768768768771       -4.3190688803369008E-002 -0.82588844996987032     
  -1.8668668668668671       -4.8044522500552855E-002 -0.86829504093539656     
  -1.8568568568568571       -6.0279599963766674E-002 -0.91769670622857957     
  -1.8468468468468471       -8.4234629999826255E-002 -0.97143415583132053     
  -1.8368368368368371      -0.10553993726603933       -1.0332693850101822     
  -1.8268268268268271      -0.15241271368847975       -1.1327890192861927     
  -1.8168168168168171      -0.27165480332735575       -1.2488001619123978     
  -1.8068068068068071      -0.50235823013391334       -1.3091452171781857     
  -1.7967967967967970      -0.72348951765819414       -1.2279515645354946     
  -1.7867867867867866      -0.96494814865015066       -1.0412209795013947     
  -1.7767767767767766       -1.0005022810094253      -0.64936165981056593     
  -1.7667667667667666      -0.67807033753565293      -0.41960562782091765     
  -1.7567567567567566      -0.42549155223109808      -0.60310412497513344     
  -1.7467467467467466      -0.49485227682849731      -0.86099166001217398     
  -1.7367367367367366      -0.82855599360445287      -0.88269729804332187     
  -1.7267267267267266      -0.97814560753139601      -0.54444541179309680     
  -1.7167167167167166      -0.76933293865278740      -0.25013991171763644     
  -1.7067067067067065      -0.45460890694076661      -0.34744155908739294     
  -1.6966966966966965      -0.45028184885225020      -0.61290329959149448     
  -1.6866866866866865      -0.76295555200734344      -0.73087974674776968     
  -1.6766766766766765       -1.0424869351931505      -0.39935667722457435     
  -1.6666666666666665      -0.86186636160237073        4.1525651546075751E-002
  -1.6566566566566565      -0.49057146491543524        5.9245176247360032E-002
  -1.6466466466466465      -0.34939212131234021       -4.0726570680634094E-003
  -1.6366366366366365      -0.21544704150563748      -0.11198273652162391     
  -1.6266266266266265      -0.21172684576465478      -0.23697800776318464     
  -1.6166166166166165      -0.27891072869816758      -0.20922985879334802     
  -1.6066066066066065      -0.15871064997533660      -0.17329782730238144     
  -1.5965965965965965       -8.7624954864800667E-002 -0.24430137860004203     
  -1.5865865865865865       -6.0429378425019907E-002 -0.30717370241985342     
  -1.5765765765765765       -4.7286401510787890E-002 -0.35737710373548803     
  -1.5665665665665665       -3.9850587887032746E-002 -0.39926336712486871     
  -1.5565565565565564       -3.5556102098357918E-002 -0.43555132235757787     
  -1.5465465465465464       -3.2625234666894133E-002 -0.46709897354990620     
  -1.5365365365365364       -2.9787481863227789E-002 -0.49682866590019575     
  -1.5265265265265264       -2.8280478584499211E-002 -0.52520849146262905     
  -1.5165165165165164       -2.7801055164428649E-002 -0.55257974802016918     
  -1.5065065065065064       -2.9147830646031065E-002 -0.57964127125284204     
  -1.4964964964964964       -3.5111358416497561E-002 -0.60492891785700109     
  -1.4864864864864864       -4.1296676460820060E-002 -0.61975538943209452     
  -1.4764764764764764       -3.4244380754839168E-002 -0.63453537284489625     
  -1.4664664664664664       -2.8445043806501678E-002 -0.65986967422236031     
  -1.4564564564564564       -2.7421580722969928E-002 -0.68600542759163496     
  -1.4464464464464464       -2.8105738566569238E-002 -0.71051772360637633     
  -1.4364364364364364       -2.7507712421530515E-002 -0.73570954315155423     
  -1.4264264264264264       -2.8254908643864915E-002 -0.76257288920802235     
  -1.4164164164164164       -3.0045537344172903E-002 -0.78945659071643748     
  -1.4064064064064064       -3.1479508032595103E-002 -0.81769318643336109     
  -1.3963963963963963       -3.3810033448292066E-002 -0.84657987951110580     
  -1.3863863863863863       -3.4857062577951917E-002 -0.87822605699335765     
  -1.3763763763763763       -3.7612720943321555E-002 -0.91347209131183138     
  -1.3663663663663663       -4.2794266655120004E-002 -0.95177338417190260     
  -1.3563563563563563       -5.1372422497764927E-002 -0.99058191765534387     
  -1.3463463463463463       -5.8184839713903820E-002  -1.0315191326469353     
  -1.3363363363363363       -6.0474753902190294E-002  -1.0712334818529035     
  -1.3263263263263263       -6.1984829881414565E-002  -1.1398314604679780     
  -1.3163163163163163       -7.9785572337467067E-002  -1.2121901227527121     
  -1.3063063063063063      -0.10661549576156663       -1.2976123776552508     
  -1.2962962962962963      -0.15762230042785555       -1.3943384473221516     
  -1.2862862862862863      -0.21914415096601067       -1.5017569136115594     
  -1.2762762762762763      -0.36120371550967001       -1.6378614018487831     
  -1.2662662662662663      -0.56875035297766652       -1.6817512670669266     
  -1.2562562562562563      -0.74905111598562824       -1.6564327613704501     
  -1.2462462462462462      -0.89991105420639683       -1.6039966279532181     
  -1.2362362362362362       -1.0303485549995872       -1.5372828436402384     
  -1.2262262262262262       -1.1457225806486937       -1.4605509111853785     
  -1.2162162162162162       -1.2504162380210786       -1.3755972823639608     
  -1.2062062062062062       -1.3464207115162088       -1.2808809951371796     
  -1.1961961961961962       -1.4341674686321177       -1.1755305646772871     
  -1.1861861861861862       -1.5136177082390232       -1.0576580139894636     
  -1.1761761761761762       -1.5835202758485289      -0.92484241065308004     
  -1.1661661661661662       -1.6417718948084161      -0.77180203560249050     
  -1.1561561561561562       -1.6773321578484162      -0.59077863152062748     
  -1.1461461461461462       -1.6599643088066962      -0.38595808255311065     
  -1.1361361361361362       -1.6018771361283524      -0.22131457263988866     
  -1.1261261261261262       -1.5563338593038571        3.6476665893455302E-003
  -1.1161161161161162       -1.3260226665104409       0.26344110683461319     
  -1.1061061061061062      -0.92369293637229588       0.25702858448787136     
  -1.0960960960960962      -0.80654431786848690       -1.6055266587046174E-002
  -1.0860860860860861       -1.0237744553770518       -1.6105005634051563E-002
  -1.0760760760760761      -0.86124365874264852       0.25805494407830487     
  -1.0660660660660661      -0.62162823147934154       0.11038443656252776     
  -1.0560560560560561      -0.75747716292757639        8.8636580388846767E-002
  -1.0460460460460461      -0.55408885293543841       0.32033110048776237     
  -1.0360360360360361      -0.28409939388180500       0.19551844326349138     
  -1.0260260260260261      -0.20250813283604210        2.5484492583270599E-002
  -1.0160160160160161      -0.21107751697291988       -6.4904143340674583E-002
  -1.0060060060060061      -0.14964410133480155       -9.6851698063829955E-002
 -0.99599599599599564       -9.8995312313005346E-002 -0.18440428228817729     
 -0.98598598598598564       -7.7608815762962677E-002 -0.26481917904751190     
 -0.97597597597597563       -6.6388556054938597E-002 -0.33411898782460464     
 -0.96596596596596562       -5.9576609509360459E-002 -0.39582653633543141     
 -0.95595595595595562       -5.5173712540353768E-002 -0.45246465909587286     
 -0.94594594594594561       -5.2321420133013670E-002 -0.50572022142266926     
 -0.93593593593593560       -5.0606395952627239E-002 -0.55680863130469505     
 -0.92592592592592560       -4.9848603789628763E-002 -0.60669070755777410     
 -0.91591591591591559       -5.0091832770043608E-002 -0.65619069944340336     
 -0.90590590590590558       -5.1858065413386001E-002 -0.70576173123954755     
 -0.89589589589589558       -5.4246887537749131E-002 -0.75400182910229285     
 -0.88588588588588557       -5.4924238614587610E-002 -0.80529736898473969     
 -0.87587587587587556       -5.7897366915859005E-002 -0.86055542435584642     
 -0.86586586586586556       -6.3550855670088904E-002 -0.91986787216743660     
 -0.85585585585585555       -7.4200760517698444E-002 -0.98486633524005052     
 -0.84584584584584555       -9.6605304531385452E-002  -1.0527281907054713     
 -0.83583583583583554      -0.12710815096977332       -1.1148388534734506     
 -0.82582582582582553      -0.15266490479460146       -1.1487689043837868     
 -0.81581581581581553      -0.13335938705714126       -1.2265237013875487     
 -0.80580580580580552      -0.14975011879928088       -1.3481618581269326     
 -0.79579579579579551      -0.21079819483558668       -1.4956129515453007     
 -0.78578578578578551      -0.36096889425022322       -1.6381484561972894     
 -0.77577577577577550      -0.55101176251826889       -1.6778518550653079     
 -0.76576576576576549      -0.69925786490563369       -1.6798075201980054     
 -0.75575575575575549      -0.83930153017317233       -1.6575017063507198     
 -0.74574574574574548      -0.95669506500706403       -1.6170280752742225     
 -0.73573573573573547       -1.0561426143168013       -1.5700437890660570     
 -0.72572572572572547       -1.1425629790486536       -1.5201272157981816     
 -0.71571571571571546       -1.2190729344569189       -1.4686110072805931     
 -0.70570570570570545       -1.2877298629940490       -1.4160755747186562     
 -0.69569569569569545       -1.3499697365772019       -1.3627792653240869     
 -0.68568568568568544       -1.4068383704716585       -1.3088173880392424     
 -0.67567567567567544       -1.4591211829255240       -1.2541916507270252     
 -0.66566566566566543       -1.5074207271674023       -1.1988435898005003     
 -0.65565565565565542       -1.5522053111742171       -1.1426712947881981     
 -0.64564564564564542       -1.5938404706296081       -1.0855374039985013     
 -0.63563563563563541       -1.6326095727179761       -1.0272719881361971     
 -0.62562562562562540       -1.6687270279574786      -0.96767198117439712     
 -0.61561561561561540       -1.7023459827283012      -0.90649784670755384     
 -0.60560560560560539       -1.7335613289003486      -0.84346753867553459     
 -0.59559559559559538       -1.7624079092894240      -0.77824723252669092     
 -0.58558558558558538       -1.7888522534197475      -0.71043744629109007     
 -0.57557557557557537       -1.8127716057647538      -0.63955164611249948     
 -0.56556556556556536       -1.8338934027519245      -0.56498528670547410     
 -0.55555555555555536       -1.8515645005443493      -0.48606370548016503     
 -0.54554554554554535       -1.8648872271933996      -0.40330596452858497     
 -0.53553553553553535       -1.8763697704891062      -0.31520188406264249     
 -0.52552552552552534       -1.8824824250433665      -0.21804973807617734     
 -0.51551551551551533       -1.8810440009497527      -0.11169666311782570     
 -0.50550550550550533       -1.8696356424936746        5.8204314781871332E-003
 -0.49549549549549532       -1.8436150354724008       0.13722184003430885     
 -0.48548548548548531       -1.7939197926079320       0.28522818532503796     
 -0.47547547547547531       -1.7022210821852315       0.44537490778094446     
 -0.46546546546546530       -1.5740971503756136       0.59134992463100688     
 -0.45545545545545529       -1.3827251065843975       0.77693582757901669     
 -0.44544544544544529       -1.0081499238742260       0.88357335634320600     
 -0.43543543543543528      -0.61186904749906879       0.66747977739278208     
 -0.42542542542542527      -0.52492484463801470       0.29887512620527124     
 -0.41541541541541527      -0.76935515809133115        8.3928350545527428E-002
 -0.40540540540540526      -0.92930120548112682       0.37951186447861868     
 -0.39539539539539525      -0.57092627985304734       0.55789015745768400     
 -0.38538538538538525      -0.29920359130486107       0.37121071466545941     
 -0.37537537537537524      -0.19931324466179315       0.17131857495586189     
 -0.36536536536536524      -0.15683649253299653        7.8536453208587504E-003
 -0.35535535535535523      -0.13607364207932474      -0.13251969845870873     
 -0.34534534534534522      -0.12596154601769008      -0.26024041030018824     
 -0.33533533533533522      -0.12252284734054689      -0.38218277009089635     
 -0.32532532532532521      -0.12446236559051450      -0.50357478053755389     
 -0.31531531531531520      -0.13202755702332764      -0.62930372456788397     
 -0.30530530530530520      -0.14713658129844293      -0.76502802537697767     
 -0.29529529529529519      -0.17496948324889267      -0.91858965348530242     
 -0.28528528528528518      -0.22999267419229069       -1.1016984269668550     
 -0.27527527527527518      -0.35843436171910414       -1.3206580968132766     
 -0.26526526526526517      -0.62455263540278205       -1.4803401457475294     
 -0.25525525525525516      -0.89600868113371668       -1.4846312468323690     
 -0.24524524524524516       -1.0984770579299552       -1.4240053289838710     
 -0.23523523523523515       -1.2499526177529816       -1.3457173336818637     
 -0.22522522522522515       -1.3672921441909318       -1.2637290782358317     
 -0.21521521521521514       -1.4608833732609872       -1.1825118108335246     
 -0.20520520520520513       -1.5372073359079155       -1.1033834327574683     
 -0.19519519519519513       -1.6004253296281763       -1.0263377151087141     
 -0.18518518518518512       -1.6530977564653435      -0.95051695365051170     
 -0.17517517517517511       -1.6960181951185322      -0.87398924144461621     
 -0.16516516516516511       -1.7253023544321262      -0.79315236924763255     
 -0.15515515515515510       -1.7179426929354245      -0.71355312799338788     
 -0.14514514514514509       -1.6997654186516522      -0.71799191955481201     
 -0.13513513513513509       -1.7682572127877789      -0.69751086752677383     
 -0.12512512512512508       -1.8141661192024638      -0.63775070917887777     
 -0.11511511511511507       -1.8424325644737902      -0.57617787003602405     
 -0.10510510510510507       -1.8586339715652118      -0.51853678064450048     
  -9.5095095095095061E-002  -1.8748089458375894      -0.47312731090509341     
  -8.5085085085085055E-002  -1.8951352557632455      -0.42189498017380661     
  -7.5075075075075048E-002  -1.9098362204076942      -0.36926347227702938     
  -6.5065065065065042E-002  -1.9211833965539817      -0.31781682031488584     
  -5.5055055055055035E-002  -1.9302575282602135      -0.26744622205101942     
  -4.5045045045045029E-002  -1.9374920848870114      -0.21789979818568711     
  -3.5035035035035023E-002  -1.9431042759730170      -0.16896993781785610     
  -2.5025025025025016E-002  -1.9472163642929186      -0.12048586378909140     
  -1.5015015015015010E-002  -1.9498863579420860       -7.2301865297773743E-002
  -5.0050050050050032E-003  -1.9510988044119664       -2.4350308300886837E-002
   5.0050050050050032E-003  -1.9511107837746551        2.3327931665258362E-002
   1.5015015015015010E-002  -1.9499234817946185        7.1279927511609664E-002
   2.5025025025025016E-002  -1.9472785952707157       0.11946573318960571     
   3.5035035035035023E-002  -1.9431916038755672       0.16795261322035818     
   4.5045045045045029E-002  -1.9376046041112247       0.21688632970084887     
   5.5055055055055035E-002  -1.9303954060219990       0.26643777947101455     
   6.5065065065065042E-002  -1.9213469128187686       0.31681475246795293     
   7.5075075075075048E-002  -1.9100259375895461       0.36826946477980432     
   8.5085085085085055E-002  -1.8953525557356050       0.42091196482280896     
   9.5095095095095061E-002  -1.8750525262546296       0.47216572817136931     
  0.10510510510510507       -1.8588836499031522       0.51758305180919828     
  0.11511511511511507       -1.8427184723731860       0.57523144357575007     
  0.12512512512512508       -1.8144896390732705       0.63682889851836788     
  0.13513513513513509       -1.7686316030334805       0.69664388392742926     
  0.14514514514514509       -1.7000840661417480       0.71731313399705554     
  0.15515515515515510       -1.7180867069339654       0.71265897983349480     
  0.16516516516516511       -1.7256113536317303       0.79223770394219595     
  0.17517517517517511       -1.6963787571885987       0.87314435487595476     
  0.18518518518518512       -1.6534696793371328       0.94973988777978346     
  0.19519519519519513       -1.6007875738044008        1.0256307864330647     
  0.20520520520520513       -1.5375377591097175        1.1027537615580689     
  0.21521521521521514       -1.4611511266082133        1.1819687671148418     
  0.22522522522522515       -1.3674500867530250        1.2632809303869199     
  0.23523523523523515       -1.2499250825811232        1.3453632657957086     
  0.24524524524524516       -1.0981379480033870        1.4237108735581481     
  0.25525525525525516      -0.89515267195964721        1.4842388845933132     
  0.26526526526526517      -0.62306204389293296        1.4792521275517054     
  0.27527527527527518      -0.35742126756353937        1.3184421360986347     
  0.28528528528528518      -0.22966914563676821        1.0994298519404688     
  0.29529529529529519      -0.17489543105875180       0.91639092821832491     
  0.30530530530530520      -0.14717727123819455       0.76281456492440114     
  0.31531531531531520      -0.13214546610395411       0.62700329940319433     
  0.32532532532532521      -0.12465299722401929       0.50112228226321331     
  0.33533533533533522      -0.12280141119147144       0.37950618569784694     
  0.34534534534534522      -0.12636690067977960       0.25724552497209091     
  0.35535535535535523      -0.13669005900872330       0.12906706586434055     
  0.36536536536536524      -0.15786145456013773       -1.1990057268194925E-002
  0.37537537537537524      -0.20129490581771312      -0.17651090321518198     
  0.38538538538538525      -0.30401387682790859      -0.37771046072910774     
  0.39539539539539525      -0.58290338553557264      -0.56049008014134061     
  0.40540540540540526      -0.93423699106582170      -0.36907565222621297     
  0.41541541541541527      -0.76028752575917646       -8.3696212402970288E-002
  0.42542542542542527      -0.52399870262001280      -0.30906436807764470     
  0.43543543543543528      -0.62075789726476727      -0.67805432559216905     
  0.44544544544544529       -1.0231710261489213      -0.88362107896499809     
  0.45545545545545529       -1.3917849575622510      -0.77045311915956727     
  0.46546546546546530       -1.5781745248660735      -0.58569109266924768     
  0.47547547547547531       -1.7057491213251996      -0.44031469148536451     
  0.48548548548548531       -1.7959733449100377      -0.28039220201393633     
  0.49549549549549532       -1.8447731379721468      -0.13300264364483616     
  0.50550550550550533       -1.8702612160694820       -2.1585151551130263E-003
  0.51551551551551533       -1.8813304826374018       0.11489009786553886     
  0.52552552552552534       -1.8825484939081574       0.22084918572790951     
  0.53553553553553535       -1.8763054224834492       0.31767262369558769     
  0.54554554554554535       -1.8647453150944440       0.40555637132232364     
  0.55555555555555536       -1.8512886940364690       0.48811118817649551     
  0.56556556556556536       -1.8335365386230829       0.56681380054768815     
  0.57557557557557537       -1.8123677343924751       0.64119087246824669     
  0.58558558558558538       -1.7884182804075490       0.71191302580071525     
  0.59559559559559538       -1.7619545677763935       0.77957939819098432     
  0.60560560560560539       -1.7330962335674249       0.84467267981298932     
  0.61561561561561540       -1.7018748102622747       0.90758953219765304     
  0.62562562562562540       -1.6682541295917697       0.96866161344561974     
  0.63563563563563541       -1.6321383506198319        1.0281692517160035     
  0.64564564564564542       -1.5933736311793667        1.0863505909928879     
  0.65565565565565542       -1.5517450444764145        1.1434075503365633     
  0.66566566566566543       -1.5069688375443853        1.1995091014396224     
  0.67567567567567544       -1.4586791904587115        1.2547917956868235     
  0.68568568568568544       -1.4064075834524155        1.3093568548501597     
  0.69569569569569545       -1.3495513093732456        1.3632621429806675     
  0.70570570570570545       -1.2873248397865360        1.4165054243108610     
  0.71571571571571546       -1.2186822789409668        1.4689909103654843     
  0.72572572572572547       -1.1421875900989622        1.5204597949292797     
  0.73573573573573547       -1.0557833259937175        1.5703311874469645     
  0.74574574574574548      -0.95635263302710694        1.6172718915934352     
  0.75575575575575549      -0.83897645958454714        1.6577031353768179     
  0.76576576576576549      -0.69894525861169099        1.6799675959954663     
  0.77577577577577550      -0.55071444720557494        1.6779342768229899     
  0.78578578578578551      -0.36073954047528201        1.6381585650561015     
  0.79579579579579551      -0.21068401089783276        1.4956103774022149     
  0.80580580580580552      -0.14969119633801561        1.3482032753588966     
  0.81581581581581553      -0.13330819556831036        1.2265899183845954     
  0.82582582582582553      -0.15265376525965127        1.1487770945902118     
  0.83583583583583554      -0.12716941683552854        1.1149910607588764     
  0.84584584584584555       -9.6595659113059298E-002   1.0528685026880964     
  0.85585585585585555       -7.4197393583805310E-002  0.98499963180501671     
  0.86586586586586556       -6.3549744875001438E-002  0.92000213315101154     
  0.87587587587587556       -5.7897644963644669E-002  0.86069002888321833     
  0.88588588588588557       -5.4926268696888644E-002  0.80543171423823556     
  0.89589589589589558       -5.4250031297279420E-002  0.75413829144236855     
  0.90590590590590558       -5.1858324414257521E-002  0.70589544341349597     
  0.91591591591591559       -5.0093053837334638E-002  0.65632192389166299     
  0.92592592592592560       -4.9849971339407682E-002  0.60682025984616406     
  0.93593593593593560       -5.0607294270422834E-002  0.55693677965101362     
  0.94594594594594561       -5.2321089393253542E-002  0.50584767195052849     
  0.95595595595595562       -5.5170808606384764E-002  0.45259293211137003     
  0.96596596596596562       -5.9568375835061103E-002  0.39595863681116733     
  0.97597597597597563       -6.6368568443844034E-002  0.33426077560316031     
  0.98598598598598564       -7.7559517312361367E-002  0.26498179816608358     
  0.99599599599599564       -9.8858060207090093E-002  0.18460153462734055     
   1.0060060060060056      -0.14922206208226599        9.6971680464261828E-002
   1.0160160160160157      -0.21075577038568266        6.4371820887909548E-002
   1.0260260260260257      -0.20264092920347695       -2.6031126308734810E-002
   1.0360360360360357      -0.28472028180115322      -0.19607546799961165     
   1.0460460460460457      -0.55563391569937381      -0.31974809560585638     
   1.0560560560560557      -0.75658187525029752       -8.6634852729269018E-002
   1.0660660660660657      -0.61988945212505031      -0.11037470756975251     
   1.0760760760760757      -0.85935668153991052      -0.25938622039787729     
   1.0860860860860857       -1.0230073267803153        1.3407444877043522E-002
   1.0960960960960957      -0.80715271439875880        1.1831835509885147E-002
   1.1061061061061057      -0.92973726497223574      -0.25973364687005707     
   1.1161161161161157       -1.3302983920959848      -0.26120686917540015     
   1.1261261261261257       -1.5587909065573293       -1.5456371269588864E-003
   1.1361361361361357       -1.6037787608866867       0.22433218697830254     
   1.1461461461461457       -1.6604609247631468       0.38883218056484353     
   1.1561561561561557       -1.6771567967751286       0.59315324035900474     
   1.1661661661661658       -1.6413405259957712       0.77376327570305803     
   1.1761761761761758       -1.5828745164952953       0.92666913811621421     
   1.1861861861861858       -1.5127281862560387        1.0590380580070222     
   1.1961961961961958       -1.4333165521854594        1.1767024228770664     
   1.2062062062062058       -1.3455515625168566        1.2819269788859666     
   1.2162162162162158       -1.2495235331195365        1.3765884720985881     
   1.2262262262262258       -1.1445642116417176        1.4614973595597056     
   1.2362362362362358       -1.0291721876937190        1.5379314722710318     
   1.2462462462462458      -0.89866843709705657        1.6045554614482682     
   1.2562562562562558      -0.74763364772696883        1.6568349180399915     
   1.2662662662662658      -0.56707303370350048        1.6818022259900329     
   1.2762762762762758      -0.35954552169325049        1.6370352113758249     
   1.2862862862862858      -0.21852507259815507        1.5005817638445142     
   1.2962962962962958      -0.15735390430794197        1.3936516500801006     
   1.3063063063063058      -0.10642224627091007        1.2970743422888951     
   1.3163163163163158       -7.9625158762897219E-002   1.2117761855038738     
   1.3263263263263259       -6.1749548761348062E-002   1.1394281405948485     
   1.3363363363363359       -6.0554355216424945E-002   1.0705929970735970     
   1.3463463463463459       -5.8412261739942337E-002   1.0312904469278661     
   1.3563563563563559       -5.1489730035462596E-002  0.99055336967426411     
   1.3663663663663659       -4.2798065629291615E-002  0.95173168512721007     
   1.3763763763763759       -3.7592769497175903E-002  0.91343136901222444     
   1.3863863863863859       -3.4796026203028380E-002  0.87818548599084312     
   1.3963963963963959       -3.3763064486923476E-002  0.84641312281797465     
   1.4064064064064059       -3.1568018228881972E-002  0.81766443206890083     
   1.4164164164164168       -3.0071113374281821E-002  0.78948564124158371     
   1.4264264264264268       -2.8229635543758423E-002  0.76263192245817901     
   1.4364364364364368       -2.7381442813542382E-002  0.73575700453458359     
   1.4464464464464468       -2.8009367271753426E-002  0.71026974223463812     
   1.4564564564564568       -2.7597809800953253E-002  0.68603478684693275     
   1.4664664664664668       -2.8470468954684851E-002  0.65999233805564750     
   1.4764764764764768       -3.4165135768867934E-002  0.63465038353744818     
   1.4864864864864868       -4.1146784492952254E-002  0.61971096615159427     
   1.4964964964964969       -3.5186849140912822E-002  0.60490347128436417     
   1.5065065065065069       -2.9172775699280073E-002  0.57970628812501068     
   1.5165165165165169       -2.7802262882570310E-002  0.55265419053139120     
   1.5265265265265269       -2.8269991564616747E-002  0.52529305190551523     
   1.5365365365365369       -2.9772698153277356E-002  0.49691915238883927     
   1.5465465465465469       -3.2608829441531401E-002  0.46720804738123667     
   1.5565565565565569       -3.5528565554472848E-002  0.43568156053065843     
   1.5665665665665669       -3.9811058995470730E-002  0.39942182792402209     
   1.5765765765765769       -4.7221585112106161E-002  0.35757877856284526     
   1.5865865865865869       -6.0299884743961217E-002  0.30744212094207690     
   1.5965965965965969       -8.7288686316639955E-002  0.24464519457168593     
   1.6066066066066069      -0.15769549774466379       0.17320836793284008     
   1.6166166166166169      -0.28069021092766910       0.20701162048730734     
   1.6266266266266269      -0.21303723178887665       0.24130850095923606     
   1.6366366366366369      -0.20875731718885757       0.11604954854657190     
   1.6466466466466469      -0.34123818103249004       -1.5312230514194830E-002
   1.6566566566566570      -0.51643027584534040       -4.3201836352603204E-002
   1.6666666666666670      -0.84162202674512343       -3.0518023070664958E-002
   1.6766766766766770       -1.0332571740628895       0.38473341102598513     
   1.6866866866866870      -0.77329169202668158       0.72308140244820840     
   1.6966966966966970      -0.45601351018315162       0.61704854765312700     
   1.7067067067067070      -0.45480615244032918       0.35216987456140086     
   1.7167167167167170      -0.76537943215565396       0.25313388941052456     
   1.7267267267267270      -0.97227509382745181       0.54006255595377872     
   1.7367367367367370      -0.83188361329678162       0.87716724156623271     
   1.7467467467467470      -0.49862527856163430       0.86104632480821419     
   1.7567567567567570      -0.42791451318799251       0.60375991557303199     
   1.7667667667667670      -0.68061947849344528       0.42282193993203954     
   1.7767767767767770      -0.99735018277233745       0.65128658257590111     
   1.7867867867867870      -0.96613528568266338        1.0341087054187248     
   1.7967967967967970      -0.72984245429146677        1.2508718693096830     
   1.8068068068068071      -0.49387822839900897        1.2865692532180937     
   1.8168168168168171      -0.27609726585343847        1.2568469043322295     
   1.8268268268268271      -0.14976464842271606        1.1339747489285206     
   1.8368368368368371      -0.10299443242157177        1.0329491711271610     
   1.8468468468468471       -8.4327640372264409E-002  0.96867058610495915     
   1.8568568568568571       -6.1073907444169677E-002  0.91734540759954719     
   1.8668668668668671       -4.8434281925355628E-002  0.86813678115098092     
   1.8768768768768771       -4.3931350987467692E-002  0.82583813710060772     
   1.8868868868868871       -4.7059308728622559E-002  0.79274367755656450     
   1.8968968968968971       -4.7240319624704256E-002  0.76698560663421622     
   1.9069069069069071       -6.1456401812063487E-002  0.74751323039532858     
   1.9169169169169171       -5.1186302188094918E-002  0.75504311811104940     
   1.9269269269269271       -3.1062105412584817E-002  0.73387839302179103     
   1.9369369369369371       -2.3389964941211813E-002  0.71029383752906694     
   1.9469469469469471       -1.9785693012601448E-002  0.68972137235655528     
   1.9569569569569571       -1.7686519523150673E-002  0.67140384891419214     
   1.9669669669669672       -1.6364386024530081E-002  0.65463749363894141     
   1.9769769769769772       -1.5685152985412922E-002  0.63893343523430424     
   1.9869869869869872       -1.6122053713267526E-002  0.62406673910184030     
   1.9969969969969972       -1.8610452401917103E-002  0.61245111304463284     
   2.0070070070070072       -1.4998466009499698E-002  0.60310210967916011     
   2.0170170170170172       -1.3116046440297197E-002  0.58968575497174203     
   2.0270270270270272       -1.2451354061959539E-002  0.57710725038292177     
   2.0370370370370372       -1.2251733790388568E-002  0.56502984549058566     
   2.0470470470470472       -1.2363498393828278E-002  0.55370700842209941     
   2.0570570570570572       -1.1959964621733930E-002  0.54250413908673700     
   2.0670670670670672       -1.2024655359333619E-002  0.53107006083400632     
   2.0770770770770772       -1.2249263917559979E-002  0.51984313420168859     
   2.0870870870870872       -1.3207730974651133E-002  0.50848081237283460     
   2.0970970970970972       -1.3930248532550713E-002  0.49888576180675864     
   2.1071071071071072       -1.2964313788091592E-002  0.48760719975092304     
   2.1171171171171173       -1.3192276499097955E-002  0.47510122804002192     
   2.1271271271271273       -1.4614904353663980E-002  0.46202639283834196     
   2.1371371371371373       -1.8537792107865415E-002  0.44955238106064832     
   2.1471471471471473       -1.9843823873721501E-002  0.44169951098404653     
   2.1571571571571573       -1.7795278011306113E-002  0.42788652443369574     
   2.1671671671671673       -1.9481020456462814E-002  0.41157654472605709     
   2.1771771771771773       -2.3426073159258605E-002  0.39738829763378020     
   2.1871871871871873       -2.3027216442360693E-002  0.38127270373004019     
   2.1971971971971973       -2.5249162390015022E-002  0.35986158220587927     
   2.2072072072072073       -2.9427128063981484E-002  0.33547304707029924     
   2.2172172172172173       -3.6918763910364569E-002  0.30488510711606825     
   2.2272272272272273       -5.2218967952739649E-002  0.26568880186584737     
   2.2372372372372373       -8.8781808668300641E-002  0.21480946997476605     
   2.2472472472472473      -0.18785584873980871       0.18490692952920273     
   2.2572572572572573      -0.21975755607773939       0.28760237760046409     
   2.2672672672672673      -0.15447719838811935       0.24347233987459571     
   2.2772772772772774      -0.19422829086348439       0.12781709704888769     
   2.2872872872872874      -0.39303073671021727        1.7375806173288343E-002
   2.2972972972972974      -0.72085295665449545       0.23462711591228164     
   2.3073073073073074      -0.58404090996516977       0.60799962207687441     
   2.3173173173173174      -0.31940810740075470       0.58061997268031762     
   2.3273273273273274      -0.29522475362369982       0.41045567240731040     
   2.3373373373373374      -0.50808149511388290       0.34815003709185616     
   2.3473473473473474      -0.59617386231550151       0.60755422432245709     
   2.3573573573573574      -0.50787617219686032       0.78099273251903867     
   2.3673673673673674      -0.28436705768334219       0.83058951591984498     
   2.3773773773773774      -0.19249517590019330       0.75766491983511985     
   2.3873873873873874      -0.12394671784529744       0.70054168002037875     
   2.3973973973973974       -9.9402281506785969E-002  0.61776554442424336     
   2.4074074074074074      -0.12182875017381989       0.53409397758651755     
   2.4174174174174174      -0.23364535034087580       0.46632604542326106     
   2.4274274274274275      -0.40171823389998201       0.63020680536725060     
   2.4374374374374375      -0.22887773225246646       0.80352711286021361     
   2.4474474474474475      -0.10205299413028916       0.75227226650889545     
   2.4574574574574575       -6.0635276578711567E-002  0.69486555155527585     
   2.4674674674674675       -4.9359904542869718E-002  0.65688160878433410     
   2.4774774774774775       -3.7480811432998758E-002  0.63715888770685380     
   2.4874874874874875       -2.6363809594475471E-002  0.61289459130811785     
   2.4974974974974975       -2.1608954056965834E-002  0.59092744985568524     
   2.5075075075075075       -2.0303174216884802E-002  0.57150828943335441     
   2.5175175175175175       -2.3650576736229171E-002  0.55403032594561119     
   2.5275275275275275       -3.2212449975176652E-002  0.54738886781591289     
   2.5375375375375375       -2.5698080622790095E-002  0.54232162379078974     
   2.5475475475475475       -2.7888911214511168E-002  0.52729929566408962     
   2.5575575575575575       -3.7850037195657660E-002  0.52754487421173935     
   2.5675675675675675       -3.2241930573318124E-002  0.52588283453120044     
   2.5775775775775776       -3.1659313119889045E-002  0.52881086411953082     
   2.5875875875875876       -1.8090076636417152E-002  0.52368098034166255     
   2.5975975975975976       -1.2466957385849312E-002  0.51208829486735097     
   2.6076076076076076       -1.0613464521894701E-002  0.50158223274299052     
   2.6176176176176176       -1.0558801643451863E-002  0.49176502867367944     
   2.6276276276276276       -1.2892527554818293E-002  0.48192343712491165     
   2.6376376376376376       -2.1462551661091917E-002  0.47434580941224613     
   2.6476476476476476       -2.8687140205692310E-002  0.48117623295037992     
   2.6576576576576576       -1.9755645898108864E-002  0.48696448021972311     
   2.6676676676676676       -1.1050505835084427E-002  0.48009201021853209     
   2.6776776776776776       -8.0607747062539127E-003  0.47223177910387820     
   2.6876876876876876       -7.1840275412969334E-003  0.46561170169820837     
   2.6976976976976976       -6.5515171591445454E-003  0.46056167983417029     
   2.7077077077077076       -5.5614117223739146E-003  0.45530399980240016     
   2.7177177177177176       -5.0599995075047369E-003  0.45015755681968089     
   2.7277277277277276       -4.7662717327430822E-003  0.44529796104439801     
   2.7377377377377377       -4.5683851365579085E-003  0.44065653813208294     
   2.7477477477477477       -4.4294216131638307E-003  0.43617448496699512     
   2.7577577577577577       -4.3380912714376775E-003  0.43180723309511548     
   2.7677677677677677       -4.3049399632023406E-003  0.42751989748257152     
   2.7777777777777777       -4.3820561773229797E-003  0.42333587631627251     
   2.7877877877877877       -4.3709759372676134E-003  0.41937950929264789     
   2.7977977977977977       -4.2587781178335714E-003  0.41524297038613445     
   2.8078078078078077       -4.2878002327896483E-003  0.41103348434314779     
   2.8178178178178177       -4.4770523495376554E-003  0.40682257014149764     
   2.8278278278278277       -4.6586415523111975E-003  0.40283692687548156     
   2.8378378378378377       -4.5879062794204825E-003  0.39855575398307080     
   2.8478478478478477       -4.7021247357253481E-003  0.39399233430127967     
   2.8578578578578577       -4.9536457123603370E-003  0.38921516476902873     
   2.8678678678678677       -5.3477048069632020E-003  0.38413029091200968     
   2.8778778778778777       -5.9552624688868887E-003  0.37859193568735716     
   2.8878878878878878       -6.9553406223876466E-003  0.37237570661587099     
   2.8978978978978978       -8.8552328229483685E-003  0.36514347688105059     
   2.9079079079079078       -1.3407501223424217E-002  0.35693070098862767     
   2.9179179179179178       -2.1928438393797912E-002  0.35420320313918546     
   2.9279279279279278       -1.8854122914800542E-002  0.35187660480309391     
   2.9379379379379378       -1.9449752003405218E-002  0.33789740277091940     
   2.9479479479479478       -2.8246356577643857E-002  0.31877121441725415     
   2.9579579579579578       -5.4035983588645496E-002  0.29396429053445133     
   2.9679679679679678      -0.11951440375013231       0.29320812070806929     
   2.9779779779779778      -0.16040351705861688       0.35046566070596330     
   2.9879879879879878      -0.14027845261484112       0.42720328502579219     
   2.9979979979979978       -9.7581245325919358E-002  0.45446184338444073     
   3.0080080080080087       -4.7106958762001987E-002  0.44661636004852462     
   3.0180180180180187       -2.7549843014394768E-002  0.42214598885206678     
   3.0280280280280287       -2.2323761402974786E-002  0.40162065213241604     
   3.0380380380380387       -2.6431960470478681E-002  0.38353496278254329     
   3.0480480480480487       -4.3910989840482771E-002  0.37708363884315577     
   3.0580580580580587       -4.2956387791942961E-002  0.38484948845518280     
   3.0680680680680688       -5.1648088797438395E-002  0.38234288399179650     
   3.0780780780780788       -4.1903589790348243E-002  0.39229742549172847     
   3.0880880880880888       -4.1101244741893493E-002  0.37482042086217376     
   3.0980980980980988       -7.5086966411441719E-002  0.37518848953223299     
   3.1081081081081088       -6.9293720207374038E-002  0.42723094266321304     
   3.1181181181181188       -3.0274017053239774E-002  0.42774394249932518     
   3.1281281281281288       -1.5703028078861123E-002  0.41374660268852886     
   3.1381381381381388       -1.0153973108390923E-002  0.40302518138012688     
   3.1481481481481488       -7.5485385582686870E-003  0.39494901450684600     
   3.1581581581581588       -6.1670436656872506E-003  0.38844988914153594     
   3.1681681681681688       -5.4508710678355310E-003  0.38287340631736322     
   3.1781781781781788       -5.2925537575620072E-003  0.37778095605959922     
   3.1881881881881888       -6.0807561320974628E-003  0.37286347356100841     
   3.1981981981981988       -9.4337326148602463E-003  0.36911392717548652     
   3.2082082082082088       -1.1430456145357395E-002  0.37208537835643296     
   3.2182182182182189       -6.5533949546191690E-003  0.37140827142876176     
   3.2282282282282289       -4.3171062234283394E-003  0.36752638238796814     
   3.2382382382382389       -3.4851475251478632E-003  0.36397503281217236     
   3.2482482482482489       -3.1199497769288094E-003  0.36080450699719163     
   3.2582582582582589       -3.0123563098390944E-003  0.35785702933885138     
   3.2682682682682689       -3.2704725244820684E-003  0.35509764732771115     
   3.2782782782782789       -3.7658633511361327E-003  0.35322545775408937     
   3.2882882882882889       -3.3313977042066039E-003  0.35119871089774957     
   3.2982982982982989       -3.7426622552535378E-003  0.34901644463287557     
   3.3083083083083089       -3.4340172982379688E-003  0.34789273268496007     
   3.3183183183183189       -2.8288392657132649E-003  0.34569958347936613     
   3.3283283283283289       -2.8647610403789176E-003  0.34376109797298093     
   3.3383383383383389       -2.4163550208282764E-003  0.34200842393357456     
   3.3483483483483489       -2.1241838525557343E-003  0.33992948905432741     
   3.3583583583583589       -1.9963945093579892E-003  0.33791023424870770     
   3.3683683683683689       -1.9245604462461985E-003  0.33596319972014727     
   3.3783783783783790       -1.8779728192910002E-003  0.33406813291880860     
   3.3883883883883890       -1.8475429092716133E-003  0.33220993523742115     
   3.3983983983983990       -1.8337372810163450E-003  0.33037711814926263     
   3.4084084084084090       -1.8523916699306972E-003  0.32856667752122048     
   3.4184184184184190       -1.9011509623637264E-003  0.32684744723283027     
   3.4284284284284290       -1.8327073266181659E-003  0.32513438418857465     
   3.4384384384384390       -1.7979573997098947E-003  0.32335105728154767     
   3.4484484484484490       -1.7979117322997817E-003  0.32156306594949269     
   3.4584584584584590       -1.8238459493244361E-003  0.31976594284982318     
   3.4684684684684690       -1.8989898149844530E-003  0.31796493591764441     
   3.4784784784784790       -1.9677892307745624E-003  0.31624652995930852     
   3.4884884884884890       -1.9388769493764242E-003  0.31442041539771531     
   3.4984984984984990       -1.9770550834407653E-003  0.31249242139870692     
   3.5085085085085090       -2.0669131583312857E-003  0.31049039492464753     
   3.5185185185185190       -2.2173550166044967E-003  0.30837972918870815     
   3.5285285285285291       -2.4814525777421292E-003  0.30610495671295568     
   3.5385385385385391       -3.0409638512439328E-003  0.30361089463860919     
   3.5485485485485491       -4.3964916350989220E-003  0.30134894740569090     
   3.5585585585585591       -4.6920863825097893E-003  0.30037819874787158     
   3.5685685685685691       -4.2338905690891193E-003  0.29731922587372761     
   3.5785785785785791       -4.8965534603421868E-003  0.29323183089911736     
   3.5885885885885891       -6.7214990850690114E-003  0.28810823482453829     
   3.5985985985985991       -1.1099986426018714E-002  0.28120837301114482     
   3.6086086086086091       -2.3531567360462295E-002  0.27306531916728100     
   3.6186186186186191       -4.9372120778528317E-002  0.28297804817144540     
   3.6286286286286291       -4.8118711569006989E-002  0.31564336754212041     
   3.6386386386386391       -2.2535719304160054E-002  0.32131707304995671     
   3.6486486486486491       -1.2914894047706182E-002  0.31169568490299560     
   3.6586586586586591       -1.2633998728847164E-002  0.30334287410547417     
   3.6686686686686691       -1.7933296407091091E-002  0.30280668172614195     
   3.6786786786786791       -1.2413370804928417E-002  0.30472150828216643     
   3.6886886886886892       -9.9623372054424252E-003  0.29815851051911163     
   3.6986986986986992       -1.4213452213150192E-002  0.29141442602390411     
   3.7087087087087092       -2.3208876496204889E-002  0.29513714542646213     
   3.7187187187187192       -1.7635585834301890E-002  0.29744491326576111     
   3.7287287287287292       -2.2786341036260271E-002  0.29091323918215073     
   3.7387387387387392       -3.2257776715708536E-002  0.30245903241872379     
   3.7487487487487492       -2.6339600245748003E-002  0.30996202055730848     
   3.7587587587587592       -1.6046268509298165E-002  0.31576092527930816     
   3.7687687687687692       -7.8221224731758413E-003  0.31087435137923164     
   3.7787787787787792       -4.8569240599854336E-003  0.30595645518850878     
   3.7887887887887892       -3.6055628256491854E-003  0.30217843722114690     
   3.7987987987987992       -3.0977305403831908E-003  0.29911955529134171     
   3.8088088088088092       -3.2280943989896988E-003  0.29675443730856155     
   3.8188188188188192       -2.9022101709115841E-003  0.29545540584390001     
   3.8288288288288292       -2.2248263489820894E-003  0.29353683690155735     
   3.8388388388388393       -1.9680970446146321E-003  0.29158206962186822     
   3.8488488488488493       -1.9331296935858984E-003  0.28972969364339440     
   3.8588588588588593       -2.2083091862354067E-003  0.28794840742304950     
   3.8688688688688693       -3.0248965107132209E-003  0.28683678662287915     
   3.8788788788788793       -2.7725071174780182E-003  0.28632167877502174     
   3.8888888888888893       -2.6924584733969427E-003  0.28549688313240196     
   3.8988988988988993       -1.9149978361398009E-003  0.28455315757961874     
   3.9089089089089093       -1.5065062979451409E-003  0.28311239140683969     
   3.9189189189189193       -1.3402419918328657E-003  0.28174902458361201     
   3.9289289289289293       -1.2531054733064865E-003  0.28047222519033749     
   3.9389389389389393       -1.1992472411780737E-003  0.27925492576049066     
   3.9489489489489493       -1.1640976822725258E-003  0.27807879301195293     
   3.9589589589589593       -1.1443884819800085E-003  0.27693070820484184     
   3.9689689689689693       -1.1472809694471017E-003  0.27579937135025262     
   3.9789789789789793       -1.2086097079137973E-003  0.27468557811028582     
   3.9889889889889893       -1.3482945311890178E-003  0.27372515450894735     
   3.9989989989989994       -1.3141038620370622E-003  0.27285883153905394     
   4.0090090090090094       -1.1671197751562689E-003  0.27193122373544903     
   4.0190190190190194       -1.0673145919007122E-003  0.27088692525853725     
   4.0290290290290294       -1.0264197134427803E-003  0.26985461101601838     
   4.0390390390390394       -1.0049056762618186E-003  0.26884312072355604     
   4.0490490490490494       -9.9157789472251959E-004  0.26784641080692129     
   4.0590590590590594       -9.8303213904699311E-004  0.26685984098397031     
   4.0690690690690694       -9.7832672538374034E-004  0.26587980840020903     
   4.0790790790790794       -9.7791839857106389E-004  0.26490290914423881     
   4.0890890890890894       -9.8450501406575366E-004  0.26392532624926612     
   4.0990990990990994       -1.0081903509885418E-003  0.26294473027376408     
   4.1091091091091094       -1.0650126345931649E-003  0.26199386189024060     
   4.1191191191191194       -1.0589468237836468E-003  0.26106594570664027     
   4.1291291291291294       -1.0894713209279169E-003  0.26006424863177224     
   4.1391391391391394       -1.2099441302169144E-003  0.25914819451431714     
   4.1491491491491495       -1.1375919533425998E-003  0.25828598051738494     
   4.1591591591591595       -1.0828121387128071E-003  0.25725019888323347     
   4.1691691691691695       -1.0903488774674183E-003  0.25618105757956522     
   4.1791791791791795       -1.1274042024310110E-003  0.25508201599373181     
   4.1891891891891895       -1.1907948864353086E-003  0.25393417544004071     
   4.1991991991991995       -1.2899122488542417E-003  0.25271140262322006     
   4.2092092092092095       -1.4476924377727453E-003  0.25137434004364817     
   4.2192192192192195       -1.7151405583430491E-003  0.24985784061081098     
   4.2292292292292295       -2.2184812883882165E-003  0.24804689300136087     
   4.2392392392392395       -3.3311515531724845E-003  0.24574635358682997     
   4.2492492492492495       -6.4022726989219495E-003  0.24294343900807125     
   4.2592592592592595       -1.4271759761521344E-002  0.24442368914762583     
   4.2692692692692695       -1.1605395450633077E-002  0.25400278785136055     
   4.2792792792792795       -5.7358256862326748E-003  0.25224546043596802     
   4.2892892892892895       -4.4236655773230204E-003  0.24865965949309551     
   4.2992992992992995       -5.5712458831190309E-003  0.24503514527905693     
   4.3093093093093096       -1.1008256816905414E-002  0.24264994853427221     
   4.3193193193193196       -1.5476396875159339E-002  0.25131356071570793     
   4.3293293293293296       -7.5090302894125511E-003  0.25401456756323998     
   4.3393393393393396       -4.1692280134664117E-003  0.25079252007361241     
   4.3493493493493496       -3.3076712951680938E-003  0.24772851490351400     
   4.3593593593593596       -3.5752845573963133E-003  0.24477299439623298     
   4.3693693693693696       -5.3643084339452729E-003  0.24149032945533563     
   4.3793793793793796       -1.1537928335282032E-002  0.23903938455347185     
   4.3893893893893896       -1.8069614473771520E-002  0.24945357247365285     
   4.3993993993993996       -8.3660003350008953E-003  0.25422075573928277     
   4.4094094094094096       -3.9799631025898485E-003  0.25129174008386646     
   4.4194194194194196       -2.4553504886078224E-003  0.24877031646664177     
   4.4294294294294296       -1.7918707795939123E-003  0.24686387745790900     
   4.4394394394394396       -1.4488136033605527E-003  0.24533105930166019     
   4.4494494494494496       -1.2511502141190345E-003  0.24402359094797391     
   4.4594594594594597       -1.1320615142626090E-003  0.24285691327592016     
   4.4694694694694697       -1.0662064876393058E-003  0.24177786443939087     
   4.4794794794794797       -1.0551548543164409E-003  0.24074662329686983     
   4.4894894894894897       -1.1505729322980477E-003  0.23973421798048031     
   4.4994994994994997       -1.5300287649121671E-003  0.23887317966507296     
   4.5095095095095097       -1.7447766520094562E-003  0.23871471046967793     
   4.5195195195195197       -1.2099229035884586E-003  0.23821590366267173     
   4.5295295295295297       -9.4641896942773804E-004  0.23732704078537659     
   4.5395395395395397       -8.5214838300171601E-004  0.23647118755086907     
   4.5495495495495497       -8.2196480425911276E-004  0.23565729151291354     
   4.5595595595595597       -8.5466309305713640E-004  0.23487596014371612     
   4.5695695695695697       -9.4803953164662930E-004  0.23424255869028784     
   4.5795795795795797       -8.3324172424448261E-004  0.23363802862351138     
   4.5895895895895897       -7.7448493675814727E-004  0.23290684362527483     
   4.5995995995995997       -8.0812648577527032E-004  0.23221173875649578     
   4.6096096096096097       -7.8940923717526264E-004  0.23163836342727795     
   4.6196196196196198       -7.0740672486697715E-004  0.23097701280611993     
   4.6296296296296298       -6.7346778588755227E-004  0.23030172560755816     
   4.6396396396396398       -6.5654205651557106E-004  0.22964042904613960     
   4.6496496496496498       -6.4602575953884897E-004  0.22899042206509787     
   4.6596596596596598       -6.3915186324391897E-004  0.22834859542492075     
   4.6696696696696698       -6.3585191727542185E-004  0.22771238187709800     
   4.6796796796796798       -6.3915474207930194E-004  0.22707935268993706     
   4.6896896896896898       -6.6172537668120982E-004  0.22645259452786487     
   4.6996996996996998       -6.9528746987493535E-004  0.22588399387615282     
   4.7097097097097098       -6.5291812016878958E-004  0.22530317433449529     
   4.7197197197197198       -6.4098555957747014E-004  0.22468112801936990     
   4.7297297297297298       -6.7114867897657884E-004  0.22407471476026883     
   4.7397397397397398       -6.7600598449754179E-004  0.22354269257561876     
   4.7497497497497498       -6.2690788258823579E-004  0.22295519068487168     
   4.7597597597597598       -6.1005918211404935E-004  0.22234851457710403     
   4.7697697697697699       -6.0934301576608509E-004  0.22174572916644048     
   4.7797797797797799       -6.2605286683668868E-004  0.22115539740684637     
   4.7897897897897899       -6.2211267465483967E-004  0.22059577817236797     
   4.7997997997997999       -6.0293288450082028E-004  0.22000615075847868     
   4.8098098098098099       -5.9789650285660011E-004  0.21940974111841449     
   4.8198198198198199       -5.9858220690221808E-004  0.21881264194416419     
   4.8298298298298299       -6.0257953225615170E-004  0.21821274919430675     
   4.8398398398398399       -6.0970555104807077E-004  0.21760741338233727     
   4.8498498498498499       -6.2065160492727326E-004  0.21699347087520598     
   4.8598598598598599       -6.3687147149217203E-004  0.21636674680211737     
   4.8698698698698699       -6.6096991619057368E-004  0.21572131167176339     
   4.8798798798798799       -6.9774198132120148E-004  0.21504822413114974     
   4.8898898898898899       -7.5679965829458524E-004  0.21433320705537479     
   4.8998998998998999       -8.6017018116926714E-004  0.21355234348712548     
   4.9099099099099099       -1.0690421427252841E-003  0.21266784802883582     
   4.9199199199199199       -1.5786227437862130E-003  0.21169292385822797     
   4.9299299299299300       -2.3654308654348570E-003  0.21108331440095648     
   4.9399399399399400       -3.4380644691024385E-003  0.21016766331153203     
   4.9499499499499500       -5.3166348232297203E-003  0.21125654049292708     
   4.9599599599599600       -5.3510730845674056E-003  0.21220812283185725     
   4.9699699699699700       -4.0460742705857805E-003  0.21384577610850700     
   4.9799799799799800       -2.4532733799946297E-003  0.21264788412188076     
   4.9899899899899900       -2.6714563615422649E-003  0.21111907662547316     
   5.0000000000000000       -4.0671088150476178E-003  0.21125786103122021     
