  -5.0000000000000000       -2.8934223428131547E-003 -0.21689314880414784     
  -4.9899899899899900       -1.7146568895082279E-003 -0.21802839228157000     
  -4.9799799799799800       -1.4418172787241273E-003 -0.21933551298305612     
  -4.9699699699699700       -1.6164327114353639E-003 -0.22065598454347457     
  -4.9599599599599600       -2.4800154432317728E-003 -0.22208496347811613     
  -4.9499499499499500       -5.0503783013132811E-003 -0.22248622865288800     
  -4.9399399399399400       -5.7468546993484498E-003 -0.21926752377391878     
  -4.9299299299299300       -2.9424743770710107E-003 -0.21854691649498215     
  -4.9199199199199199       -1.6089445709294692E-003 -0.21983069608475603     
  -4.9099099099099099       -1.1412108818999209E-003 -0.22099114065244013     
  -4.8998998998998999       -9.4225668342922872E-004 -0.22196378948724055     
  -4.8898898898898899       -8.5156970802210475E-004 -0.22282658620440049     
  -4.8798798798798799       -8.3527620801628251E-004 -0.22362129720214968     
  -4.8698698698698699       -8.7575617257245730E-004 -0.22428568118043321     
  -4.8598598598598599       -7.7808712257496440E-004 -0.22491481671490740     
  -4.8498498498498499       -7.1577104500937429E-004 -0.22562008172445058     
  -4.8398398398398399       -6.9022983507441619E-004 -0.22631400485176117     
  -4.8298298298298299       -6.7786807194192007E-004 -0.22699497321492024     
  -4.8198198198198199       -6.7198203675871511E-004 -0.22766839729012073     
  -4.8098098098098099       -6.7065310403248641E-004 -0.22833851697252405     
  -4.7997997997997999       -6.7423835113376634E-004 -0.22900900522712331     
  -4.7897897897897899       -6.8669453618579374E-004 -0.22968367131994966     
  -4.7797797797797799       -7.2435336684611106E-004 -0.23036204775544922     
  -4.7697697697697699       -8.0389708314061844E-004 -0.23097850368891840     
  -4.7597597597597598       -7.5841779297068461E-004 -0.23156545538602410     
  -4.7497497497497498       -7.3788755142105607E-004 -0.23225512523549138     
  -4.7397397397397398       -7.9078463977692555E-004 -0.23292002540972240     
  -4.7297297297297298       -7.7072176131524808E-004 -0.23350644936988604     
  -4.7197197197197198       -7.1886920259754965E-004 -0.23419001213493282     
  -4.7097097097097098       -7.0587197187255537E-004 -0.23489142194442381     
  -4.6996996996996998       -7.0666496549377257E-004 -0.23559439862454151     
  -4.6896896896896898       -7.1504684667735529E-004 -0.23630257298694646     
  -4.6796796796796798       -7.3388626186815238E-004 -0.23702029837156435     
  -4.6696696696696698       -7.8145763814721589E-004 -0.23774626085571732     
  -4.6596596596596598       -8.7196610883909416E-004 -0.23840276503862023     
  -4.6496496496496498       -8.1655894425624166E-004 -0.23903885762041835     
  -4.6396396396396398       -7.8056528643446772E-004 -0.23979054781559436     
  -4.6296296296296298       -7.8647586668874456E-004 -0.24056081688095288     
  -4.6196196196196198       -8.2317127119891818E-004 -0.24134587257792059     
  -4.6096096096096097       -9.3001285222738266E-004 -0.24212680533736042     
  -4.5995995995995997       -1.0254337931538896E-003 -0.24273100398248776     
  -4.5895895895895897       -9.0587215449209431E-004 -0.24345883698549764     
  -4.5795795795795797       -8.7213806274319102E-004 -0.24430432670985824     
  -4.5695695695695697       -8.8412280047139294E-004 -0.24516990330348881     
  -4.5595595595595597       -9.2092478671853282E-004 -0.24606272658946271     
  -4.5495495495495497       -9.8797579597642159E-004 -0.24700049261216389     
  -4.5395395395395397       -1.1177913961928848E-003 -0.24800864054359573     
  -4.5295295295295297       -1.4290179284889356E-003 -0.24910089784545300     
  -4.5195195195195197       -2.1654551399447491E-003 -0.24990204546992675     
  -4.5095095095095097       -2.1809220187191543E-003 -0.25024070906444246     
  -4.4994994994994997       -2.5673302989078902E-003 -0.25133320032892276     
  -4.4894894894894897       -2.9380009656158981E-003 -0.25114804005995772     
  -4.4794794794794797       -2.0310278633361273E-003 -0.25205059858233064     
  -4.4694694694694697       -1.8738568740921870E-003 -0.25366516762994734     
  -4.4594594594594597       -2.2279965155640952E-003 -0.25547169340565540     
  -4.4494494494494496       -3.4010364186111541E-003 -0.25757951509826815     
  -4.4394394394394396       -6.8320352465531557E-003 -0.25888696604558847     
  -4.4294294294294296       -8.2126009228121726E-003 -0.25558122117095394     
  -4.4194194194194196       -7.9816612148058182E-003 -0.25616207538530278     
  -4.4094094094094096       -8.1140588548984423E-003 -0.25286397950832645     
  -4.3993993993993996       -4.2853489519375006E-003 -0.25362625932191563     
  -4.3893893893893896       -3.1361433521790083E-003 -0.25625312399005717     
  -4.3793793793793796       -3.4676986518351392E-003 -0.25884196762988243     
  -4.3693693693693696       -5.8070702709371565E-003 -0.26075821467051635     
  -4.3593593593593596       -7.1981817804955038E-003 -0.25820038009844509     
  -4.3493493493493496       -4.7197321025539028E-003 -0.25911962106838843     
  -4.3393393393393396       -5.5299194220227634E-003 -0.26166585170045531     
  -4.3293293293293296       -7.6359667137845802E-003 -0.26021210948729556     
  -4.3193193193193196       -4.6967851774670291E-003 -0.26009368531204924     
  -4.3093093093093096       -3.7379447909918419E-003 -0.26294809955195059     
  -4.2992992992992995       -4.6103888548605036E-003 -0.26620612967431301     
  -4.2892892892892895       -8.4633479134299840E-003 -0.26951084003690146     
  -4.2792792792792795       -1.6109203443434941E-002 -0.26625282642002673     
  -4.2692692692692695       -1.5347235094086207E-002 -0.25791349744880165     
  -4.2592592592592595       -7.6942219618225619E-003 -0.25550335868187801     
  -4.2492492492492495       -3.9212441783775471E-003 -0.25852445468478452     
  -4.2392392392392395       -2.5923578942301699E-003 -0.26116851714926670     
  -4.2292292292292295       -2.0487829734438107E-003 -0.26327375493072414     
  -4.2192192192192195       -1.8887251121321588E-003 -0.26506187264272668     
  -4.2092092092092095       -2.1076809385638536E-003 -0.26642678807076481     
  -4.1991991991991995       -1.8455304261392606E-003 -0.26722992008372248     
  -4.1891891891891895       -1.4597549503992653E-003 -0.26852892728538413     
  -4.1791791791791795       -1.3198493852717905E-003 -0.26984317988204704     
  -4.1691691691691695       -1.2934107301364949E-003 -0.27108628539171370     
  -4.1591591591591595       -1.3158883879668380E-003 -0.27218140548051767     
  -4.1491491491491495       -1.2092537146364902E-003 -0.27327185979667357     
  -4.1391391391391394       -1.1518437941253634E-003 -0.27441871153878522     
  -4.1291291291291294       -1.1277061857290101E-003 -0.27555071709975304     
  -4.1191191191191194       -1.1163709292416142E-003 -0.27667008013788624     
  -4.1091091091091094       -1.1118072963738203E-003 -0.27778299848049398     
  -4.0990990990990994       -1.1118941341134640E-003 -0.27889421983056106     
  -4.0890890890890894       -1.1159187603836268E-003 -0.28000760179553791     
  -4.0790790790790794       -1.1241006708733918E-003 -0.28112675139527915     
  -4.0690690690690694       -1.1380972778617042E-003 -0.28225565049766160     
  -4.0590590590590594       -1.1637048152893109E-003 -0.28339915813945510     
  -4.0490490490490494       -1.2225315260878280E-003 -0.28455712065091510     
  -4.0390390390390394       -1.3366797721465200E-003 -0.28564563456140746     
  -4.0290290290290294       -1.2904442277173799E-003 -0.28670783537837480     
  -4.0190190190190194       -1.2762887435954326E-003 -0.28791958012533808     
  -4.0090090090090094       -1.3677380763744361E-003 -0.28914835148431334     
  -3.9989989989989989       -1.4980722927745022E-003 -0.29020713306356805     
  -3.9889889889889889       -1.3798686380670868E-003 -0.29134950754841804     
  -3.9789789789789789       -1.3475888422445487E-003 -0.29265462218916066     
  -3.9689689689689689       -1.3793831370432299E-003 -0.29399782685373854     
  -3.9589589589589589       -1.4604947781181460E-003 -0.29539207822280739     
  -3.9489489489489489       -1.6375545015073366E-003 -0.29686769774389654     
  -3.9389389389389389       -2.1068036902995866E-003 -0.29839626026528282     
  -3.9289289289289289       -2.9723624671926727E-003 -0.29926057122662325     
  -3.9189189189189189       -2.6818665121863035E-003 -0.29959206575686814     
  -3.9089089089089089       -2.0249282119315839E-003 -0.30106521979597473     
  -3.8988988988988988       -1.8689986575463327E-003 -0.30284297766150020     
  -3.8888888888888888       -1.9209674790257444E-003 -0.30467386681633801     
  -3.8788788788788788       -2.1138466307980761E-003 -0.30662530182447117     
  -3.8688688688688688       -2.5219063679933302E-003 -0.30880657477123086     
  -3.8588588588588588       -3.4601051130583034E-003 -0.31136674830979705     
  -3.8488488488488488       -6.0748283977224791E-003 -0.31406399682956243     
  -3.8388388388388388       -1.0563072355452063E-002 -0.31303268536276707     
  -3.8288288288288288       -9.7358844983843548E-003 -0.30859345465220561     
  -3.8188188188188188       -5.3304555351124418E-003 -0.30989821783811528     
  -3.8088088088088088       -3.9202419879680889E-003 -0.31336517155818683     
  -3.7987987987987988       -3.7917288367673471E-003 -0.31684459472830839     
  -3.7887887887887888       -4.4072073521405223E-003 -0.32060094132902672     
  -3.7787787787787788       -6.1226979709685277E-003 -0.32512442608694292     
  -3.7687687687687688       -1.0785177729667922E-002 -0.33090212414611164     
  -3.7587587587587588       -2.4766947227635051E-002 -0.33399362351656481     
  -3.7487487487487487       -3.4577877847431854E-002 -0.31222143477513020     
  -3.7387387387387387       -1.6390635475581370E-002 -0.30464796174757508     
  -3.7287287287287287       -8.4349156828461992E-003 -0.31092887238354128     
  -3.7187187187187187       -6.0257274486001031E-003 -0.31674215105494247     
  -3.7087087087087087       -5.6253351906032567E-003 -0.32188942907197177     
  -3.6986986986986987       -6.8980143231172249E-003 -0.32703386332014633     
  -3.6886886886886887       -1.1688316697693425E-002 -0.33116397361051508     
  -3.6786786786786787       -1.4784897230990902E-002 -0.32847294382392422     
  -3.6686686686686687       -1.5452681594953704E-002 -0.33137753979883133     
  -3.6586586586586587       -1.8621512450557230E-002 -0.32705226319412040     
  -3.6486486486486487       -1.2629327702445884E-002 -0.32944589493996151     
  -3.6386386386386387       -1.4194647602424974E-002 -0.33817135923972125     
  -3.6286286286286287       -2.7483131539925137E-002 -0.34614794586873943     
  -3.6186186186186187       -4.9796376771376535E-002 -0.32726934191421675     
  -3.6086086086086087       -3.0624536279326244E-002 -0.30258886176502192     
  -3.5985985985985987       -1.3336025180586355E-002 -0.30797379395518937     
  -3.5885885885885886       -7.4687849222967598E-003 -0.31524913424559103     
  -3.5785785785785786       -5.1248021745924294E-003 -0.32067209911170902     
  -3.5685685685685686       -4.0272407004029506E-003 -0.32489176995708868     
  -3.5585585585585586       -3.5518094774363096E-003 -0.32833943450420722     
  -3.5485485485485486       -3.1893215369222776E-003 -0.33108417660471351     
  -3.5385385385385386       -2.7874198248176003E-003 -0.33379098539236829     
  -3.5285285285285286       -2.6326179718816740E-003 -0.33637132867907610     
  -3.5185185185185186       -2.6079067192681846E-003 -0.33864932903790590     
  -3.5085085085085086       -2.3892195381150119E-003 -0.34084572798204738     
  -3.4984984984984986       -2.2578395189744253E-003 -0.34310561175700577     
  -3.4884884884884886       -2.1928693262728048E-003 -0.34531454814978829     
  -3.4784784784784786       -2.1565157550318521E-003 -0.34748252776652594     
  -3.4684684684684686       -2.1366603301014218E-003 -0.34962559949408734     
  -3.4584584584584586       -2.1283308657396886E-003 -0.35175602036016984     
  -3.4484484484484486       -2.1290488932580623E-003 -0.35388338237177530     
  -3.4384384384384385       -2.1375452184635942E-003 -0.35601569773628133     
  -3.4284284284284285       -2.1534393369523320E-003 -0.35816015826729136     
  -3.4184184184184185       -2.1775738583690181E-003 -0.36032376548606909     
  -3.4084084084084085       -2.2140734542431500E-003 -0.36251356781014271     
  -3.3983983983983985       -2.2782887931667869E-003 -0.36472874795997751     
  -3.3883883883883881       -2.3480798265802451E-003 -0.36691636789716070     
  -3.3783783783783781       -2.3495138702630883E-003 -0.36917934703991656     
  -3.3683683683683681       -2.3891063365704072E-003 -0.37153032658913848     
  -3.3583583583583581       -2.4589550599106330E-003 -0.37394451592075795     
  -3.3483483483483480       -2.5612931482932272E-003 -0.37643951519256952     
  -3.3383383383383380       -2.7225034710818036E-003 -0.37904541691143295     
  -3.3283283283283280       -3.0309674797377728E-003 -0.38180297463472640     
  -3.3183183183183180       -3.7882882895341184E-003 -0.38461797248587248     
  -3.3083083083083080       -4.7428631562256816E-003 -0.38658156310693148     
  -3.2982982982982980       -5.1600256195592975E-003 -0.38831474246079745     
  -3.2882882882882880       -4.2201852182296700E-003 -0.39032011600339567     
  -3.2782782782782780       -3.7312786603236844E-003 -0.39369545952649404     
  -3.2682682682682680       -3.7874037160162354E-003 -0.39729358911034335     
  -3.2582582582582580       -4.1403415361739191E-003 -0.40113119274882358     
  -3.2482482482482480       -4.8800557580763668E-003 -0.40540460640825354     
  -3.2382382382382380       -6.5224177474284342E-003 -0.41037793127570671     
  -3.2282282282282280       -1.0920733722781076E-002 -0.41559545463917885     
  -3.2182182182182180       -1.7139131355574610E-002 -0.41525182725741600     
  -3.2082082082082080       -2.0293956472062141E-002 -0.41363845717636460     
  -3.1981981981981980       -1.5354904699596947E-002 -0.41038939730335233     
  -3.1881881881881879       -1.2120937827896370E-002 -0.41773751529027764     
  -3.1781781781781779       -1.7058857054288123E-002 -0.42560910435577504     
  -3.1681681681681679       -2.5559412952493261E-002 -0.42066453529268100     
  -3.1581581581581579       -1.7327720644335961E-002 -0.41975888982819232     
  -3.1481481481481479       -1.7996635751499304E-002 -0.42717251430380726     
  -3.1381381381381379       -1.8088208132831476E-002 -0.42655170219886118     
  -3.1281281281281279       -1.3591926407772674E-002 -0.43416668220004484     
  -3.1181181181181179       -1.5005362732582487E-002 -0.44576631123894561     
  -3.1081081081081079       -2.3165605936697909E-002 -0.45995322927216831     
  -3.0980980980980979       -4.9540867596106798E-002 -0.47302562665641229     
  -3.0880880880880879       -8.9095325051164673E-002 -0.43655910840546569     
  -3.0780780780780779       -5.1758020178546110E-002 -0.39761956760101158     
  -3.0680680680680679       -2.4374646243794710E-002 -0.41047791226661218     
  -3.0580580580580579       -1.5782610290495418E-002 -0.42558445827152414     
  -3.0480480480480479       -1.3177905598829866E-002 -0.43845550451328341     
  -3.0380380380380378       -1.3311108686615891E-002 -0.45069697449418578     
  -3.0280280280280278       -1.6041944783824709E-002 -0.46391194776663358     
  -3.0180180180180178       -2.4044076523947591E-002 -0.47959989811234105     
  -3.0080080080080078       -4.7052809735965366E-002 -0.49336585242801351     
  -2.9979979979979978       -7.4039761146208305E-002 -0.47528865714320412     
  -2.9879879879879878       -5.7565889502953493E-002 -0.46163360195836156     
  -2.9779779779779778       -6.1894047483357417E-002 -0.48870670743433808     
  -2.9679679679679678      -0.12443886839096342      -0.49486272723223135     
  -2.9579579579579578      -0.14248235773116000      -0.39221323303883204     
  -2.9479479479479478       -6.3555556663451460E-002 -0.37068137828611297     
  -2.9379379379379378       -3.1632214493501405E-002 -0.39481370604904020     
  -2.9279279279279278       -2.1031878979947044E-002 -0.41277398069375754     
  -2.9179179179179178       -1.5717278607052784E-002 -0.42611854836195462     
  -2.9079079079079078       -1.2986467383999807E-002 -0.43542219225470030     
  -2.8978978978978978       -9.8552414857596814E-003 -0.44436761346166109     
  -2.8878878878878878       -8.2844017366109479E-003 -0.45287629560158960     
  -2.8778778778778777       -7.4357226073093760E-003 -0.46053860231589061     
  -2.8678678678678677       -6.9240650423289495E-003 -0.46762092815230288     
  -2.8578578578578577       -6.6042651359163873E-003 -0.47432825359023373     
  -2.8478478478478477       -6.4081640158574994E-003 -0.48079813468193994     
  -2.8378378378378377       -6.2988349419727391E-003 -0.48712689830493477     
  -2.8278278278278277       -6.2545816784653719E-003 -0.49338585821727271     
  -2.8178178178178177       -6.2621499504008256E-003 -0.49963078880644884     
  -2.8078078078078077       -6.3134774170870937E-003 -0.50590775645575348     
  -2.7977977977977977       -6.4040890272605852E-003 -0.51225699526671387     
  -2.7877877877877877       -6.5325223214085671E-003 -0.51871576591855340     
  -2.7777777777777777       -6.7010895693083855E-003 -0.52532070386690344     
  -2.7677677677677677       -6.9208510495963093E-003 -0.53210822435886385     
  -2.7577577577577577       -7.2201234344077964E-003 -0.53908586504579081     
  -2.7477477477477477       -7.4951369643431569E-003 -0.54624723156218147     
  -2.7377377377377377       -7.7889276311388402E-003 -0.55380899392111838     
  -2.7277277277277276       -8.1933236257087025E-003 -0.56176089255530515     
  -2.7177177177177176       -8.7126263060141752E-003 -0.57016748824422880     
  -2.7077077077077076       -9.3887377636076488E-003 -0.57914597924605948     
  -2.6976976976976976       -1.0313090665348870E-002 -0.58886963162686734     
  -2.6876876876876876       -1.1683150098087503E-002 -0.59961261186722936     
  -2.6776776776776776       -1.3986956380385907E-002 -0.61183603369714579     
  -2.6676676676676676       -1.8693983419463482E-002 -0.62624841893150662     
  -2.6576576576576576       -3.0910345338515572E-002 -0.64201495814354903     
  -2.6476476476476476       -5.2634426158617797E-002 -0.64292647377897716     
  -2.6376376376376376       -5.2257925268876605E-002 -0.62765870133775570     
  -2.6276276276276276       -3.9670902183060755E-002 -0.64048073699676478     
  -2.6176176176176176       -5.1444387708236623E-002 -0.65099416992689740     
  -2.6076076076076076       -4.0820968635823671E-002 -0.64601556691567119     
  -2.5975975975975976       -2.9636050365550021E-002 -0.66701989393310490     
  -2.5875875875875876       -3.0787517706485520E-002 -0.69176365519647409     
  -2.5775775775775776       -3.9804971082701951E-002 -0.71239475206677993     
  -2.5675675675675675       -4.3567661049080539E-002 -0.73490635252311609     
  -2.5575575575575575       -6.3418081956920488E-002 -0.76997908936579162     
  -2.5475475475475475      -0.11698167704294361      -0.77897111768771710     
  -2.5375375375375375      -0.12252954300966548      -0.75851578052403290     
  -2.5275275275275275      -0.14674656809022135      -0.74241621394162394     
  -2.5175175175175175       -9.8499739884785401E-002 -0.73380048452347613     
  -2.5075075075075075       -8.6494445545586995E-002 -0.78948080138012167     
  -2.4974974974974975      -0.13389956827301303      -0.83863037975919208     
  -2.4874874874874875      -0.17661699211905302      -0.79224128906852243     
  -2.4774774774774775      -0.14065581513029551      -0.80723019865765977     
  -2.4674674674674675      -0.13990472320758937      -0.82228579610461616     
  -2.4574574574574575      -0.12511775318202470      -0.88350240189121632     
  -2.4474474474474475      -0.19176000618919045      -0.96731622042935794     
  -2.4374374374374375      -0.34626292884805759      -0.90879271040861953     
  -2.4274274274274275      -0.23987910178989233      -0.77683028877688032     
  -2.4174174174174174      -0.14085202738744373      -0.85913788314174766     
  -2.4074074074074074      -0.12238877807484529      -0.96703388508713073     
  -2.3973973973973974      -0.13972639348538832       -1.0839950565682666     
  -2.3873873873873874      -0.19717269186784539       -1.2251822111356712     
  -2.3773773773773774      -0.34988177956491512       -1.3875058675729579     
  -2.3673673673673674      -0.62768096777558791       -1.4331702024818231     
  -2.3573573573573574      -0.83478841565031559       -1.3403791572162451     
  -2.3473473473473474       -1.0136587449484513       -1.2092255439250241     
  -2.3373373373373374       -1.0583492309434459       -1.0554297341643895     
  -2.3273273273273274       -1.1388022378922504      -0.95502660476398993     
  -2.3173173173173174       -1.1740282305486358      -0.90608421722618859     
  -2.3073073073073074       -1.3555361763804841      -0.76500066035085768     
  -2.2972972972972974       -1.3652273033081836      -0.47491450952027708     
  -2.2872872872872874       -1.1909559722218588      -0.42390451135925411     
  -2.2772772772772774       -1.3794842372967231      -0.42285691938477360     
  -2.2672672672672673       -1.5082824428110737      -0.10672973250307451     
  -2.2572572572572573       -1.4273482289095709       0.28260824469761464     
  -2.2472472472472473       -1.1169242401957165       0.63070866156718597     
  -2.2372372372372373      -0.61820511036999481       0.70677527276237473     
  -2.2272272272272273      -0.30502704048348062       0.49895684571937338     
  -2.2172172172172173      -0.18195696361382813       0.30971347148049699     
  -2.2072072072072073      -0.12473928746297010       0.17340527711752537     
  -2.1971971971971973       -9.3097959965697849E-002   7.1641335595861597E-002
  -2.1871871871871873       -7.3530185832270556E-002  -8.0814873042588681E-003
  -2.1771771771771773       -6.0510352979393195E-002  -7.3071107160017343E-002
  -2.1671671671671673       -5.1420492022086109E-002 -0.12777822879104120     
  -2.1571571571571573       -4.4909528727195634E-002 -0.17507891720334318     
  -2.1471471471471473       -4.0331348973268497E-002 -0.21692237594211197     
  -2.1371371371371373       -3.7607276249133327E-002 -0.25425883830964607     
  -2.1271271271271273       -3.4931756687142622E-002 -0.28739091568091402     
  -2.1171171171171173       -3.2858055535433972E-002 -0.31971158539090289     
  -2.1071071071071072       -3.3645175525641086E-002 -0.35072335874238980     
  -2.0970970970970972       -3.9323418771580972E-002 -0.37660763516236584     
  -2.0870870870870872       -3.8651309183492424E-002 -0.39231965271659353     
  -2.0770770770770772       -3.0679844836892099E-002 -0.41615156480834409     
  -2.0670670670670672       -2.8049543635481518E-002 -0.44306824135588851     
  -2.0570570570570572       -2.8450973829222129E-002 -0.46815293496539861     
  -2.0470470470470472       -2.7751626907625504E-002 -0.49183420507411868     
  -2.0370370370370372       -2.8962654987919126E-002 -0.51760136480034447     
  -2.0270270270270272       -3.7341799557273264E-002 -0.54135135294239567     
  -2.0170170170170172       -4.4058536819557056E-002 -0.53111626885511154     
  -2.0070070070070072        5.0813299911235295E-002 -0.59458399788303928     
  -1.9969969969969972       -5.8897047970000393E-002 -0.63292192457365792     
  -1.9869869869869872       -3.8770046560897081E-002 -0.63507827331948719     
  -1.9769769769769772       -3.3525207412379777E-002 -0.66422973182076972     
  -1.9669669669669672       -3.3937626916609079E-002 -0.69424112037672225     
  -1.9569569569569571       -3.4727467134861835E-002 -0.72633845124803365     
  -1.9469469469469471       -3.7258398505144869E-002 -0.76149690846940654     
  -1.9369369369369371       -4.1513048956300820E-002 -0.79970208374199336     
  -1.9269269269269271       -4.7299949028965310E-002 -0.84206851239875502     
  -1.9169169169169171       -5.7003931393968144E-002 -0.89101205278619178     
  -1.9069069069069071       -7.7060064498729333E-002 -0.94476344158448911     
  -1.8968968968968971       -9.6781197118981158E-002 -0.98824792593246591     
  -1.8868868868868871      -0.10744817619072251       -1.0616940147991194     
  -1.8768768768768771      -0.15549998395892267       -1.1638171112298352     
  -1.8668668668668671      -0.28401311066217350       -1.2504394582986265     
  -1.8568568568568571      -0.37523057355079759       -1.2308300932339091     
  -1.8468468468468471      -0.48077437318117056       -1.2729927767746347     
  -1.8368368368368371      -0.51944612389844957       -1.2551864507239907     
  -1.8268268268268271      -0.67828493494118081       -1.3469970781088290     
  -1.8168168168168171      -0.86569894643370404       -1.2237124566053901     
  -1.8068068068068071      -0.92559337998062219       -1.1196869096997581     
  -1.7967967967967970      -0.93039345722185518      -0.91563558991752581     
  -1.7867867867867866      -0.71247627102483602      -0.90581166483120568     
  -1.7767767767767766      -0.70177636991471948       -1.1741628295897550     
  -1.7667667667667666      -0.97786697511140541       -1.2777876564920536     
  -1.7567567567567566       -1.2006323125154921       -1.1686058654637730     
  -1.7467467467467466       -1.3114495024611796       -1.0244305897043344     
  -1.7367367367367366       -1.3690621547278610      -0.84992181136794176     
  -1.7267267267267266       -1.3022229382336421      -0.76707786429391689     
  -1.7167167167167166       -1.3708247842658781      -0.82174478841494536     
  -1.7067067067067065       -1.5499205376272198      -0.70772904361801825     
  -1.6966966966966965       -1.6300856536863622      -0.50058577579323893     
  -1.6866866866866865       -1.6272237216776779      -0.30643875247736257     
  -1.6766766766766765       -1.5807456281629473      -0.10187891684011073     
  -1.6666666666666665       -1.3999494764975429        1.9209840531047601E-002
  -1.6566566566566565       -1.4313764379764864       -7.0854565668671876E-002
  -1.6466466466466465       -1.5689249798812113       0.15191284428541679     
  -1.6366366366366365       -1.5090824896274171       0.46864138032151242     
  -1.6266266266266265       -1.2886239806488287       0.76620003136766424     
  -1.6166166166166165      -0.89229278997449224       0.95322428392469361     
  -1.6066066066066065      -0.46126763003907922       0.84748315243510386     
  -1.5965965965965965      -0.25484879771123431       0.61639295841756570     
  -1.5865865865865865      -0.16859818643620422       0.43595397534028135     
  -1.5765765765765765      -0.12453136428606121       0.30068446188506898     
  -1.5665665665665665       -9.8494534065427908E-002  0.19437225658567989     
  -1.5565565565565564       -8.1635410118300888E-002  0.10709323374654285     
  -1.5465465465465464       -7.0050710551512255E-002   3.2903587384997296E-002
  -1.5365365365365364       -6.1776414121467442E-002  -3.1951628971922941E-002
  -1.5265265265265264       -5.5728868508698792E-002  -8.9983511639296063E-002
  -1.5165165165165164       -5.1273609681672772E-002 -0.14296330641719471     
  -1.5065065065065064       -4.8034704299203250E-002 -0.19220846479959244     
  -1.4964964964964964       -4.5823463097503618E-002 -0.23875860634497501     
  -1.4864864864864864       -4.4697845146676532E-002 -0.28346909082372812     
  -1.4764764764764764       -4.5263910968557551E-002 -0.32657859836070929     
  -1.4664664664664664       -4.5831721302625424E-002 -0.36660109771329819     
  -1.4564564564564564       -4.5019476719437221E-002 -0.40853786563719213     
  -1.4464464464464464       -4.7277482866944658E-002 -0.45257461915327057     
  -1.4364364364364364       -5.5854997999889557E-002 -0.49677844876181965     
  -1.4264264264264264       -6.8595413676737563E-002 -0.52747627978618838     
  -1.4164164164164164       -6.0409422254234839E-002 -0.55935674916206612     
  -1.4064064064064064       -5.7022351329731949E-002 -0.60840727218733992     
  -1.3963963963963963       -6.3278161155514503E-002 -0.65685351661910985     
  -1.3863863863863863       -6.4104548365880767E-002 -0.70288491932983743     
  -1.3763763763763763       -6.4357939299986566E-002 -0.76067314153184762     
  -1.3663663663663663       -6.9769505880127897E-002 -0.82585929332032115     
  -1.3563563563563563       -7.8696294235538242E-002 -0.89942501571204447     
  -1.3463463463463463       -9.4753497521107899E-002 -0.99018461826293203     
  -1.3363363363363363      -0.13404394926817598       -1.0805272770041869     
  -1.3263263263263263      -0.16564497301034117       -1.1904602747509343     
  -1.3163163163163163      -0.23555089662451184       -1.3477967717868204     
  -1.3063063063063063      -0.41514359290479547       -1.5156189333711150     
  -1.2962962962962963      -0.67486238977683422       -1.5631183432928601     
  -1.2862862862862863      -0.88563391064799646       -1.5091449762487772     
  -1.2762762762762763       -1.0345822801077276       -1.4481087917592381     
  -1.2662662662662663       -1.1844110729450794       -1.3776110192102031     
  -1.2562562562562563       -1.3125550195990703       -1.2857363336712098     
  -1.2462462462462462       -1.4201609814937379       -1.1841838690631963     
  -1.2362362362362362       -1.5112777271131486       -1.0770967701805705     
  -1.2262262262262262       -1.5890043022255811      -0.96525894058122896     
  -1.2162162162162162       -1.6549562229584620      -0.84818346374482045     
  -1.2062062062062062       -1.7094978927826538      -0.72459671616359700     
  -1.1961961961961962       -1.7511227623138041      -0.59273630046491332     
  -1.1861861861861862       -1.7780259457980239      -0.45145186395574899     
  -1.1761761761761762       -1.7815015087377286      -0.29155245446315986     
  -1.1661661661661662       -1.7240820430454618      -0.11900677900232245     
  -1.1561561561561562       -1.5926265984633530       -3.9368769714288120E-002
  -1.1461461461461462       -1.5585892441837659        6.5927280913540588E-003
  -1.1361361361361362       -1.4526827311214034        3.9801269212727572E-002
  -1.1261261261261262       -1.4804304101326715       -5.2417587448129410E-002
  -1.1161161161161162       -1.6414717898958231        5.9317509027927574E-002
  -1.1061061061061062       -1.6342618747487414       0.28376345586232965     
  -1.0960960960960962       -1.5121347011324711       0.41589325054439902     
  -1.0860860860860861       -1.4292437566726219       0.43479349617074109     
  -1.0760760760760761       -1.5121695352043425       0.54349666453071688     
  -1.0660660660660661       -1.4534450194958992       0.79692665391406936     
  -1.0560560560560561       -1.2654959856318737        1.0247144168731261     
  -1.0460460460460461      -0.96552175997663681        1.1887976567667646     
  -1.0360360360360361      -0.57343241573818027        1.1833049038852708     
  -1.0260260260260261      -0.30351853739389906       0.97615719052041250     
  -1.0160160160160161      -0.19184747215445713       0.77792959879410128     
  -1.0060060060060061      -0.13881357087140669       0.62784227703771756     
 -0.99599599599599564      -0.10869453291041284       0.51051114878677673     
 -0.98598598598598564       -8.9538337607389884E-002  0.41466114366710866     
 -0.97597597597597563       -7.6437354539572677E-002  0.33354733197254965     
 -0.96596596596596562       -6.7032266379642103E-002  0.26298137980690955     
 -0.95595595595595562       -6.0054659755682686E-002  0.20021344820005393     
 -0.94594594594594561       -5.4765025366187811E-002  0.14334380214509559     
 -0.93593593593593560       -5.0705582941313200E-002   9.1000399638345608E-002
 -0.92592592592592560       -4.7580172468250879E-002   4.2152409736359142E-002
 -0.91591591591591559       -4.5191237357265913E-002  -4.0034306188002546E-003
 -0.90590590590590558       -4.3404763071354144E-002  -4.8115547379116219E-002
 -0.89589589589589558       -4.2129936044018747E-002  -9.0726371743036133E-002
 -0.88588588588588557       -4.1307098960415192E-002 -0.13230688030336105     
 -0.87587587587587556       -4.0900758035740579E-002 -0.17328257029350980     
 -0.86586586586586556       -4.0896041891490653E-002 -0.21405459897522136     
 -0.85585585585585555       -4.1298046781678824E-002 -0.25501885904061783     
 -0.84584584584584555       -4.2134524314321325E-002 -0.29658555650663559     
 -0.83583583583583554       -4.3464290188867064E-002 -0.33920243462690780     
 -0.82582582582582553       -4.5399600738329826E-002 -0.38338626243523810     
 -0.81581581581581553       -4.8174839812841840E-002 -0.42976549140660608     
 -0.80580580580580552       -5.2405983459851410E-002 -0.47905156033655449     
 -0.79579579579579551       -5.9385321413201519E-002 -0.53066379976832967     
 -0.78578578578578551       -6.4756531370249143E-002 -0.58448620410688790     
 -0.77577577577577550       -7.2402045335986695E-002 -0.64881732773659317     
 -0.76576576576576549       -8.9321133892801594E-002 -0.72268884963322777     
 -0.75575575575575549      -0.12777912691600365      -0.79798746986507729     
 -0.74574574574574548      -0.15288532911813735      -0.84139992927362273     
 -0.73573573573573547      -0.15365184403922283      -0.94111048895909621     
 -0.72572572572572547      -0.20360160322723689       -1.0666364299499058     
 -0.71571571571571546      -0.26377621758874031       -1.2035402646349964     
 -0.70570570570570545      -0.41878683612819539       -1.3996337188311252     
 -0.69569569569569545      -0.70656020873202297       -1.4886588589129635     
 -0.68568568568568544      -0.96425721120953045       -1.4439159169115972     
 -0.67567567567567544       -1.1620718241150765       -1.3508418139535818     
 -0.66566566566566543       -1.3170789247448176       -1.2405859244730029     
 -0.65565565565565542       -1.4415766392285467       -1.1230862576837342     
 -0.64564564564564542       -1.5430660258774118       -1.0020443910883301     
 -0.63563563563563541       -1.6262649373825591      -0.87891999860497250     
 -0.62562562562562540       -1.6942354470789907      -0.75420829101988818     
 -0.61561561561561540       -1.7489719051340447      -0.62791985809617068     
 -0.60560560560560539       -1.7917051061339897      -0.49977583277462084     
 -0.59559559559559538       -1.8230325501966138      -0.36927907524751469     
 -0.58558558558558538       -1.8428773820380842      -0.23571908378344295     
 -0.57557557557557537       -1.8500693184511732       -9.8214243593062689E-002
 -0.56556556556556536       -1.8408293674615319        4.2810749980236741E-002
 -0.55555555555555536       -1.8169031388779719       0.17766889949650214     
 -0.54554554554554535       -1.7876731774687360       0.32504133942556485     
 -0.53553553553553535       -1.7210974993224020       0.48139055311876283     
 -0.52552552552552534       -1.6278147001263463       0.61361084027562818     
 -0.51551551551551533       -1.5070901999960715       0.76893273580941812     
 -0.50550550550550533       -1.2623147514732120       0.85343275124331819     
 -0.49549549549549532       -1.1382679948203616       0.66796630036870985     
 -0.48548548548548531       -1.3136890995527246       0.75222727332825323     
 -0.47547547547547531       -1.2318362185746579        1.0240154920341904     
 -0.46546546546546530      -0.97574247099493083        1.2189498174712137     
 -0.45545545545545529      -0.61139181983837232        1.2587584863276715     
 -0.44544544544544529      -0.32091031333280923        1.0820136355410108     
 -0.43543543543543528      -0.19733579444551763       0.88386764720697319     
 -0.42542542542542527      -0.14107025996969938       0.73202264178607757     
 -0.41541541541541527      -0.11002081544034291       0.61343442654006819     
 -0.40540540540540526       -9.0616569501116129E-002  0.51654824083236495     
 -0.39539539539539525       -7.7498740785271220E-002  0.43442261145589350     
 -0.38538538538538525       -6.8162545031622737E-002  0.36278237161157645     
 -0.37537537537537524       -6.1288175612795315E-002  0.29884090381922085     
 -0.36536536536536524       -5.6117511532195158E-002  0.24068188832083084     
 -0.35535535535535523       -5.2186667162864853E-002  0.18692393568751992     
 -0.34534534534534522       -4.9198504399960243E-002  0.13652848531287720     
 -0.33533533533533522       -4.6956757127972024E-002   8.8683629077343368E-002
 -0.32532532532532521       -4.5329831276074525E-002   4.2730137154253729E-002
 -0.31531531531531520       -4.4230017115911971E-002  -1.8881064117928141E-003
 -0.30530530530530520       -4.3601273667353703E-002  -4.5659175267451800E-002
 -0.29529529529529519       -4.3412135103767284E-002  -8.9029543695627864E-002
 -0.28528528528528518       -4.3651966293032932E-002 -0.13242562958958085     
 -0.27527527527527518       -4.4329709190345665E-002 -0.17627306263232864     
 -0.26526526526526517       -4.5474844574968032E-002 -0.22101582010771192     
 -0.25525525525525516       -4.7140776211275097E-002 -0.26713734334433364     
 -0.24524524524524516       -4.9411402837364490E-002 -0.31518616192986937     
 -0.23523523523523515       -5.2412496262521181E-002 -0.36580955377972607     
 -0.22522522522522515       -5.6331047136100473E-002 -0.41980072732661616     
 -0.21521521521521514       -6.1448838194808376E-002 -0.47816873109676944     
 -0.20520520520520513       -6.8203263349275497E-002 -0.54224750656996112     
 -0.19519519519519513       -7.7304470559391963E-002 -0.61387503850940972     
 -0.18518518518518512       -8.9980081841213477E-002 -0.69570411802464205     
 -0.17517517517517511      -0.10854404826701458      -0.79177151914953037     
 -0.16516516516516511      -0.13792074803114665      -0.90857295075804889     
 -0.15515515515515510      -0.19056090778366311       -1.0567826656857537     
 -0.14514514514514509      -0.30494622145602107       -1.2475443645425852     
 -0.13513513513513509      -0.56319687094617632       -1.4162532358556039     
 -0.12512512512512508      -0.87466239403578061       -1.4172818923051798     
 -0.11511511511511507       -1.1178678297777354       -1.3195945131153732     
 -0.10510510510510507       -1.2976774543831486       -1.1817152035020839     
  -9.5095095095095061E-002  -1.4123472570409861       -1.0154134278121167     
  -8.5085085085085055E-002  -1.4134790875888061      -0.88570169060833270     
  -7.5075075075075048E-002  -1.4929441872685152      -0.88076506039202773     
  -6.5065065065065042E-002  -1.6039995008998593      -0.77293571493959357     
  -5.5055055055055035E-002  -1.6701956476180861      -0.67912347230802372     
  -4.5045045045045029E-002  -1.7513135304609788      -0.56613619367530688     
  -3.5035035035035023E-002  -1.8047722225618479      -0.43780687786179301     
  -2.5025025025025016E-002  -1.8389789652663915      -0.31042222767820465     
  -1.5015015015015010E-002  -1.8596454313883120      -0.18484187752025524     
  -5.0050050050050032E-003  -1.8685420749151189       -6.0878217139358988E-002
   5.0050050050050032E-003  -1.8685423293824677        6.0866754906523345E-002
   1.5015015015015010E-002  -1.8596462167968515       0.18483063127303834     
   2.5025025025025016E-002  -1.8389801900080831       0.31041146171251938     
   3.5035035035035023E-002  -1.8047736881712091       0.43779684670024566     
   4.5045045045045029E-002  -1.7513148105141465       0.56612703178708890     
   5.5055055055055035E-002  -1.6701967955432488       0.67911428077257907     
   6.5065065065065042E-002  -1.6040015804403021       0.77292959383142901     
   7.5075075075075048E-002  -1.4929431145910976       0.88076076670574210     
   8.5085085085085055E-002  -1.4134754381475667       0.88569679767219112     
   9.5095095095095061E-002  -1.4123429598885524        1.0154096754560333     
  0.10510510510510507       -1.2976692997871151        1.1817139253265798     
  0.11511511511511507       -1.1178523143753221        1.3195942200694013     
  0.12512512512512508      -0.87463507896658754        1.4172776293578919     
  0.13513513513513509      -0.56315944269750962        1.4162294145521450     
  0.14514514514514509      -0.30492598425510808        1.2475025522335572     
  0.15515515515515510      -0.19055320083864294        1.0567438719620497     
  0.16516516516516511      -0.13791738505097315       0.90853754984478030     
  0.17517517517517511      -0.10854254598336653       0.79173793365506695     
  0.18518518518518512       -8.9979569575296403E-002  0.69567130605631233     
  0.19519519519519513       -7.7304582067783914E-002  0.61384232246831494     
  0.20520520520520513       -6.8203826030380665E-002  0.54221440238678564     
  0.21521521521521514       -6.1449767174015263E-002  0.47813485575388637     
  0.22522522522522515       -5.6332303226664417E-002  0.41976574827287627     
  0.23523523523523515       -5.2414067464201589E-002  0.36577315881451167     
  0.24524524524524516       -4.9413295788629387E-002  0.31514803911988554     
  0.25525525525525516       -4.7143012422917296E-002  0.26709716571401132     
  0.26526526526526517       -4.5477459317263193E-002  0.22097323219354414     
  0.27527527527527518       -4.4332752160008558E-002  0.17622766703967968     
  0.28528528528528518       -4.3655503789515090E-002  0.13237697209631905     
  0.29529529529529519       -4.3416253813712724E-002   8.8977095479487900E-002
  0.30530530530530520       -4.3606086476216693E-002   4.5602310580063053E-002
  0.31531531531531520       -4.4235671755012661E-002   1.8260734613781715E-003
  0.32532532532532521       -4.5336523198745336E-002  -4.2798255333420146E-002
  0.33533533533533522       -4.6964748991189513E-002  -8.8758968645003308E-002
  0.34534534534534522       -4.9208156289320730E-002 -0.13661247820844818     
  0.35535535535535523       -5.2198485027619479E-002 -0.18701842131649146     
  0.36536536536536524       -5.6132227934966430E-002 -0.24078928160760285     
  0.37537537537537524       -6.1306890958129835E-002 -0.29896445723685489     
  0.38538538538538525       -6.8186989403035470E-002 -0.36292660083599027     
  0.39539539539539525       -7.7531795664350547E-002 -0.43459402016425613     
  0.40540540540540526       -9.0663406210430314E-002 -0.51675662115083754     
  0.41541541541541527      -0.11009168864217941      -0.61369531122385557     
  0.42542542542542527      -0.14118850586245807      -0.73236194652783793     
  0.43543543543543528      -0.19756564263554025      -0.88432740251618402     
  0.44544544544544529      -0.32146234480242530       -1.0826025505874941     
  0.45545545545545529      -0.61249409994906945       -1.2589586121389587     
  0.46546546546546530      -0.97669166207347990       -1.2185065086926645     
  0.47547547547547531       -1.2323954007136217       -1.0232464117381781     
  0.48548548548548531       -1.3135086011540762      -0.75137400257333342     
  0.49549549549549532       -1.1378516359446005      -0.66851523868830098     
  0.50550550550550533       -1.2632513359960855      -0.85350650034759235     
  0.51551551551551533       -1.5076764048471507      -0.76836116206864080     
  0.52552552552552534       -1.6280498557530299      -0.61306293492860242     
  0.53553553553553535       -1.7213010999914575      -0.48089539783183405     
  0.54554554554554535       -1.7878115447552776      -0.32454679550964399     
  0.55555555555555536       -1.8170144015988323      -0.17718250979251690     
  0.56556556556556536       -1.8408896340819345       -4.2280345806181396E-002
  0.57557557557557537       -1.8500588147987491        9.8742879310137602E-002
  0.58558558558558538       -1.8428149163678000       0.23623921093313935     
  0.59559559559559538       -1.8229238818635169       0.36979350349801438     
  0.60560560560560539       -1.7915506954913227       0.50028698581945530     
  0.61561561561561540       -1.7487693992532773       0.62842936951790285     
  0.62562562562562540       -1.6939801084628143       0.75471703807367330     
  0.63563563563563541       -1.6259493048368803       0.87942792739506059     
  0.64564564564564542       -1.5426789641691263        1.0025499738985493     
  0.65565565565565542       -1.4411015031508152        1.1235851957457874     
  0.66566566566566543       -1.3164900843960086        1.2410679449382882     
  0.67567567567567544       -1.1613280392066578        1.3512816578083884     
  0.68568568568568544      -0.96329139337289971        1.4442428902026154     
  0.69569569569569545      -0.70531234498978279        1.4886387604095084     
  0.70570570570570545      -0.41773838843682043        1.3988668084968658     
  0.71571571571571546      -0.26344698484362633        1.2027657927951216     
  0.72572572572572547      -0.20331214093380268        1.0661382058066315     
  0.73573573573573547      -0.15354186136668965       0.94057756198303955     
  0.74574574574574548      -0.15293936465578351       0.84113306208511018     
  0.75575575575575549      -0.12755813175163921       0.79773979050027100     
  0.76576576576576549       -8.9210889616423789E-002  0.72235826757596799     
  0.77577577577577550       -7.2351576387150840E-002  0.64852746530491390     
  0.78578578578578551       -6.4735638826080424E-002  0.58424143802457951     
  0.79579579579579551       -5.9348727039245965E-002  0.53045503793105186     
  0.80580580580580552       -5.2380044342531934E-002  0.47884560018969208     
  0.81581581581581553       -4.8157971661831660E-002  0.42957533112189150     
  0.82582582582582553       -4.5387117967772228E-002  0.38320955874401891     
  0.83583583583583554       -4.3454573635601471E-002  0.33903639127579033     
  0.84584584584584555       -4.2126838974700584E-002  0.29642799648770918     
  0.85585585585585555       -4.1291983130587941E-002  0.25486804711922301     
  0.86586586586586556       -4.0891348334015955E-002  0.21390908779099799     
  0.87587587587587556       -4.0897277253040556E-002  0.17314109951156673     
  0.88588588588588557       -4.1304739793080275E-002  0.13216830597894380     
  0.89589589589589558       -4.2128660957367010E-002   9.0589611147040797E-002
  0.90590590590590558       -4.3404584538059433E-002   4.7979530297373015E-002
  0.91591591591591559       -4.5192221220810250E-002   3.8670505308443870E-003
  0.92592592592592560       -4.7582448839016508E-002  -4.2290350925579409E-002
  0.93593593593593560       -5.0709367504508614E-002  -9.1141261144095237E-002
  0.94594594594594561       -5.4770657518528602E-002 -0.14348919973314922     
  0.95595595595595562       -6.0062670849573459E-002 -0.20036539477206905     
  0.96596596596596562       -6.7043506417648321E-002 -0.26314250569995246     
  0.97597597597597563       -7.6453242107044919E-002 -0.33372125093347521     
  0.98598598598598564       -8.9561395747450825E-002 -0.41485309738024362     
  0.99599599599599564      -0.10872967227590742      -0.51072920626523022     
   1.0060060060060056      -0.13887164764710475      -0.62809961595002406     
   1.0160160160160157      -0.19195721079318490      -0.77824789553405782     
   1.0260260260260257      -0.30377280878216334      -0.97655312236575631     
   1.0360360360360357      -0.57399908293864044       -1.1835677702694569     
   1.0460460460460457      -0.96604862675325565       -1.1886953567330365     
   1.0560560560560557       -1.2658383944227143       -1.0244909008816978     
   1.0660660660660657       -1.4536466357074149      -0.79667781880833100     
   1.0760760760760757       -1.5122311775201023      -0.54326631538111447     
   1.0860860860860857       -1.4292334561420701      -0.43472926644780047     
   1.0960960960960957       -1.5122568302482502      -0.41589535121286791     
   1.1061061061061057       -1.6343924424356975      -0.28360300905456631     
   1.1161161161161157       -1.6414299747231382       -5.9249263895405808E-002
   1.1261261261261257       -1.4811565709856016        5.2646728447127020E-002
   1.1361361361361357       -1.4515151837687064       -4.0810191043219847E-002
   1.1461461461461457       -1.5601255358185906       -4.6098362660242434E-003
   1.1561561561561557       -1.5919673471232207        3.7875897373474320E-002
   1.1661661661661658       -1.7246052517327599       0.11933181044039846     
   1.1761761761761758       -1.7813857030092990       0.29199075761270898     
   1.1861861861861858       -1.7776614869257243       0.45130846868083985     
   1.1961961961961958       -1.7513383374708105       0.59277177900035671     
   1.2062062062062058       -1.7095090829992361       0.72477133200998700     
   1.2162162162162158       -1.6548907341246610       0.84832819251472658     
   1.2262262262262258       -1.5888801983852658       0.96537214650812853     
   1.2362362362362358       -1.5110820409671146        1.0770838929719633     
   1.2462462462462458       -1.4202187824208896        1.1840047368000319     
   1.2562562562562558       -1.3129249027077379        1.2859287521960177     
   1.2662662662662658       -1.1837539773938264        1.3786907606104304     
   1.2762762762762758       -1.0337215674452644        1.4460817273609730     
   1.2862862862862858      -0.88683480324565456        1.5100238044327772     
   1.2962962962962958      -0.67431691363132984        1.5637109553734239     
   1.3063063063063058      -0.41450466718924645        1.5153893259308850     
   1.3163163163163158      -0.23541346211624725        1.3472466305841171     
   1.3263263263263259      -0.16598634894292208        1.1899698520470470     
   1.3363363363363359      -0.13501087609551243        1.0808368288482302     
   1.3463463463463459       -9.3793618177063040E-002  0.99080241823702864     
   1.3563563563563559       -7.8299672559419387E-002  0.89895120714522314     
   1.3663663663663659       -6.9832078562397107E-002  0.82534392530046785     
   1.3763763763763759       -6.4990289974452192E-002  0.76027708189653265     
   1.3863863863863859       -6.4820983119539835E-002  0.70413201957499771     
   1.3963963963963959       -6.1797785363416104E-002  0.65700346663296760     
   1.4064064064064059       -5.6815592171844995E-002  0.60725362852388809     
   1.4164164164164168       -6.1714848858426111E-002  0.55891035518579379     
   1.4264264264264268       -6.8220487992795523E-002  0.52862907980287088     
   1.4364364364364368       -5.5431504759122376E-002  0.49660274213953898     
   1.4464464464464468       -4.7203565052515661E-002  0.45232165397270296     
   1.4564564564564568       -4.5155613975417432E-002  0.40833317145093073     
   1.4664664664664668       -4.5988447775556704E-002  0.36674478129512400     
   1.4764764764764768       -4.5197828450316765E-002  0.32658486513030988     
   1.4864864864864868       -4.4678986134854534E-002  0.28343073384536865     
   1.4964964964964969       -4.5819062492497752E-002  0.23871985068667265     
   1.5065065065065069       -4.8034690592937787E-002  0.19216968264656456     
   1.5165165165165169       -5.1275583445524527E-002  0.14292302363816778     
   1.5265265265265269       -5.5732282934119415E-002   8.9940457824859252E-002
   1.5365365365365369       -6.1781358511681955E-002   3.1904516870405714E-002
   1.5465465465465469       -7.0057699533182263E-002  -3.2956351212265637E-002
   1.5565565565565569       -8.1645544585688817E-002 -0.10715390473683155     
   1.5665665665665669       -9.8510114872373211E-002 -0.19444434273879529     
   1.5765765765765769      -0.12455773294350675      -0.30077384246360733     
   1.5865865865865869      -0.16865004917646509      -0.43607074610784569     
   1.5965965965965969      -0.25497639384898674      -0.61654802806762654     
   1.6066066066066069      -0.46164352848283857      -0.84757070893694930     
   1.6166166166166169      -0.89264790804968874      -0.95254091132417162     
   1.6266266266266269       -1.2869483279593208      -0.76539067839080954     
   1.6366366366366369       -1.5077728087569597      -0.47238914985791858     
   1.6466466466466469       -1.5752058676865981      -0.15671149215966040     
   1.6566566566566570       -1.4467811979971312        8.6899541803242303E-002
   1.6666666666666670       -1.3571310212644536       -1.0667912916117716E-002
   1.6766766766766770       -1.5869664405881245        6.4001371858705053E-002
   1.6866866866866870       -1.6640652764379109       0.30363779440395422     
   1.6966966966966970       -1.6378400019300603       0.53515517122403877     
   1.7067067067067070       -1.5216378645940454       0.73238811272912219     
   1.7167167167167170       -1.3205634621518865       0.79214022641025361     
   1.7267267267267270       -1.3491775149617495       0.70712579795821895     
   1.7367367367367370       -1.4079750282418961       0.89042269780874883     
   1.7467467467467470       -1.3004834866538979        1.0558910967416599     
   1.7567567567567570       -1.1763598164798503        1.1836875334347008     
   1.7667667667667670      -0.93901264634559423        1.2696621560896373     
   1.7767767767767770      -0.68697872748450295        1.1115747513420402     
   1.7867867867867870      -0.79819519970824981       0.85898258496828139     
   1.7967967967967970      -0.98324812794892125        1.0312123374460895     
   1.8068068068068071      -0.83427794401681121        1.1745092783056916     
   1.8168168168168171      -0.77305038686786032        1.1736615140366933     
   1.8268268268268271      -0.73125658398875359        1.1935089915885191     
   1.8368368368368371      -0.65830304274760965        1.3460335753947534     
   1.8468468468468471      -0.41189471717589538        1.3459735034170777     
   1.8568568568568571      -0.33175376354101171        1.2177962055408569     
   1.8668668668668671      -0.26562074198950636        1.2175804699187458     
   1.8768768768768771      -0.17636756422071412        1.1306015532878619     
   1.8868868868868871      -0.14112963230806125        1.0773936156767276     
   1.8968968968968971       -8.9762463950955704E-002   1.0120330400187667     
   1.9069069069069071       -6.5803623829260388E-002  0.94440563485024953     
   1.9169169169169171       -5.3527659436137250E-002  0.88785071464753651     
   1.9269269269269271       -4.6168781091511756E-002  0.83963215721596740     
   1.9369369369369371       -4.1211085859616844E-002  0.79766116522211650     
   1.9469469469469471       -3.7533955242402890E-002  0.75944092090590509     
   1.9569569569569571       -3.5884719471531164E-002  0.72389986713812648     
   1.9669669669669672       -3.7517888858545685E-002  0.69112654998915124     
   1.9769769769769772       -4.5613371058434646E-002  0.66412568267987815     
   1.9869869869869872       -4.5047818074623387E-002  0.66782529928776979     
   1.9969969969969972        1.1845315279249324E-002  0.63329116094322879     
   2.0070070070070072       -2.8160305344598142E-002  0.54954914200749105     
   2.0170170170170172       -3.9962295237875471E-002  0.56366840336111945     
   2.0270270270270272       -2.9452937605424310E-002  0.54216830847919950     
   2.0370370370370372       -2.6745466296752098E-002  0.51633690750112260     
   2.0470470470470472       -2.6895259380567631E-002  0.49093762550693582     
   2.0570570570570572       -2.7944183189731457E-002  0.46723988700039343     
   2.0670670670670672       -2.8053792124884840E-002  0.44204903737679918     
   2.0770770770770772       -3.1347579780685988E-002  0.41510134728670001     
   2.0870870870870872       -4.0689244119204160E-002  0.39237051037288351     
   2.0970970970970972       -3.8738753734270187E-002  0.37840318775150772     
   2.1071071071071072       -3.3020882994472540E-002  0.35067314746230283     
   2.1171171171171173       -3.2674554300779202E-002  0.31956242921192607     
   2.1271271271271273       -3.4869721947964762E-002  0.28728734403004258     
   2.1371371371371373       -3.7580629424521381E-002  0.25418394825379947     
   2.1471471471471473       -4.0320823856581908E-002  0.21685832273169281     
   2.1571571571571573       -4.4907926984807063E-002  0.17501877177716749     
   2.1671671671671673       -5.1425413694660041E-002  0.12771607165652335     
   2.1771771771771773       -6.0522293451671746E-002   7.3001256456081146E-002
   2.1871871871871873       -7.3552454603208958E-002   7.9967909798730908E-003
   2.1971971971971973       -9.3139111362239430E-002  -7.1751999227300023E-002
   2.2072072072072073      -0.12482153656092727      -0.17356151544791049     
   2.2172172172172173      -0.18214676793317408      -0.30994984131459646     
   2.2272272272272273      -0.30556269491649662      -0.49928837533799431     
   2.2372372372372373      -0.61968978972786071      -0.70653326992939636     
   2.2472472472472473       -1.1180047568720293      -0.62828494817145730     
   2.2572572572572573       -1.4256989095193773      -0.27845869777343712     
   2.2672672672672673       -1.4992273652794412       0.11061209444870553     
   2.2772772772772774       -1.3570585782089393       0.40362088947925073     
   2.2872872872872874       -1.2510181465283101       0.38277543295840027     
   2.2972972972972974       -1.3881550184218094       0.54849097619463871     
   2.3073073073073074       -1.2971395336469886       0.79496482748030683     
   2.3173173173173174       -1.1271243055923161       0.86271626767202481     
   2.3273273273273274       -1.1526578366763727       0.90316922801173616     
   2.3373373373373374       -1.1327748135893438        1.0532047024159716     
   2.3473473473473474       -1.0172079608555729        1.2585721320085390     
   2.3573573573573574      -0.81400820783368322        1.3578597177077858     
   2.3673673673673674      -0.60585062128684386        1.4357699932653825     
   2.3773773773773774      -0.33446109005217906        1.3742489544201699     
   2.3873873873873874      -0.19359271542082981        1.2092334588758908     
   2.3973973973973974      -0.14331404825474300        1.0674009387399652     
   2.4074074074074074      -0.13790626665546357       0.94758836689248138     
   2.4174174174174174      -0.19232021028244412       0.85160178930345576     
   2.4274274274274275      -0.27064897484305639       0.87476808495249014     
   2.4374374374374375      -0.23918301289689659       0.94063472104325319     
   2.4474474474474475      -0.14480636944105460       0.90147959187906690     
   2.4574574574574575      -0.13859497946679739       0.81224782170110033     
   2.4674674674674675      -0.22754279285477408       0.78002121977025463     
   2.4774774774774775      -0.21172231365276911       0.90017985539529466     
   2.4874874874874875      -0.10648643720283213       0.87286562788362188     
   2.4974974974974975       -7.3048024990414476E-002  0.80859744531309308     
   2.5075075075075075       -7.2652452872523171E-002  0.74905881867476742     
   2.5175175175175175      -0.11024637599196499       0.69483686571079428     
   2.5275275275275275      -0.19912504062309980       0.72000399358706091     
   2.5375375375375375      -0.15597162559246505       0.82172736585742134     
   2.5475475475475475       -7.4016731415066150E-002  0.80043519637006988     
   2.5575575575575575       -4.6054791315063050E-002  0.75808422310582924     
   2.5675675675675675       -3.9093956104217835E-002  0.72390357978771291     
   2.5775775775775776       -3.9981556163438486E-002  0.70305253082531427     
   2.5875875875875876       -3.6567065235552983E-002  0.68158652426515975     
   2.5975975975975976       -4.9190841001655668E-002  0.66426400500808269     
   2.6076076076076076       -4.5515498180675878E-002  0.67168467687611022     
   2.6176176176176176       -3.1355892633464715E-002  0.65368317158534894     
   2.6276276276276276       -3.4174312023944914E-002  0.63030800257999520     
   2.6376376376376376       -5.7672973773400318E-002  0.61961343624371723     
   2.6476476476476476       -5.7871880675919703E-002  0.64854556965250532     
   2.6576576576576576       -2.9318377902476423E-002  0.64317822357168741     
   2.6676676676676676       -1.8242895682965724E-002  0.62618329909208892     
   2.6776776776776776       -1.3861024264085616E-002  0.61176044891150627     
   2.6876876876876876       -1.1639910111413325E-002  0.59956820316353232     
   2.6976976976976976       -1.0295447079851165E-002  0.58884272353019607     
   2.7077077077077076       -9.3805418453609939E-003  0.57912808348604594     
   2.7177177177177176       -8.7084997750978086E-003  0.57015439288179193     
   2.7277277277277276       -8.1913386525616985E-003  0.56175042871580882     
   2.7377377377377377       -7.7887955140780963E-003  0.55380007391742647     
   2.7477477477477477       -7.4975740592016296E-003  0.54624174667645331     
   2.7577577577577577       -7.2171369543673845E-003  0.53908230398362311     
   2.7677677677677677       -6.9192873715824841E-003  0.53210194402623290     
   2.7777777777777777       -6.7005971153870029E-003  0.52531460695877330     
   2.7877877877877877       -6.5324837460025310E-003  0.51870979561579511     
   2.7977977977977977       -6.4043877791065537E-003  0.51225088649518180     
   2.8078078078078077       -6.3141696340373544E-003  0.50590120316819531     
   2.8178178178178177       -6.2634369694181610E-003  0.49962337302721416     
   2.8278278278278277       -6.2569190853670083E-003  0.49337691628168900     
   2.8378378378378377       -6.3032669111231059E-003  0.48711525963305252     
   2.8478478478478477       -6.4173228721443060E-003  0.48078157452765291     
   2.8578578578578577       -6.6257902007327198E-003  0.47430246081592226     
   2.8678678678678677       -6.9845355116677698E-003  0.46757998085854940     
   2.8778778778778777       -7.6384137569548930E-003  0.46052029879953127     
   2.8878878878878878       -8.6156667056836722E-003  0.45333624409336704     
   2.8978978978978978       -9.4189389112540236E-003  0.44523884248170603     
   2.9079079079079078       -1.1169613767515421E-002  0.43555485723978510     
   2.9179179179179178       -1.4751615730826263E-002  0.42394393648456974     
   2.9279279279279278       -2.1718182066919323E-002  0.41020879201075916     
   2.9379379379379378       -3.5870760287966458E-002  0.39130388919701337     
   2.9479479479479478       -7.7461999776898757E-002  0.37637770291201411     
   2.9579579579579578      -0.12345756791747350       0.41499415603960932     
   2.9679679679679678      -0.10651672194427056       0.47758383732844722     
   2.9779779779779778       -7.0574136596026960E-002  0.46662781328373615     
   2.9879879879879878       -8.5541264312476800E-002  0.47046580369764712     
   2.9979979979979978       -6.4655666141200593E-002  0.48979758312365562     
   3.0080080080080087       -4.0353965813396959E-002  0.49263994022434737     
   3.0180180180180187       -2.1893376757636366E-002  0.47753529134738687     
   3.0280280280280287       -1.5312948717896740E-002  0.46233687285274000     
   3.0380380380380387       -1.3099027419985849E-002  0.44939466986943122     
   3.0480480480480487       -1.3287994464674569E-002  0.43719056190933780     
   3.0580580580580587       -1.6335180579654916E-002  0.42413741290677159     
   3.0680680680680688       -2.6083343075454814E-002  0.40867103643863734     
   3.0780780780780788       -5.7225378914303925E-002  0.39723531703653692     
   3.0880880880880888       -8.9513734788045654E-002  0.44737827213585502     
   3.0980980980980988       -4.3072086539536911E-002  0.47240112866347900     
   3.1081081081081088       -2.1195529641089214E-002  0.45743546602189317     
   3.1181181181181188       -1.4561233879541223E-002  0.44358175776126618     
   3.1281281281281288       -1.4074553145352890E-002  0.43208616238944031     
   3.1381381381381388       -1.9735270342455844E-002  0.42506293951964247     
   3.1481481481481488       -2.0493775220398192E-002  0.42527824287218774     
   3.1581581581581588       -2.4898737200679168E-002  0.42317442976206349     
   3.1681681681681688       -1.8826303912032601E-002  0.42958095511479544     
   3.1781781781781788       -1.1552895619780974E-002  0.42255379646739527     
   3.1881881881881888       -1.0976589762738983E-002  0.41397568766182496     
   3.1981981981981988       -1.6691160936901935E-002  0.40689467915695482     
   3.2082082082082088       -2.5121873138834495E-002  0.41242915848532891     
   3.2182182182182189       -1.7626142496273138E-002  0.42034801159725760     
   3.2282282282282289       -9.0414424903329099E-003  0.41588381798981355     
   3.2382382382382389       -5.9613260543955370E-003  0.41002878481313482     
   3.2482482482482489       -4.6932223443770576E-003  0.40515159811519325     
   3.2582582582582589       -4.0701672130634466E-003  0.40094898483440622     
   3.2682682682682689       -3.7685739391131101E-003  0.39714255718970565     
   3.2782782782782789       -3.7552990318072076E-003  0.39354872644134059     
   3.2882882882882889       -4.3266863154865741E-003  0.39017201910231891     
   3.2982982982982989       -5.3859604322490208E-003  0.38825644767185546     
   3.3083083083083089       -4.9179698854700336E-003  0.38692429606611600     
   3.3183183183183189       -3.6181908690197245E-003  0.38467562921782078     
   3.3283283283283289       -2.9773502392942495E-003  0.38177614988431896     
   3.3383383383383389       -2.7049373240394252E-003  0.37902547770693418     
   3.3483483483483489       -2.5544907580806481E-003  0.37642604958809056     
   3.3583583583583589       -2.4564968383137156E-003  0.37393431344107764     
   3.3683683683683689       -2.3898413034553769E-003  0.37152142547866523     
   3.3783783783783790       -2.3563472039246866E-003  0.36917252049907062     
   3.3883883883883890       -2.3530547918527152E-003  0.36692659377770481     
   3.3983983983983990       -2.2708310442277760E-003  0.36472722576372146     
   3.4084084084084090       -2.2116955081294574E-003  0.36250918478491911     
   3.4184184184184190       -2.1768640435211681E-003  0.36031977666011028     
   3.4284284284284290       -2.1533806427091106E-003  0.35815633581839385     
   3.4384384384384390       -2.1379369948517015E-003  0.35601169275098582     
   3.4484484484484490       -2.1299857545969800E-003  0.35387880729848664     
   3.4584584584584590       -2.1302091841104600E-003  0.35175031340213558     
   3.4684684684684690       -2.1405594253034329E-003  0.34961778733287074     
   3.4784784784784790       -2.1656627503394256E-003  0.34747086697281393     
   3.4884884884884890       -2.2188618551020642E-003  0.34529770125972503     
   3.4984984984984990       -2.3386579836887065E-003  0.34311447864359829     
   3.5085085085085090       -2.4165450143810298E-003  0.34100908370586475     
   3.5185185185185190       -2.4250870571938124E-003  0.33871652285283788     
   3.5285285285285291       -2.5386598544753516E-003  0.33628109107218346     
   3.5385385385385391       -2.7708203477684362E-003  0.33370512448226503     
   3.5485485485485491       -3.2012655113036435E-003  0.33104364418985821     
   3.5585585585585591       -3.5174980483537021E-003  0.32825574429176857     
   3.5685685685685691       -4.0527658110256250E-003  0.32476063726376797     
   3.5785785785785791       -5.2267625078848906E-003  0.32049741655445441     
   3.5885885885885891       -7.7691383121244245E-003  0.31499736706190318     
   3.5985985985985991       -1.4362860889495677E-002  0.30781485385240454     
   3.6086086086086091       -3.2431771329502423E-002  0.30561653634904251     
   3.6186186186186191       -4.4683235557238771E-002  0.32807205385188876     
   3.6286286286286291       -2.5740473593173004E-002  0.34280869470832348     
   3.6386386386386391       -1.5372384730525197E-002  0.33458906028385865     
   3.6486486486486491       -1.8303851924802592E-002  0.32793683406437968     
   3.6586586586586591       -1.9157359396576805E-002  0.33442979467249878     
   3.6686686686686691       -1.2231415258762299E-002  0.33141859292347475     
   3.6786786786786791       -1.4040015529273954E-002  0.32786651907610531     
   3.6886886886886892       -1.1030451623922697E-002  0.33059481857349060     
   3.6986986986986992       -6.6796489040669219E-003  0.32637335755775682     
   3.7087087087087092       -5.6315314750999502E-003  0.32126060991533772     
   3.7187187187187192       -6.2507014171385537E-003  0.31604901067822050     
   3.7287287287287292       -9.1723895736881434E-003  0.31008559783463013     
   3.7387387387387392       -1.8750926430532427E-002  0.30444118400356668     
   3.7487487487487492       -3.4530972904760121E-002  0.31634976096198858     
   3.7587587587587592       -2.2621954131186152E-002  0.33391031300600921     
   3.7687687687687692       -1.0104015738894776E-002  0.33020962036949347     
   3.7787787787787792       -5.9029169412923854E-003  0.32457077345838364     
   3.7887887887887892       -4.3656420819430889E-003  0.32012031111097888     
   3.7987987987987992       -3.8909002077936895E-003  0.31635165132726900     
   3.8088088088088092       -4.2906377125835494E-003  0.31278633246288734     
   3.8188188188188192       -6.5447800655685402E-003  0.30947951054098927     
   3.8288288288288292       -1.0649529636008348E-002  0.31072547513407345     
   3.8388388388388393       -9.3703210306725192E-003  0.31342077116930156     
   3.8488488488488493       -5.5831833328982613E-003  0.31378576721692242     
   3.8588588588588593       -3.2956028211562631E-003  0.31111906991825761     
   3.8688688688688693       -2.4625940256146990E-003  0.30861570125578369     
   3.8788788788788793       -2.1015929906839127E-003  0.30645836604755172     
   3.8888888888888893       -1.9481760396130147E-003  0.30450369273358313     
   3.8988988988988993       -1.9674129012608572E-003  0.30264336132877467     
   3.9089089089089093       -2.3369971370103852E-003  0.30085224952340989     
   3.9189189189189193       -3.3080031212061479E-003  0.29995786823394260     
   3.9289289289289293       -2.5871766115880819E-003  0.29981658696276076     
   3.9389389389389393       -1.8197603016789979E-003  0.29832100828714669     
   3.9489489489489493       -1.5466558621480807E-003  0.29677020761584089     
   3.9589589589589593       -1.4270555160670665E-003  0.29532136686062199     
   3.9689689689689693       -1.3671954856853260E-003  0.29394190360001649     
   3.9789789789789793       -1.3481551171981927E-003  0.29260399648317914     
   3.9889889889889893       -1.3976547185684000E-003  0.29130046302627893     
   3.9989989989989994       -1.5250209826631804E-003  0.29017770057924741     
   4.0090090090090094       -1.4122697635339763E-003  0.28909044595784966     
   4.0190190190190194       -1.4223863654488338E-003  0.28791281989604484     
   4.0290290290290294       -1.3385232168019855E-003  0.28688159766234950     
   4.0390390390390394       -1.2197068410892227E-003  0.28570791249545330     
   4.0490490490490494       -1.1712177472951973E-003  0.28453167491774001     
   4.0590590590590594       -1.1463597753107358E-003  0.28337793101754938     
   4.0690690690690694       -1.1309401943583289E-003  0.28224098685229859     
   4.0790790790790794       -1.1207204466457768E-003  0.28111582668851121     
   4.0890890890890894       -1.1142714999921256E-003  0.27999867265129585     
   4.0990990990990994       -1.1112316652352422E-003  0.27888625570559866     
   4.1091091091091094       -1.1118753569815589E-003  0.27777528769942361     
   4.1191191191191194       -1.1171954732134063E-003  0.27666199286834958     
   4.1291291291291294       -1.1296327741628972E-003  0.27554151952607786     
   4.1391391391391394       -1.1559527753065594E-003  0.27440740881662734     
   4.1491491491491495       -1.2188516643308266E-003  0.27325823692550638     
   4.1591591591591595       -1.3275128739201182E-003  0.27217107077186792     
   4.1691691691691695       -1.3160473318231071E-003  0.27105500013929784     
   4.1791791791791795       -1.4025972974724341E-003  0.26979918075496800     
   4.1891891891891895       -1.7103445608989726E-003  0.26861198522634178     
   4.1991991991991995       -1.7478759586899541E-003  0.26774063759718231     
   4.2092092092092095       -1.6136809776668565E-003  0.26637869656889879     
   4.2192192192192195       -1.7178050434960633E-003  0.26480436677940361     
   4.2292292292292295       -2.0140699565817711E-003  0.26303487206003273     
   4.2392392392392395       -2.6340243819815393E-003  0.26092192787639801     
   4.2492492492492495       -4.0771079240227446E-003  0.25822507554782415     
   4.2592592592592595       -8.1767480672473736E-003  0.25513547479101767     
   4.2692692692692695       -1.6766497597317884E-002  0.25817223565846570     
   4.2792792792792795       -1.5228097455479072E-002  0.26876000644980336     
   4.2892892892892895       -7.0962455390830344E-003  0.26907775266273187     
   4.2992992992992995       -4.2001578042439817E-003  0.26557035811096158     
   4.3093093093093096       -3.6419138960170536E-003  0.26240262954022525     
   4.3193193193193196       -4.7923324039932068E-003  0.25957217517889741     
   4.3293293293293296       -7.9069655709747000E-003  0.25973553618942846     
   4.3393393393393396       -6.2240168835620401E-003  0.26096963985033733     
   4.3493493493493496       -6.9650386260449908E-003  0.25930543635798298     
   4.3593593593593596       -6.6430995215486172E-003  0.26180605145956781     
   4.3693693693693696       -3.6627702017120408E-003  0.26046993474930968     
   4.3793793793793796       -2.7995102943700048E-003  0.25799422438298225     
   4.3893893893893896       -2.9605104311886659E-003  0.25553247878471835     
   4.3993993993993996       -4.3670105148357801E-003  0.25293893181073324     
   4.4094094094094096       -8.5444802087004702E-003  0.25214838593551631     
   4.4194194194194196       -9.2934288270678303E-003  0.25554842837330871     
   4.4294294294294296       -9.6973672155268257E-003  0.25788277722462194     
   4.4394394394394396       -5.2492606008803485E-003  0.25944483532098633     
   4.4494494494494496       -2.8557639889123247E-003  0.25722647380312519     
   4.4594594594594597       -2.0523803120250450E-003  0.25518393371011339     
   4.4694694694694697       -1.8185120017275120E-003  0.25343807771352050     
   4.4794794794794797       -2.0437049738109541E-003  0.25184339749040863     
   4.4894894894894897       -3.0310981422261960E-003  0.25094823316624248     
   4.4994994994994997       -2.8280488917028427E-003  0.25112089795572734     
   4.5095095095095097       -2.7004827913459798E-003  0.25055704753953367     
   4.5195195195195197       -1.8628666579785819E-003  0.25020215810684482     
   4.5295295295295297       -1.2921483718122415E-003  0.24906247235969692     
   4.5395395395395397       -1.0751461495483829E-003  0.24796989092231991     
   4.5495495495495497       -9.7166819403240621E-004  0.24697523726707271     
   4.5595595595595597       -9.1368745736822689E-004  0.24604522968241205     
   4.5695695695695697       -8.8082963674886410E-004  0.24515644482488919     
   4.5795795795795797       -8.7125584885133268E-004  0.24429278530755552     
   4.5895895895895897       -9.0793313499450536E-004  0.24344837131878727     
   4.5995995995995997       -1.0290009911503326E-003  0.24272621576253978     
   4.6096096096096097       -9.2908654811797785E-004  0.24211732415256354     
   4.6196196196196198       -8.2725262488234422E-004  0.24133232197556775     
   4.6296296296296298       -7.9914064238956000E-004  0.24054292460239615     
   4.6396396396396398       -8.1997397236468182E-004  0.23977229704507938     
   4.6496496496496498       -8.8669600888631711E-004  0.23910140507257119     
   4.6596596596596598       -8.0378840701344069E-004  0.23846162298619400     
   4.6696696696696698       -7.4535970772930237E-004  0.23773035061021297     
   4.6796796796796798       -7.2209269393480569E-004  0.23700507521837980     
   4.6896896896896898       -7.1048439461560955E-004  0.23629138866400445     
   4.6996996996996998       -7.0487722364598728E-004  0.23558537111063099     
   4.7097097097097098       -7.0565679710163332E-004  0.23488319113384368     
   4.7197197197197198       -7.2031192059779099E-004  0.23418159831928598     
   4.7297297297297298       -7.7502571595458711E-004  0.23349806288762565     
   4.7397397397397398       -7.9611950194468555E-004  0.23290981156155893     
   4.7497497497497498       -7.5767124387100717E-004  0.23224079004809697     
   4.7597597597597598       -8.0847717286933933E-004  0.23158783325825674     
   4.7697697697697699       -7.6813571443331956E-004  0.23102444244673118     
   4.7797797797797799       -7.0213468347605785E-004  0.23035520447586608     
   4.7897897897897899       -6.7959789226289312E-004  0.22967616535752439     
   4.7997997997997999       -6.7147665882226319E-004  0.22900378662255233     
   4.8098098098098099       -6.6941863652501680E-004  0.22833464227423836     
   4.8198198198198199       -6.7144244740353952E-004  0.22766521016083635     
   4.8298298298298299       -6.7777261949608951E-004  0.22699206499598204     
   4.8398398398398399       -6.9063363568128795E-004  0.22631105989327888     
   4.8498498498498499       -7.1728204235250819E-004  0.22561688004658098     
   4.8598598598598599       -7.8291586642638183E-004  0.22491322120534377     
   4.8698698698698699       -8.7282051860409712E-004  0.22429242487698389     
   4.8798798798798799       -8.3053296951757466E-004  0.22361509288557571     
   4.8898898898898899       -8.5225634227615850E-004  0.22281801291396564     
   4.8998998998998999       -9.4720991995674714E-004  0.22195289376767155     
   4.9099099099099099       -1.1550260369502002E-003  0.22097532384654012     
   4.9199199199199199       -1.6518692775184828E-003  0.21980954714540749     
   4.9299299299299300       -3.0820012765197624E-003  0.21859373199039589     
   4.9399399399399400       -5.5891247204390660E-003  0.21957446444540160     
   4.9499499499499500       -4.8319244836751950E-003  0.22238772233414186     
   4.9599599599599600       -2.4184460418905777E-003  0.22193680793728479     
   4.9699699699699700       -1.6234960014486286E-003  0.22051062233580920     
   4.9799799799799800       -1.5197379702264189E-003  0.21917032441373788     
   4.9899899899899900       -1.9821014605191202E-003  0.21784881905021244     
   5.0000000000000000       -3.5410007162369563E-003  0.21725877592492979     
