  -5.0000000000000000       -4.6320934523869078E-003 -0.21668786131916040     
  -4.9899899899899900       -3.6103510481075981E-003 -0.21541679373868822     
  -4.9799799799799800       -2.8193178326394331E-003 -0.21695660690762952     
  -4.9699699699699700       -4.2175256829893462E-003 -0.21858124316441263     
  -4.9599599599599600       -6.6078891501702127E-003 -0.21678124562281084     
  -4.9499499499499500       -5.1591718593027745E-003 -0.21448614770551475     
  -4.9399399399399400       -2.6071384744874673E-003 -0.21474139203754519     
  -4.9299299299299300       -1.5302732792322150E-003 -0.21611575056401408     
  -4.9199199199199199       -1.1223499120362884E-003 -0.21727686722056491     
  -4.9099099099099099       -9.3187593866069071E-004 -0.21824773700509412     
  -4.8998998998998999       -8.2867536941038300E-004 -0.21910392789070621     
  -4.8898898898898899       -7.6728168237127567E-004 -0.21988993124048731     
  -4.8798798798798799       -7.2878967976876903E-004 -0.22063129649452781     
  -4.8698698698698699       -7.0451100369820212E-004 -0.22134368547654801     
  -4.8598598598598599       -6.9086106273356137E-004 -0.22203763422526743     
  -4.8498498498498499       -6.8919756088363989E-004 -0.22272085948672990     
  -4.8398398398398399       -7.1286830685069163E-004 -0.22339230579337077     
  -4.8298298298298299       -7.4583905818703037E-004 -0.22399396003470881     
  -4.8198198198198199       -6.9482147750283066E-004 -0.22461595939434367     
  -4.8098098098098099       -6.7312889820744825E-004 -0.22528105802434972     
  -4.7997997997997999       -6.7197733613101661E-004 -0.22594733853651230     
  -4.7897897897897899       -6.8718070889863707E-004 -0.22661681769256564     
  -4.7797797797797799       -7.4079092763750486E-004 -0.22728338128813944     
  -4.7697697697697699       -8.1239697711536665E-004 -0.22784600816770062     
  -4.7597597597597598       -7.3745359139510195E-004 -0.22844593974942218     
  -4.7497497497497498       -7.1619805053371288E-004 -0.22913170905590646     
  -4.7397397397397398       -7.5784814438773255E-004 -0.22981176293801261     
  -4.7297297297297298       -8.0105635860996895E-004 -0.23038872719162043     
  -4.7197197197197198       -7.2889820019744311E-004 -0.23102437995814104     
  -4.7097097097097098       -7.0228322942299042E-004 -0.23171711873825779     
  -4.6996996996996998       -6.9808943896111002E-004 -0.23241218655841053     
  -4.6896896896896898       -7.0235174927653354E-004 -0.23311035426469726     
  -4.6796796796796798       -7.1265984621379026E-004 -0.23381561604552792     
  -4.6696696696696698       -7.3251281857892214E-004 -0.23453206295610060     
  -4.6596596596596598       -7.7902673955505797E-004 -0.23525935845462689     
  -4.6496496496496498       -8.7221716235024067E-004 -0.23592779774291017     
  -4.6396396396396398       -8.2652384715040019E-004 -0.23656264678051248     
  -4.6296296296296298       -7.9040435509050645E-004 -0.23731994538812323     
  -4.6196196196196198       -7.9787580590068795E-004 -0.23810051268188734     
  -4.6096096096096097       -8.3498150761130655E-004 -0.23889940040078214     
  -4.5995995995995997       -9.3555082487654408E-004 -0.23970636559240113     
  -4.5895895895895897       -1.0604188802333361E-003 -0.24036086823333783     
  -4.5795795795795797       -9.5601477213076095E-004 -0.24109969165700915     
  -4.5695695695695697       -9.3113829352568279E-004 -0.24198981989743440     
  -4.5595595595595597       -9.6480263389729171E-004 -0.24291921247136139     
  -4.5495495495495497       -1.0413871793814578E-003 -0.24390162872761592     
  -4.5395395395395397       -1.1887072617754941E-003 -0.24497103666622777     
  -4.5295295295295297       -1.5162912205980304E-003 -0.24617340380670377     
  -4.5195195195195197       -2.4102630188550995E-003 -0.24738457089334839     
  -4.5095095095095097       -3.5832555643362076E-003 -0.24735248625849393     
  -4.4994994994994997       -3.6463788375055641E-003 -0.24693094138770852     
  -4.4894894894894897       -2.3826742220555029E-003 -0.24736578935737527     
  -4.4794794794794797       -1.8546217839945590E-003 -0.24895359025585453     
  -4.4694694694694697       -1.8548811425410480E-003 -0.25064841776236624     
  -4.4594594594594597       -2.1706224806158207E-003 -0.25251355520654367     
  -4.4494494494494496       -2.9640791325736050E-003 -0.25476077448742218     
  -4.4394394394394396       -5.0243659525683214E-003 -0.25762837487639012     
  -4.4294294294294296       -1.1050643083390646E-002 -0.25965720092469319     
  -4.4194194194194196       -1.7006191022817790E-002 -0.25231755689423857     
  -4.4094094094094096       -1.1275893480179851E-002 -0.24498617688128030     
  -4.3993993993993996       -5.3481555022523225E-003 -0.24715838074063695     
  -4.3893893893893896       -3.4654818732487427E-003 -0.25039090249965629     
  -4.3793793793793796       -2.9672580115428036E-003 -0.25322005811934678     
  -4.3693693693693696       -3.1836314954761568E-003 -0.25598815485037041     
  -4.3593593593593596       -4.3427684747760920E-003 -0.25908243955165083     
  -4.3493493493493496       -8.0556325086817340E-003 -0.26236312162099340     
  -4.3393393393393396       -1.5261788694612062E-002 -0.25991405736281104     
  -4.3293293293293296       -1.5391925404704163E-002 -0.25246337876466507     
  -4.3193193193193196       -8.2823613178913680E-003 -0.25042454269478376     
  -4.3093093093093096       -5.1251107904421800E-003 -0.25421053590618492     
  -4.2992992992992995       -5.0161181688892758E-003 -0.25817416417313582     
  -4.2892892892892895       -7.7680276526463201E-003 -0.26218915988609637     
  -4.2792792792792795       -1.6368238920360694E-002 -0.26172905328031737     
  -4.2692692692692695       -1.5559021935961453E-002 -0.24969013770615667     
  -4.2592592592592595       -6.8611447831318385E-003 -0.24958074507017153     
  -4.2492492492492495       -3.6760693347625620E-003 -0.25285125165813627     
  -4.2392392392392395       -2.4870590718668460E-003 -0.25544806781880958     
  -4.2292292292292295       -1.9380486865741230E-003 -0.25749472201387291     
  -4.2192192192192195       -1.6452905877673606E-003 -0.25921456215655170     
  -4.2092092092092095       -1.4776351533999509E-003 -0.26073779963168897     
  -4.1991991991991995       -1.3877248703034468E-003 -0.26214099783602818     
  -4.1891891891891895       -1.3791535922545780E-003 -0.26346880502043779     
  -4.1791791791791795       -1.5155635270841250E-003 -0.26464959485905509     
  -4.1691691691691695       -1.4379302659089500E-003 -0.26554789581475191     
  -4.1591591591591595       -1.2513120178644214E-003 -0.26669882820596397     
  -4.1491491491491495       -1.1911235291052922E-003 -0.26787795928700664     
  -4.1391391391391394       -1.2003690734474423E-003 -0.26902584055487722     
  -4.1291291291291294       -1.2381866587135716E-003 -0.27006649544882955     
  -4.1191191191191194       -1.1599028823155771E-003 -0.27112152003606871     
  -4.1091091091091094       -1.1217588322073547E-003 -0.27223508410857550     
  -4.0990990990990994       -1.1101119539853456E-003 -0.27334511091737246     
  -4.0890890890890894       -1.1084656170806857E-003 -0.27445251060213982     
  -4.0790790790790794       -1.1123208023543368E-003 -0.27556206249613496     
  -4.0690690690690694       -1.1204345506065608E-003 -0.27667781904224836     
  -4.0590590590590594       -1.1328786177165681E-003 -0.27780360256580239     
  -4.0490490490490494       -1.1509380063489283E-003 -0.27894371288154263     
  -4.0390390390390394       -1.1783110182317842E-003 -0.28010387732452080     
  -4.0290290290290294       -1.2259168608580815E-003 -0.28129247582909361     
  -4.0190190190190194       -1.3320741625660831E-003 -0.28251496684103006     
  -4.0090090090090094       -1.5882724614357507E-003 -0.28366037009177214     
  -3.9989989989989989       -1.6867455579854314E-003 -0.28453959301457615     
  -3.9889889889889889       -1.4796749152293052E-003 -0.28559773178466769     
  -3.9789789789789789       -1.3736248613419361E-003 -0.28690822423624873     
  -3.9689689689689689       -1.3673823548868871E-003 -0.28825243255240679     
  -3.9589589589589589       -1.4018445984657897E-003 -0.28962442507824182     
  -3.9489489489489489       -1.4687136982232932E-003 -0.29104523325052972     
  -3.9389389389389389       -1.5856064233889641E-003 -0.29254225765986192     
  -3.9289289289289289       -1.8210858728676972E-003 -0.29415088113217491     
  -3.9189189189189189       -2.4160790335796588E-003 -0.29580733276456644     
  -3.9089089089089089       -3.1881845908380032E-003 -0.29673830548748997     
  -3.8988988988988988       -3.5207524671012087E-003 -0.29783465448935587     
  -3.8888888888888888       -3.2714650214029635E-003 -0.29830522825664280     
  -3.8788788788788788       -2.5603853732953834E-003 -0.30018984255262449     
  -3.8688688688688688       -2.5481041270091682E-003 -0.30249536788455650     
  -3.8588588588588588       -2.9916751394888845E-003 -0.30502433336500479     
  -3.8488488488488488       -4.2829397789762823E-003 -0.30785786630064482     
  -3.8388388388388388       -7.4363055462765134E-003 -0.30939816159512312     
  -3.8288288288288288       -7.5172449231980121E-003 -0.30896993218847296     
  -3.8188188188188188       -9.3404805753736515E-003 -0.31177417139511959     
  -3.8088088088088088       -1.1216939763933514E-002 -0.30872656381764502     
  -3.7987987987987988       -7.1196086967688062E-003 -0.31049223729521619     
  -3.7887887887887888       -6.5369849553003102E-003 -0.31566493804707829     
  -3.7787787787787788       -8.6530159427599465E-003 -0.32183410526895917     
  -3.7687687687687688       -1.5780248158518629E-002 -0.32926329202547666     
  -3.7587587587587588       -3.4878418596403268E-002 -0.32869239484171481     
  -3.7487487487487487       -4.1748044591936359E-002 -0.30588165769743125     
  -3.7387387387387387       -2.3293564158037051E-002 -0.29295679683548054     
  -3.7287287287287287       -1.1420742430634246E-002 -0.29992957197553871     
  -3.7187187187187187       -7.7511065147743401E-003 -0.30733908682420008     
  -3.7087087087087087       -6.9044877812082005E-003 -0.31381882100274083     
  -3.6986986986986987       -7.8216107456768134E-003 -0.32030491933623662     
  -3.6886886886886887       -1.1691920414794582E-002 -0.32751811611828618     
  -3.6786786786786787       -2.2798920351347417E-002 -0.33138123400486025     
  -3.6686686686686687       -2.5960805602610462E-002 -0.32436445412544807     
  -3.6586586586586587       -3.2218164149528793E-002 -0.32949878273588584     
  -3.6486486486486487       -4.1366852244061225E-002 -0.31209875327700681     
  -3.6386386386386387       -2.9689687340167387E-002 -0.31147896675212033     
  -3.6286286286286287       -3.8882812667078104E-002 -0.30845943854299818     
  -3.6186186186186187       -2.6109671491394627E-002 -0.29605428988835153     
  -3.6086086086086087       -2.0043306060457126E-002 -0.30091295591727907     
  -3.5985985985985987       -1.4359647323158089E-002 -0.29879041028366282     
  -3.5885885885885886       -7.6376369862318624E-003 -0.30365052698354505     
  -3.5785785785785786       -5.0659998123464556E-003 -0.30879640017689797     
  -3.5685685685685686       -3.9040875131649676E-003 -0.31292220283337124     
  -3.5585585585585586       -3.2740381702124283E-003 -0.31636483439549851     
  -3.5485485485485486       -2.8919558433999665E-003 -0.31937547833607749     
  -3.5385385385385386       -2.6446611008742555E-003 -0.32210300786884749     
  -3.5285285285285286       -2.4803129958667213E-003 -0.32463937414907579     
  -3.5185185185185186       -2.3757539373351652E-003 -0.32704576977849742     
  -3.5085085085085086       -2.3326977534533140E-003 -0.32936342252400486     
  -3.4984984984984986       -2.3829078722494464E-003 -0.33156817177540826     
  -3.4884884884884886       -2.3866042522141290E-003 -0.33361883229178119     
  -3.4784784784784786       -2.3207238286498586E-003 -0.33560984756425177     
  -3.4684684684684686       -2.1854583264046567E-003 -0.33771189593684425     
  -3.4584584584584586       -2.1348038602365146E-003 -0.33984385926520516     
  -3.4484484484484486       -2.1195013976211172E-003 -0.34196323235537879     
  -3.4384384384384385       -2.1205047943022048E-003 -0.34408001258868171     
  -3.4284284284284285       -2.1321659825532030E-003 -0.34620451895392151     
  -3.4184184184184185       -2.1526504561240629E-003 -0.34834550710759449     
  -3.4084084084084085       -2.1817036377097241E-003 -0.35051115226260315     
  -3.3983983983983985       -2.2202500644250777E-003 -0.35270994197575384     
  -3.3883883883883881       -2.2708997554368154E-003 -0.35495164337779439     
  -3.3783783783783781       -2.3401535441263887E-003 -0.35724860863702773     
  -3.3683683683683681       -2.4471312469225496E-003 -0.35961583215915216     
  -3.3583583583583581       -2.6514438034136436E-003 -0.36203555773088325     
  -3.3483483483483480       -2.8348146728650854E-003 -0.36434709941687549     
  -3.3383383383383380       -2.8849159496068168E-003 -0.36694992202737725     
  -3.3283283283283280       -3.1814220202405603E-003 -0.36983350410429228     
  -3.3183183183183180       -3.9755019455606656E-003 -0.37296118827833280     
  -3.3083083083083080       -6.0479522274246422E-003 -0.37553816744433260     
  -3.2982982982982980       -7.2272387209950488E-003 -0.37582437608084474     
  -3.2882882882882880       -5.7574308809452612E-003 -0.37650656874995031     
  -3.2782782782782780       -4.2837215164746407E-003 -0.37987056623828913     
  -3.2682682682682680       -3.9593232201166704E-003 -0.38365805073604525     
  -3.2582582582582580       -4.0698899433081791E-003 -0.38754099175476264     
  -3.2482482482482480       -4.4606967789167186E-003 -0.39168443642317957     
  -3.2382382382382380       -5.2226801731176612E-003 -0.39631324564808662     
  -3.2282282282282280       -6.7592391328202585E-003 -0.40176205140552890     
  -3.2182182182182180       -1.0485627598814062E-002 -0.40841444071524163     
  -3.2082082082082080       -2.1159045824472155E-002 -0.41358192551157447     
  -3.1981981981981980       -3.0357643050715338E-002 -0.40090725545804867     
  -3.1881881881881879       -1.7360507880724404E-002 -0.39611119623020963     
  -3.1781781781781779       -1.1102144068239070E-002 -0.40449941173082915     
  -3.1681681681681679       -1.0104159059994381E-002 -0.41360512341604083     
  -3.1581581581581579       -1.1693019936174361E-002 -0.42336464960971365     
  -3.1481481481481479       -1.6869650915938131E-002 -0.43500053512226045     
  -3.1381381381381379       -3.1994306778828925E-002 -0.44737626568739891     
  -3.1281281281281279       -5.5513320345202365E-002 -0.43800050372069316     
  -3.1181181181181179       -6.1318307799677396E-002 -0.42828107135950305     
  -3.1081081081081079       -5.3015675543937352E-002 -0.40625296728416949     
  -3.0980980980980979       -3.8480267510874411E-002 -0.42022208437525865     
  -3.0880880880880879       -5.6545258237251574E-002 -0.43259134196351828     
  -3.0780780780780779       -6.4597596592405659E-002 -0.40818778036719783     
  -3.0680680680680679       -4.6710512473494989E-002 -0.39570371346262007     
  -3.0580580580580579       -2.6225403186330078E-002 -0.40736470339816822     
  -3.0480480480480479       -2.0425743247819782E-002 -0.42554449612982143     
  -3.0380380380380378       -2.1410851897969128E-002 -0.44409469841815236     
  -3.0280280280280278       -2.8291154667462477E-002 -0.46559427639237899     
  -3.0180180180180178       -4.7433637465401135E-002 -0.49360954096424653     
  -3.0080080080080078      -0.10492937278869935      -0.52236861594040129     
  -2.9979979979979978      -0.20395663968072747      -0.45163054280706383     
  -2.9879879879879878      -0.13826350900622170      -0.35374553126637620     
  -2.9779779779779778      -0.10509755551041859      -0.37207571903126191     
  -2.9679679679679678       -9.1215335867666003E-002 -0.34526445612326129     
  -2.9579579579579578       -6.0354797856314160E-002 -0.35777176425993273     
  -2.9479479479479478       -5.3319641871159271E-002 -0.35425993758747032     
  -2.9379379379379378       -2.7772851034358458E-002 -0.36181123750890332     
  -2.9279279279279278       -1.6755237560923762E-002 -0.37782560389277736     
  -2.9179179179179178       -1.2122141330657423E-002 -0.39065349373966707     
  -2.9079079079079078       -9.7278448633396856E-003 -0.40097530129881437     
  -2.8978978978978978       -8.3170244675880300E-003 -0.40971368021433907     
  -2.8878878878878878       -7.4186345520787641E-003 -0.41742722091482265     
  -2.8778778778778777       -6.8206043332126962E-003 -0.42445460514824268     
  -2.8678678678678677       -6.4145735062156430E-003 -0.43101298281382378     
  -2.8578578578578577       -6.1403933598780294E-003 -0.43724994273476336     
  -2.8478478478478477       -5.9636761293755157E-003 -0.44327170767219165     
  -2.8378378378378377       -5.8677783516570764E-003 -0.44915940289712802     
  -2.8278278278278277       -5.8599570931000596E-003 -0.45497434131315156     
  -2.8178178178178177       -5.9719086591192823E-003 -0.46069506699432478     
  -2.8078078078078077       -6.0319269145887380E-003 -0.46632364028502976     
  -2.7977977977977977       -6.0307795255242864E-003 -0.47199289278238077     
  -2.7877877877877877       -6.0205953251173889E-003 -0.47788766790976916     
  -2.7777777777777777       -6.1177006885412676E-003 -0.48392525000853243     
  -2.7677677677677677       -6.2770565728969751E-003 -0.49010601252376251     
  -2.7577577577577577       -6.4879623682356216E-003 -0.49647306977443162     
  -2.7477477477477477       -6.7542214229209417E-003 -0.50307561296669701     
  -2.7377377377377377       -7.0879294017495761E-003 -0.50997150492329557     
  -2.7277277277277276       -7.5113095675917747E-003 -0.51723388526359126     
  -2.7177177177177176       -8.0645591333693718E-003 -0.52496168128270881     
  -2.7077077077077076       -8.8270658544961633E-003 -0.53329754430220699     
  -2.6976976976976976       -9.9840510473792800E-003 -0.54245205974309496     
  -2.6876876876876876       -1.2045198065860662E-002 -0.55259494903564921     
  -2.6776776776776776       -1.5086275758499280E-002 -0.56309327380794649     
  -2.6676676676676676       -1.9171232476770009E-002 -0.57666641802592422     
  -2.6576576576576576       -3.1647870752732975E-002 -0.59355734632498314     
  -2.6476476476476476       -6.2250604159790113E-002 -0.59626784730787474     
  -2.6376376376376376       -7.0081128055475062E-002 -0.56561042625362823     
  -2.6276276276276276       -4.0196913423695094E-002 -0.56169252478792753     
  -2.6176176176176176       -2.8675523211856929E-002 -0.58347452032837022     
  -2.6076076076076076       -3.2394011026321057E-002 -0.60581404832012553     
  -2.5975975975975976       -4.9931990450187036E-002 -0.61433525277718071     
  -2.5875875875875876       -4.0338428194481669E-002 -0.61069506074307534     
  -2.5775775775775776       -3.1734572316092849E-002 -0.63367091137558496     
  -2.5675675675675675       -3.5404319477792760E-002 -0.66232721923522997     
  -2.5575575575575575       -5.2245234300998436E-002 -0.69598013697247940     
  -2.5475475475475475      -0.10114229229714153      -0.72219800639045473     
  -2.5375375375375375      -0.14785481666625039      -0.69278503718358053     
  -2.5275275275275275      -0.14487136750165472      -0.63699431659001693     
  -2.5175175175175175      -0.10458262500520621      -0.64513476897548172     
  -2.5075075075075075       -8.0828103606665952E-002 -0.65435893967614156     
  -2.4974974974974975       -5.8625592601811154E-002 -0.69597603713532130     
  -2.4874874874874875       -5.8818023814948432E-002 -0.74671279816070346     
  -2.4774774774774775       -7.5092266941591934E-002 -0.80513165595534941     
  -2.4674674674674675      -0.12162065929123456      -0.87833631084616115     
  -2.4574574574574575      -0.25761943248603658      -0.94030867301477783     
  -2.4474474474474475      -0.42171436430477821      -0.79351653579903225     
  -2.4374374374374375      -0.31080045152192654      -0.61475301528581150     
  -2.4274274274274275      -0.16476665625234671      -0.67240733580499323     
  -2.4174174174174174      -0.12992361891996332      -0.78141469821950105     
  -2.4074074074074074      -0.15176144297479943      -0.89634622169688327     
  -2.3973973973973974      -0.25186227971735953       -1.0163880320660768     
  -2.3873873873873874      -0.44479140644379689       -1.0168112288972839     
  -2.3773773773773774      -0.49341964547047312      -0.87540551937960942     
  -2.3673673673673674      -0.40943126798571577      -0.95853706781633885     
  -2.3573573573573574      -0.60914230732282826       -1.1152212819698104     
  -2.3473473473473474      -0.88142334119571908      -0.97300489815440871     
  -2.3373373373373374      -0.95124147653239199      -0.81301734990856012     
  -2.3273273273273274      -0.99032983193665836      -0.57746442769537154     
  -2.3173173173173174      -0.89570119852592223      -0.56036798783967889     
  -2.3073073073073074      -0.99326046778787058      -0.40549009711736073     
  -2.2972972972972974      -0.85004728431722321      -0.37212839258670494     
  -2.2872872872872874       -1.0747338917261455      -0.35102321608712017     
  -2.2772772772772774       -1.1085864309585662        7.4745120836426732E-002
  -2.2672672672672673      -0.73740107314011016       0.30238673471549288     
  -2.2572572572572573      -0.54760781724844476       0.26409174700431698     
  -2.2472472472472473      -0.31251575704632856       0.26871917800865780     
  -2.2372372372372373      -0.16423405103746974       0.13520398543582982     
  -2.2272272272272273      -0.10459542678386831        2.4287365926643628E-002
  -2.2172172172172173       -7.5167005235337911E-002  -5.7629132645586854E-002
  -2.2072072072072073       -5.8144249305044061E-002 -0.12074236216753169     
  -2.1971971971971973       -4.7282664745848565E-002 -0.17158955539404039     
  -2.1871871871871873       -3.9933444260734405E-002 -0.21407703521931029     
  -2.1771771771771773       -3.4879530467438385E-002 -0.25064945592007692     
  -2.1671671671671673       -3.1724047411541091E-002 -0.28263822920044462     
  -2.1571571571571573       -2.8982807551078786E-002 -0.31028247505373313     
  -2.1471471471471473       -2.6265333884762876E-002 -0.33661112998828518     
  -2.1371371371371373       -2.4926247834203392E-002 -0.36160307002574249     
  -2.1271271271271273       -2.5262256549706676E-002 -0.38552576404251060     
  -2.1171171171171173       -2.9551278059207601E-002 -0.40737142520799302     
  -2.1071071071071072       -3.3676842932602209E-002 -0.41913811717189431     
  -2.0970970970970972       -2.6710824353916005E-002 -0.43233345914856147     
  -2.0870870870870872       -2.1895032840967773E-002 -0.45255038293794397     
  -2.0770770770770772       -2.0364778382764334E-002 -0.47268771210421417     
  -2.0670670670670672       -2.0320866267241965E-002 -0.49181649535702870     
  -2.0570570570570572       -1.9938335061570393E-002 -0.50986196017076280     
  -2.0470470470470472       -1.9613155104694715E-002 -0.52887540240540065     
  -2.0370370370370372       -2.0197706352481238E-002 -0.54834529884793837     
  -2.0270270270270272       -2.2222947535769599E-002 -0.56831689035848088     
  -2.0170170170170172       -2.8372489829280867E-002 -0.58636181896996609     
  -2.0070070070070072       -2.4296491266157797E-002 -0.59186575024098975     
  -1.9969969969969972       -1.5879878583393396E-002 -0.62440709109006176     
  -1.9869869869869872       -2.1416831003898937E-002 -0.64904331861541298     
  -1.9769769769769772       -2.4752235563885790E-002 -0.67263725876017499     
  -1.9669669669669672       -2.8804953905200274E-002 -0.69837467374755036     
  -1.9569569569569571       -3.7071613534680768E-002 -0.72519714286968706     
  -1.9469469469469471       -4.4232131218231767E-002 -0.74343036733181478     
  -1.9369369369369371       -4.0799545884491820E-002 -0.77223724725154741     
  -1.9269269269269271       -4.5285617864427495E-002 -0.81013048048515435     
  -1.9169169169169171       -5.6066018548317172E-002 -0.84794643905967781     
  -1.9069069069069071       -6.4131358887406342E-002 -0.89338967438639061     
  -1.8968968968968971       -8.8722775441290910E-002 -0.95440128557920734     
  -1.8868868868868871      -0.15498681929730149       -1.0057889375487732     
  -1.8768768768768771      -0.20002132262801064      -0.99138856799390618     
  -1.8668668668668671      -0.17369534693403346       -1.0044755724353824     
  -1.8568568568568571      -0.16168491067401708       -1.1114910961396185     
  -1.8468468468468471      -0.22390831091934216       -1.2597475670258254     
  -1.8368368368368371      -0.41306812248952729       -1.4108775440128500     
  -1.8268268268268271      -0.71342314780927729       -1.3994359270077994     
  -1.8168168168168171      -0.92539777348214070       -1.1937487224503884     
  -1.8068068068068071      -0.88089975602282111      -0.98899611394592701     
  -1.7967967967967970      -0.92595827692793087       -1.0308839516108670     
  -1.7867867867867866       -1.0830810289741741      -0.80995232825729013     
  -1.7767767767767766      -0.85073723191438755      -0.54597841000436376     
  -1.7667667667667666      -0.60835639200386593      -0.74968422885749075     
  -1.7567567567567566      -0.72328879066161944      -0.99600405374782774     
  -1.7467467467467466       -1.0379637566426763       -1.0367301777533708     
  -1.7367367367367366       -1.2702327506862670      -0.79941201234173365     
  -1.7267267267267266       -1.2377697178057820      -0.46151964307986854     
  -1.7167167167167166      -0.91769502285326809      -0.40144468361435842     
  -1.7067067067067065      -0.95880817147096353      -0.69821814015334827     
  -1.6966966966966965       -1.3032621392496357      -0.64262095879888015     
  -1.6866866866866865       -1.4680608074540533      -0.32392731066231978     
  -1.6766766766766765       -1.4041467796639018        5.5558438424791072E-002
  -1.6666666666666665       -1.0532714041383870       0.29366679888457536     
  -1.6566566566566565      -0.81410201156045103        8.7008473712639825E-002
  -1.6466466466466465       -1.0371651253181733        9.6591471542635546E-002
  -1.6366366366366365      -0.92802293645362466       0.49333820747633422     
  -1.6266266266266265      -0.48575183795571042       0.56619508237641103     
  -1.6166166166166165      -0.24499153409738156       0.37906516899127962     
  -1.6066066066066065      -0.15224940895759953       0.21944572403082030     
  -1.5965965965965965      -0.10839369663015591       0.10179440777477472     
  -1.5865865865865865       -8.3808325911685216E-002   1.1103567302522833E-002
  -1.5765765765765765       -6.8442070879793551E-002  -6.2275762761996839E-002
  -1.5665665665665665       -5.8135590565048578E-002 -0.12399837099124707     
  -1.5565565565565564       -5.0896698433400007E-002 -0.17754117528706650     
  -1.5465465465465464       -4.5669314882804360E-002 -0.22517417745541557     
  -1.5365365365365364       -4.1861324068799902E-002 -0.26846827669102630     
  -1.5265265265265264       -3.9158338917999483E-002 -0.30857598055964053     
  -1.5165165165165164       -3.7530113321012207E-002 -0.34637364456337866     
  -1.5065065065065064       -3.7424387888252246E-002 -0.38197317081190024     
  -1.4964964964964964       -3.6670377639759007E-002 -0.41447640899050348     
  -1.4864864864864864       -3.5240646035077816E-002 -0.44832019755793440     
  -1.4764764764764764       -3.5766800216167120E-002 -0.48281005197270782     
  -1.4664664664664664       -3.9307077368239358E-002 -0.51783286046175425     
  -1.4564564564564564       -5.0197151776112940E-002 -0.54944709256266011     
  -1.4464464464464464       -5.3163144418265182E-002 -0.56433414061349607     
  -1.4364364364364364       -4.2369138454281786E-002 -0.59523773343138420     
  -1.4264264264264264       -4.0200073791840540E-002 -0.63299557141999818     
  -1.4164164164164164       -4.3271377167117840E-002 -0.67094125497181745     
  -1.4064064064064064       -4.7257366689875090E-002 -0.70405560021210534     
  -1.3963963963963963       -4.5231832759253660E-002 -0.74243176878109762     
  -1.3863863863863863       -4.6659189566409680E-002 -0.78666672985698449     
  -1.3763763763763763       -5.0438108047398914E-002 -0.83440454371011064     
  -1.3663663663663663       -5.6242293712843235E-002 -0.88680302710100289     
  -1.3563563563563563       -6.5091510353360013E-002 -0.94557382153121883     
  -1.3463463463463463       -8.0418468908648066E-002  -1.0114319318491296     
  -1.3363363363363363       -9.8823373617466556E-002  -1.0774639635807681     
  -1.3263263263263263      -0.11309642792355241       -1.1659300053835948     
  -1.3163163163163163      -0.14867263539499467       -1.2832140014979780     
  -1.3063063063063063      -0.23000208719503298       -1.4322983820048178     
  -1.2962962962962963      -0.41561725285621104       -1.5679320252529991     
  -1.2862862862862863      -0.62688032008796823       -1.5833792875008190     
  -1.2762762762762763      -0.80011329989777269       -1.5752816590890852     
  -1.2662662662662663      -0.97371996433602026       -1.5277502505748874     
  -1.2562562562562563       -1.1195283843720563       -1.4522721319548677     
  -1.2462462462462462       -1.2429995324049279       -1.3647204943067961     
  -1.2362362362362362       -1.3499521363203995       -1.2692825079022549     
  -1.2262262262262262       -1.4437673540716955       -1.1669874195108469     
  -1.2162162162162162       -1.5263102222256353       -1.0576758821340413     
  -1.2062062062062062       -1.5981931446569506      -0.94050810420231012     
  -1.1961961961961962       -1.6588848232617128      -0.81536207675490524     
  -1.1861861861861862       -1.7105710254890829      -0.68004684334638321     
  -1.1761761761761762       -1.7486175086270503      -0.52876483460187174     
  -1.1661661661661662       -1.7657434303173474      -0.35777041450435199     
  -1.1561561561561562       -1.7442922431403662      -0.16143621576275180     
  -1.1461461461461462       -1.6344175792599993        4.2881891635613970E-002
  -1.1361361361361362       -1.4570645163458515       0.10935252773862951     
  -1.1261261261261262       -1.4001776220081112       0.19212824341244861     
  -1.1161161161161162       -1.1480661635305200       0.26778616266681698     
  -1.1061061061061062       -1.0859377600945483       -1.4449056648008933E-002
  -1.0960960960960962       -1.3594017747752116        5.4406320333897425E-002
  -1.0860860860860861       -1.3293104980035020       0.30048152248810611     
  -1.0760760760760761       -1.2988005849725128       0.46162618031116920     
  -1.0660660660660661       -1.0768793955311324       0.71301567084134621     
  -1.0560560560560561      -0.79252016846547912       0.65703192270420208     
  -1.0460460460460461      -0.73270963261498323       0.72008971446585501     
  -1.0360360360360361      -0.40858479454496671       0.73195251497853786     
  -1.0260260260260261      -0.22248802853005353       0.54836716097427374     
  -1.0160160160160161      -0.14808707243639474       0.39244706858298201     
  -1.0060060060060061      -0.11125217673047350       0.27262809668848553     
 -0.99599599599599564       -8.9741221004423416E-002  0.17648473855443980     
 -0.98598598598598564       -7.5830672087024542E-002   9.5981999179790070E-002
 -0.97597597597597563       -6.6237500826255277E-002   2.6289145177601152E-002
 -0.96596596596596562       -5.9344514764728559E-002  -3.5647842725045877E-002
 -0.95595595595595562       -5.4267163454487864E-002  -9.1875396280884786E-002
 -0.94594594594594561       -5.0483913237139903E-002 -0.14383901884506575     
 -0.93593593593593560       -4.7670553777557113E-002 -0.19260920095840423     
 -0.92592592592592560       -4.5618678026998385E-002 -0.23901445061089457     
 -0.91591591591591559       -4.4192802993201975E-002 -0.28372437070820017     
 -0.90590590590590558       -4.3307022125896641E-002 -0.32730491381898863     
 -0.89589589589589558       -4.2912780268310413E-002 -0.37025810251033237     
 -0.88588588588588557       -4.2994661786355970E-002 -0.41305390877379367     
 -0.87587587587587556       -4.3575758384219246E-002 -0.45616026817417349     
 -0.86586586586586556       -4.4745360839361252E-002 -0.50007648741074162     
 -0.85585585585585555       -4.6770068172929766E-002 -0.54535610179809624     
 -0.84584584584584555       -5.0496725074941233E-002 -0.59224674109905129     
 -0.83583583583583554       -5.5037554244266956E-002 -0.63859613900880119     
 -0.82582582582582553       -5.7206614429398596E-002 -0.68997901603242651     
 -0.81581581581581553       -6.3088696193099356E-002 -0.74792316892811006     
 -0.80580580580580552       -7.5284298124817087E-002 -0.81230153133629601     
 -0.79579579579579551      -0.10276737032459810      -0.87898626187558404     
 -0.78578578578578551      -0.13564322125497372      -0.91750148652489683     
 -0.77577577577577550      -0.11976247045477140      -0.97499446731141548     
 -0.76576576576576549      -0.12656657529846671       -1.0787410057444469     
 -0.75575575575575549      -0.16590684511311199       -1.1990390573213949     
 -0.74574574574574548      -0.22756964960869822       -1.3194584563162199     
 -0.73573573573573547      -0.33600860119189119       -1.4886210780980866     
 -0.72572572572572547      -0.56613225187511051       -1.5990244642796574     
 -0.71571571571571546      -0.78996554818418974       -1.5927953146443183     
 -0.70570570570570545      -0.96711043989474232       -1.5405643508215399     
 -0.69569569569569545       -1.1101318204185142       -1.4717093645784831     
 -0.68568568568568544       -1.2291858990362690       -1.3955632992018903     
 -0.67567567567567544       -1.3305223894726441       -1.3156763011512753     
 -0.66566566566566543       -1.4181156434001911       -1.2335698843361196     
 -0.65565565565565542       -1.4946209404915598       -1.1499111419948258     
 -0.64564564564564542       -1.5618815981393994       -1.0649530211100211     
 -0.63563563563563541       -1.6212081124169222      -0.97872247966902604     
 -0.62562562562562540       -1.6735389706884327      -0.89110790527035078     
 -0.61561561561561540       -1.7195359575274347      -0.80190090448531182     
 -0.60560560560560539       -1.7596400266231018      -0.71081470465689045     
 -0.59559559559559538       -1.7941003429901572      -0.61748844921396229     
 -0.58558558558558538       -1.8229806171676295      -0.52148047565649092     
 -0.57557557557557537       -1.8461370093841132      -0.42224958837947874     
 -0.56556556556556536       -1.8631350521471084      -0.31912246583375697     
 -0.55555555555555536       -1.8729551858098519      -0.21130534477458363     
 -0.54554554554554535       -1.8731716604629995       -9.9041456796744712E-002
 -0.53553553553553535       -1.8667109248015925        1.3950763284823926E-002
 -0.52552552552552534       -1.8537310810833254       0.13927615545588029     
 -0.51551551551551533       -1.8226485800063683       0.27567625326825557     
 -0.50550550550550533       -1.7657524922290513       0.42110311796409694     
 -0.49549549549549532       -1.6707534047410617       0.55852266506486836     
 -0.48548548548548531       -1.5750994977603665       0.68977754279895775     
 -0.47547547547547531       -1.3947754438295157       0.85287126347595410     
 -0.46546546546546530       -1.0731357534211272       0.88419578817602695     
 -0.45545545545545529      -0.93054853680935645       0.59954529205984286     
 -0.44544544544544529       -1.1782983563922214       0.61136871957269867     
 -0.43543543543543528       -1.1128295080626083       0.93150749850407788     
 -0.42542542542542527      -0.76638145656236045        1.1048007179557193     
 -0.41541541541541527      -0.40048769634189096       0.98348122871022814     
 -0.40540540540540526      -0.23349481704198738       0.76562616699507657     
 -0.39539539539539525      -0.16325597184442361       0.59215634519730564     
 -0.38538538538538525      -0.12701493545843826       0.45614114865025424     
 -0.37537537537537524      -0.10548728935780972       0.34414006724740426     
 -0.36536536536536524       -9.1573005922169451E-002  0.24792175085602794     
 -0.35535535535535523       -8.2135727103070960E-002  0.16246976525927451     
 -0.34534534534534522       -7.5599786517173473E-002   8.4528284308612117E-002
 -0.33533533533533522       -7.1101935682623296E-002   1.1836378934051171E-002
 -0.32532532532532521       -6.8144624760235348E-002  -5.7283017681254426E-002
 -0.31531531531531520       -6.6438626930526032E-002 -0.12415884522345610     
 -0.30530530530530520       -6.5827091334373020E-002 -0.18991893562987322     
 -0.29529529529529519       -6.6249373887697721E-002 -0.25559206980604671     
 -0.28528528528528518       -6.7727878693612853E-002 -0.32218964822793716     
 -0.27527527527527518       -7.0372390620212541E-002 -0.39078366880590970     
 -0.26526526526526517       -7.4403688900025133E-002 -0.46259633275871259     
 -0.25525525525525516       -8.0206856439311594E-002 -0.53912094741960925     
 -0.24524524524524516       -8.8441455217753373E-002 -0.62230645718069666     
 -0.23523523523523515      -0.10027783154559272      -0.71486682755297093     
 -0.22522522522522515      -0.11795346070792119      -0.82083939871065537     
 -0.21521521521521514      -0.14627865534076892      -0.94663024300453391     
 -0.20520520520520513      -0.19754675778561528       -1.1026298973713109     
 -0.19519519519519513      -0.30998361326382673       -1.2986726940314919     
 -0.18518518518518512      -0.55860561510085827       -1.4666552503625370     
 -0.17517517517517511      -0.84620960661359623       -1.4792833663561009     
 -0.16516516516516511       -1.0696055056539124       -1.4101607226904844     
 -0.15515515515515510       -1.2397331769634596       -1.3147954932884092     
 -0.14514514514514509       -1.3727571441593107       -1.2094245971044177     
 -0.13513513513513509       -1.4778354000152734       -1.0977394177571629     
 -0.12512512512512508       -1.5558318392466817      -0.97716762839848070     
 -0.11511511511511507       -1.5829075396136230      -0.84865349917708888     
 -0.10510510510510507       -1.5549102185120049      -0.81663153583844794     
  -9.5095095095095061E-002  -1.6515226723545049      -0.79757858645986990     
  -8.5085085085085055E-002  -1.7254725627969938      -0.70588183327968523     
  -7.5075075075075048E-002  -1.7600886323448910      -0.62176186017607482     
  -6.5065065065065042E-002  -1.8068186889300297      -0.54940219147488267     
  -5.5055055055055035E-002  -1.8449087760164613      -0.46193331153001144     
  -4.5045045045045029E-002  -1.8710117047949084      -0.37466147916710030     
  -3.5035035035035023E-002  -1.8897328647189622      -0.28934254172525070     
  -2.5025025025025016E-002  -1.9028841574887074      -0.20552039534997488     
  -1.5015015015015010E-002  -1.9112042494449977      -0.12267778648359152     
  -5.0050050050050032E-003  -1.9148732780010431       -4.0591391749105636E-002
   5.0050050050050032E-003  -1.9148735269831896        4.0568196036468947E-002
   1.5015015015015010E-002  -1.9112058609206126       0.12265420377001636     
   2.5025025025025016E-002  -1.9028871211599614       0.20549664846153443     
   3.5035035035035023E-002  -1.8897372810827258       0.28931851976341305     
   4.5045045045045029E-002  -1.8710179220786201       0.37463702145648969     
   5.5055055055055035E-002  -1.8449176921703212       0.46190833840934536     
   6.5065065065065042E-002  -1.8068324780248799       0.54937825807966734     
   7.5075075075075048E-002  -1.7601013801282173       0.62174396184304104     
   8.5085085085085055E-002  -1.7254903104947876       0.70585746499512181     
   9.5095095095095061E-002  -1.6515591868666852       0.79756584171180744     
  0.10510510510510507       -1.5549145068137362       0.81667525462315838     
  0.11511511511511507       -1.5828785509662464       0.84862236632818977     
  0.12512512512512508       -1.5558374644996660       0.97713295844945547     
  0.13513513513513509       -1.4778495578576496        1.0977124198421262     
  0.14514514514514509       -1.3727741761167422        1.2094022531214903     
  0.15515515515515510       -1.2397518662481024        1.3147765139567713     
  0.16516516516516511       -1.0696254385038912        1.4101449494162424     
  0.17517517517517511      -0.84623036035116428        1.4792715612359706     
  0.18518518518518512      -0.55862494748838654        1.4666497005221171     
  0.19519519519519513      -0.30999451486393187        1.2986700478474724     
  0.20520520520520513      -0.19755245215872205        1.1026232223917052     
  0.21521521521521514      -0.14628254656936479       0.94661967521461998     
  0.22522522522522515      -0.11795666025318748       0.82082557340014328     
  0.23523523523523515      -0.10028078204737276       0.71485005400030777     
  0.24524524524524516       -8.8444384517004301E-002  0.62228681561982768     
  0.25525525525525516       -8.0209912794782207E-002  0.53909836424818791     
  0.26526526526526517       -7.4406991776827164E-002  0.46257061474874112     
  0.27527527527527518       -7.0376055078192792E-002  0.39075451324152582     
  0.28528528528528518       -6.7732031144474278E-002  0.32215663754210994     
  0.29529529529529519       -6.6254166288669619E-002  0.25555465338456679     
  0.30530530530530520       -6.5832718018610223E-002  0.18987639774519907     
  0.31531531531531520       -6.6445348301845036E-002  0.12411025477490215     
  0.32532532532532521       -6.8152804167814052E-002   5.7227151124969899E-002
  0.33533533533533522       -7.1112100929927341E-002  -1.1901157156123832E-002
  0.34534534534534522       -7.5612739044513808E-002  -8.4604212600763132E-002
  0.35535535535535523       -8.2152749225147370E-002 -0.16256000160388581     
  0.36536536536536524       -9.1596286668784943E-002 -0.24803092416451086     
  0.37537537537537524      -0.10552089030276576      -0.34427528911890903     
  0.38538538538538525      -0.12706727737714232      -0.45631395436925393     
  0.39539539539539525      -0.16334738669485160      -0.59238628363057044     
  0.40540540540540526      -0.23368546278423760      -0.76594280063871734     
  0.41541541541541527      -0.40097415197107045      -0.98384349961109341     
  0.42542542542542527      -0.76716972791027238       -1.1046937449803695     
  0.43543543543543528       -1.1132857297666841      -0.93092177933274611     
  0.44544544544544529       -1.1780049655003262      -0.61077147997595893     
  0.45545545545545529      -0.93026860414062029      -0.60007794363194944     
  0.46546546546546530       -1.0738401686726275      -0.88441827058253775     
  0.47547547547547531       -1.3952989987472557      -0.85253192896688124     
  0.48548548548548531       -1.5753311612049665      -0.68936285536189990     
  0.49549549549549532       -1.6709189889549267      -0.55821670090790376     
  0.50550550550550533       -1.7658811509103953      -0.42076980368191613     
  0.51551551551551533       -1.8227278672124865      -0.27535099968556648     
  0.52552552552552534       -1.8537784518577112      -0.13896434988674156     
  0.53553553553553535       -1.8667407748470981       -1.3646334026129813E-002
  0.54554554554554535       -1.8731757847402237        9.9352162593137852E-002
  0.55555555555555536       -1.8729307275986788       0.21160952789055326     
  0.56556556556556536       -1.8630889705877918       0.31941921286373048     
  0.57557557557557537       -1.8460719019907454       0.42254063142897275     
  0.58558558558558538       -1.8228973605228638       0.52176726249160377     
  0.59559559559559538       -1.7939989771820710       0.61777212119881042     
  0.60560560560560539       -1.7595200000155053       0.71109618518121909     
  0.61561561561561540       -1.7193961824650394       0.80218094531706474     
  0.62562562562562540       -1.6733777934191627       0.89138709825841234     
  0.63563563563563541       -1.6210232173098460       0.97900123825757901     
  0.64564564564564542       -1.5616698362548262        1.0652315247775419     
  0.65565565565565542       -1.4943780492726750        1.1501892210722009     
  0.66566566566566543       -1.4178357907522225        1.2338467944770717     
  0.67567567567567544       -1.3301974015013789        1.3159502625502990     
  0.68568568568568544       -1.2288039140368510        1.3958304851879642     
  0.69569569569569545       -1.1096747836482912        1.4719614368089706     
  0.70570570570570545      -0.96654937939404473        1.5407814205942585     
  0.71571571571571546      -0.78925411334641682        1.5929214695392282     
  0.72572572572572547      -0.56524651595227371        1.5988742255243342     
  0.73573573573573547      -0.33537078681703114        1.4879839354778239     
  0.74574574574574548      -0.22736948229701898        1.3189611701192372     
  0.75575575575575549      -0.16568641851282698        1.1985976563964806     
  0.76576576576576549      -0.12648023142671680        1.0783236165356131     
  0.77577577577577550      -0.11978577441515863       0.97465237348290057     
  0.78578578578578551      -0.13566821081320196       0.91738889569916937     
  0.79579579579579551      -0.10261844033003899       0.87879096869604889     
  0.80580580580580552       -7.5213503142607913E-002  0.81205295086899698     
  0.81581581581581553       -6.3056438696090955E-002  0.74769889664797717     
  0.82582582582582553       -5.7192627953087952E-002  0.68977752170209761     
  0.83583583583583554       -5.5029199249386880E-002  0.63842787571761861     
  0.84584584584584555       -5.0475215516473437E-002  0.59207687942705101     
  0.85585585585585555       -4.6758246485050420E-002  0.54519091493281358     
  0.86586586586586556       -4.4737805256250519E-002  0.49991904022526523     
  0.87587587587587556       -4.3570512611670352E-002  0.45600874043340828     
  0.88588588588588557       -4.2991065596209584E-002  0.41290662856783206     
  0.89589589589589558       -4.2910559919083220E-002  0.37011365809454472     
  0.90590590590590558       -4.3306065816030165E-002  0.32716203444375008     
  0.91591591591591559       -4.4193095820124637E-002  0.28358183401881026     
  0.92592592592592560       -4.5620285017606614E-002  0.23887100717462192     
  0.93593593593593560       -4.7673624986585519E-002  0.19246349948659347     
  0.94594594594594561       -5.0488706845352629E-002  0.14368951782684994     
  0.95595595595595562       -5.4274092823619093E-002   9.1720245089815911E-002
  0.96596596596596562       -5.9354236792818670E-002   3.5484706058390277E-002
  0.97597597597597563       -6.6251085730512374E-002  -2.6463366068141998E-002
  0.98598598598598564       -7.5849951160429335E-002  -9.6171638525776745E-002
  0.99599599599599564       -8.9769568851704923E-002 -0.17669621543305819     
   1.0060060060060056      -0.11129650907432491      -0.27287151794459680     
   1.0160160160160157      -0.14816388900312680      -0.39273912839665265     
   1.0260260260260257      -0.22264569628092701      -0.54873218908573818     
   1.0360360360360357      -0.40897228152473142      -0.73235086265911886     
   1.0460460460460457      -0.73328297900398798      -0.72019450963352771     
   1.0560560560560557      -0.79296403755954215      -0.65689074096948885     
   1.0660660660660657       -1.0771635542939455      -0.71281030401652112     
   1.0760760760760757       -1.2989028508639660      -0.46147260872528179     
   1.0860860860860857       -1.3295444690084839      -0.30047368910319294     
   1.0960960960960957       -1.3596424167045362       -5.4272182754378763E-002
   1.1061061061061057       -1.0861462617169406        1.4697448583380913E-002
   1.1161161161161157       -1.1480991578826101      -0.26754464827823193     
   1.1261261261261257       -1.4001754264695867      -0.19199948865328084     
   1.1361361361361357       -1.4571653990103448      -0.10918019450393231     
   1.1461461461461457       -1.6343900949021353       -4.2735602336707458E-002
   1.1561561561561557       -1.7442785637159710       0.16154708291806774     
   1.1661661661661658       -1.7657280911114586       0.35787401261457669     
   1.1761761761761758       -1.7485961191637434       0.52886096024043916     
   1.1861861861861858       -1.7105448870369711       0.68013630808106973     
   1.1961961961961958       -1.6588505722706388       0.81544943298601869     
   1.2062062062062058       -1.5981500724022808       0.94058653564907968     
   1.2162162162162158       -1.5262610362304216        1.0577480424338237     
   1.2262262262262258       -1.4437109661148804        1.1670544169248154     
   1.2362362362362358       -1.3498866568496610        1.2693448013214075     
   1.2462462462462458       -1.2429214391539780        1.3647777645997179     
   1.2562562562562558       -1.1194308098165600        1.4523220335387634     
   1.2662662662662658      -0.97358546666928325        1.5277840132467924     
   1.2762762762762758      -0.79986157596013296        1.5751705935486837     
   1.2862862862862858      -0.62740939258827388        1.5837005633610197     
   1.2962962962962958      -0.41529325185256355        1.5676839940118377     
   1.3063063063063058      -0.22999102470370386        1.4321634919602062     
   1.3163163163163158      -0.14867147456954882        1.2831201784194535     
   1.3263263263263259      -0.11311845857888027        1.1658440710140157     
   1.3363363363363359       -9.8882436457883527E-002   1.0774240334703200     
   1.3463463463463459       -8.0435686918797183E-002   1.0114235278736157     
   1.3563563563563559       -6.5096939627124775E-002  0.94555925741055802     
   1.3663663663663659       -5.6244374011550254E-002  0.88678607289525657     
   1.3763763763763759       -5.0438684294357841E-002  0.83438662427239918     
   1.3863863863863859       -4.6658404463818588E-002  0.78664852716635358     
   1.3963963963963959       -4.5227644194822787E-002  0.74241249339790338     
   1.4064064064064059       -4.7254213006362414E-002  0.70402222525910263     
   1.4164164164164168       -4.3283999918176726E-002  0.67092220646175726     
   1.4264264264264268       -4.0203452258738878E-002  0.63298150640853545     
   1.4364364364364368       -4.2366973319484288E-002  0.59522279932409916     
   1.4464464464464468       -5.3154201202092348E-002  0.56431068336726775     
   1.4564564564564568       -5.0202391762171804E-002  0.54942072766817807     
   1.4664664664664668       -3.9309234174106929E-002  0.51781051912038634     
   1.4764764764764768       -3.5767882753270100E-002  0.48278689064765523     
   1.4864864864864868       -3.5240604017003969E-002  0.44829663624449873     
   1.4964964964964969       -3.6666984187580694E-002  0.41444783185552275     
   1.5065065065065069       -3.7427001395912506E-002  0.38194024972228224     
   1.5165165165165169       -3.7533219006728430E-002  0.34634169599855419     
   1.5265265265265269       -3.9161444192327616E-002  0.30854182263489649     
   1.5365365365365369       -4.1864895772645280E-002  0.26843103815610214     
   1.5465465465465469       -4.5673790791098741E-002  0.22513305460894903     
   1.5565565565565569       -5.0902513473592398E-002  0.17749512411730145     
   1.5665665665665669       -5.8143430261002063E-002  0.12394586391136023     
   1.5765765765765769       -6.8453155234757618E-002   6.2214492725394394E-002
   1.5865865865865869       -8.3825055921046887E-002  -1.1177271786387616E-002
   1.5965965965965969      -0.10842143426120461      -0.10188673162234056     
   1.6066066066066069      -0.15230234860215194      -0.21956732419735012     
   1.6166166166166169      -0.24511611786790430      -0.37922853093751174     
   1.6266266266266269      -0.48609054050056000      -0.56631065308860074     
   1.6366366366366369      -0.92833600220821999      -0.49300130676191928     
   1.6466466466466469       -1.0368636843201404       -9.6284020298123038E-002
   1.6566566566566570      -0.81398530876867892       -8.7438900863448854E-002
   1.6666666666666670       -1.0538015591172853      -0.29373253607101674     
   1.6766766766766770       -1.4043709256599817       -5.5164156315151286E-002
   1.6866866866866870       -1.4679453952410022       0.32431835199380576     
   1.6966966966966970       -1.3028038707624772       0.64282618065760255     
   1.7067067067067070      -0.95830993147175658       0.69764724540937662     
   1.7167167167167170      -0.91834529511350116       0.40086167845674048     
   1.7267267267267270       -1.2380397831966607       0.46178077572689818     
   1.7367367367367370       -1.2704796584109745       0.79938747975914004     
   1.7467467467467470       -1.0385587158453602        1.0368489594651997     
   1.7567567567567570      -0.72411351321861217       0.99730358532896357     
   1.7667667667667670      -0.60669888033601316       0.75151210362015952     
   1.7767767767767770      -0.84740679019207177       0.54402642962578607     
   1.7867867867867870       -1.0850746453217952       0.80631107089238008     
   1.7967967967967970      -0.93073908635742764        1.0327339716947039     
   1.8068068068068071      -0.87750570454745414       0.99424646023379493     
   1.8168168168168171      -0.92285291300602690        1.1904682886134925     
   1.8268268268268271      -0.71460436614083755        1.3976347869425445     
   1.8368368368368371      -0.41444027425455632        1.4109485913262527     
   1.8468468468468471      -0.22441330524043146        1.2603612931303525     
   1.8568568568568571      -0.16181573526343943        1.1120667925936774     
   1.8668668668668671      -0.17355459057416731        1.0052838841026754     
   1.8768768768768771      -0.19820244408727772       0.99144226230605415     
   1.8868868868868871      -0.15581457075820382        1.0044736829362655     
   1.8968968968968971       -8.9257897264730629E-002  0.95459228246061911     
   1.9069069069069071       -6.4311151106272238E-002  0.89363317591917579     
   1.9169169169169171       -5.6099564153388369E-002  0.84823919244353607     
   1.9269269269269271       -4.5154840980380168E-002  0.81040289587521563     
   1.9369369369369371       -4.0361652549410314E-002  0.77247688767192879     
   1.9469469469469471       -4.3562128344946029E-002  0.74261905820944540     
   1.9569569569569571       -3.7823643559213242E-002  0.72497775486634930     
   1.9669669669669672       -2.9056449246384328E-002  0.69862428984384262     
   1.9769769769769772       -2.4794300941507454E-002  0.67287362175114207     
   1.9869869869869872       -2.1315970408762153E-002  0.64927748526525519     
   1.9969969969969972       -1.5449747026227145E-002  0.62449853635635322     
   2.0070070070070072       -2.4538131371311774E-002  0.59132659065660242     
   2.0170170170170172       -2.8450518447462835E-002  0.58644960580532213     
   2.0270270270270272       -2.2234994012955370E-002  0.56833933195114061     
   2.0370370370370372       -2.0203502124648436E-002  0.54835711167173706     
   2.0470470470470472       -1.9616315183392113E-002  0.52888367817593429     
   2.0570570570570572       -1.9941037154656473E-002  0.50986939369454187     
   2.0670670670670672       -2.0321429567389127E-002  0.49182753368557197     
   2.0770770770770772       -2.0358298824542528E-002  0.47270175701278427     
   2.0870870870870872       -2.1871883626930783E-002  0.45256707451827949     
   2.0970970970970972       -2.6642832228656772E-002  0.43231205712061016     
   2.1071071071071072       -3.3731238219780198E-002  0.41905810487807499     
   2.1171171171171173       -2.9581553815091484E-002  0.40737875660858175     
   2.1271271271271273       -2.5272416027644306E-002  0.38552945691267959     
   2.1371371371371373       -2.4931706686747938E-002  0.36160212808600101     
   2.1471471471471473       -2.6270478499153867E-002  0.33660690982594349     
   2.1571571571571573       -2.8989921355885122E-002  0.31027977093571468     
   2.1671671671671673       -3.1723483413534821E-002  0.28263400768180175     
   2.1771771771771773       -3.4879966661659413E-002  0.25064037480284479     
   2.1871871871871873       -3.9933611529449062E-002  0.21406643043099918     
   2.1971971971971973       -4.7280006470764357E-002  0.17157855875095243     
   2.2072072072072073       -5.8132292923843337E-002  0.12073359915588291     
   2.2172172172172173       -7.5123529783266918E-002   5.7628510786788052E-002
   2.2272272272272273      -0.10442978176004336       -2.4278376857818761E-002
   2.2372372372372373      -0.16351879555080681      -0.13538102343121161     
   2.2472472472472473      -0.31052377709463441      -0.27255245506263348     
   2.2572572572572573      -0.56870251875700861      -0.26657728756768712     
   2.2672672672672673      -0.71730476976959767      -0.27290867641378880     
   2.2772772772772774       -1.0872803380664491      -0.10281996580073134     
   2.2872872872872874       -1.1026486253310883       0.32914659057530410     
   2.2972972972972974      -0.86714783065417200       0.39916520484176454     
   2.3073073073073074      -0.98101991275738143       0.41818887079141370     
   2.3173173173173174      -0.87950297345271822       0.56454715726868254     
   2.3273273273273274      -0.97802613055322229       0.55380874769321398     
   2.3373373373373374      -0.97152412989073333       0.80398337611315596     
   2.3473473473473474      -0.89055204917984487       0.97937452341666908     
   2.3573573573573574      -0.61448246408754403        1.1265567889866515     
   2.3673673673673674      -0.39878518260249951       0.97365626510914660     
   2.3773773773773774      -0.47150030245418567       0.85999455988705276     
   2.3873873873873874      -0.45723826290708441        1.0071164539160036     
   2.3973973973973974      -0.25739617885198152        1.0189198184964992     
   2.4074074074074074      -0.15337411703727413       0.89899751483040735     
   2.4174174174174174      -0.13019982739710706       0.78369324646420413     
   2.4274274274274275      -0.16402594679052973       0.67473285611356171     
   2.4374374374374375      -0.30763292307462575       0.61703990775279238     
   2.4474474474474475      -0.41672213983230832       0.78834473967071983     
   2.4574574574574575      -0.26165450281262437       0.93813869108665005     
   2.4674674674674675      -0.12313982815736911       0.87915419464287448     
   2.4774774774774775       -7.5590359323188597E-002  0.80582843873245302     
   2.4874874874874875       -5.9036177516005366E-002  0.74724125857958867     
   2.4974974974974975       -5.8851325785051097E-002  0.69648678006552245     
   2.5075075075075075       -8.1113321812502651E-002  0.65575720252470016     
   2.5175175175175175      -0.10190105895549917       0.64619436887577508     
   2.5275275275275275      -0.14226677258735365       0.63350947652879586     
   2.5375375375375375      -0.15153239110057731       0.69155641635493692     
   2.5475475475475475      -0.10189430780429606       0.72353497235559228     
   2.5575575575575575       -5.2342987515324228E-002  0.69672596272791276     
   2.5675675675675675       -3.5273163450405390E-002  0.66302032007238576     
   2.5775775775775776       -3.1145907560589346E-002  0.63443587723161621     
   2.5875875875875876       -3.8442549414736328E-002  0.61074302655021240     
   2.5975975975975976       -5.0627143579391291E-002  0.61169229923814850     
   2.6076076076076076       -3.3556353025179765E-002  0.60609891686528605     
   2.6176176176176176       -2.8998568697028760E-002  0.58396485942590926     
   2.6276276276276276       -4.0228784387479850E-002  0.56215609766103014     
   2.6376376376376376       -6.9585022816505526E-002  0.56608014511892080     
   2.6476476476476476       -6.1985825878250647E-002  0.59573345565057179     
   2.6576576576576576       -3.1754018109644074E-002  0.59344709328551659     
   2.6676676676676676       -1.9231407360560521E-002  0.57662477315778782     
   2.6776776776776776       -1.5143731186557556E-002  0.56312898848037540     
   2.6876876876876876       -1.2028028325543502E-002  0.55260513957768154     
   2.6976976976976976       -9.9783890404304357E-003  0.54244615486972492     
   2.7077077077077076       -8.8252114769712207E-003  0.53329172541958458     
   2.7177177177177176       -8.0636777661814152E-003  0.52495660102994413     
   2.7277277277277276       -7.5107406278945915E-003  0.51722937953545456     
   2.7377377377377377       -7.0874792470491544E-003  0.50996745855540004     
   2.7477477477477477       -6.7538084479098395E-003  0.50307197122098180     
   2.7577577577577577       -6.4875255826653119E-003  0.49646982527620853     
   2.7677677677677677       -6.2765131128488007E-003  0.49010321209062774     
   2.7777777777777777       -6.1168924068485354E-003  0.48392303426048400     
   2.7877877877877877       -6.0191649194432607E-003  0.47788646113220518     
   2.7977977977977977       -6.0264617884231647E-003  0.47199484164838684     
   2.8078078078078077       -6.0102933501373530E-003  0.46631836415643502     
   2.8178178178178177       -5.9817877338869067E-003  0.46065449230796596     
   2.8278278278278277       -5.8790173904247475E-003  0.45497474512938801     
   2.8378378378378377       -5.8739386283241336E-003  0.44916260491747395     
   2.8478478478478477       -5.9660724557803364E-003  0.44327310603407677     
   2.8578578578578577       -6.1415052439850520E-003  0.43725015850750021     
   2.8678678678678677       -6.4150997031042906E-003  0.43101253950167018     
   2.8778778778778777       -6.8207221918297287E-003  0.42445385358515647     
   2.8878878878878878       -7.4182420327193700E-003  0.41742649494282413     
   2.8978978978978978       -8.3156227360549183E-003  0.40971347746901687     
   2.9079079079079078       -9.7238901729200210E-003  0.40097658335281472     
   2.9179179179179178       -1.2110499487867578E-002  0.39065811615566315     
   2.9279279279279278       -1.6715750127059260E-002  0.37783412157895846     
   2.9379379379379378       -2.7621444339924518E-002  0.36176712480812973     
   2.9479479479479478       -5.3337315573652039E-002  0.35360801123140029     
   2.9579579579579578       -6.1160612181241650E-002  0.35803365693405870     
   2.9679679679679678       -9.1389255326517260E-002  0.34607621113021286     
   2.9779779779779778      -0.10436615309211350       0.37252314541511561     
   2.9879879879879878      -0.13721824686183509       0.35331587011769683     
   2.9979979979979978      -0.20501033094430512       0.45077543395877534     
   3.0080080080080087      -0.10514907292143334       0.52262498227875731     
   3.0180180180180187       -4.7490403857421676E-002  0.49373589390791311     
   3.0280280280280287       -2.8312386651479556E-002  0.46569085278596400     
   3.0380380380380387       -2.1416890681090942E-002  0.44418407209348543     
   3.0480480480480487       -2.0434098687105121E-002  0.42564426667628008     
   3.0580580580580587       -2.6299160663460476E-002  0.40756552884838021     
   3.0680680680680688       -4.6370515706572538E-002  0.39679304857054198     
   3.0780780780780788       -6.1851929291281631E-002  0.40661180125804580     
   3.0880880880880888       -5.9474071484067186E-002  0.43070117080375409     
   3.0980980980980988       -3.9948049047854650E-002  0.42130493784763762     
   3.1081081081081088       -5.3659243122988726E-002  0.40795526652585079     
   3.1181181181181188       -5.9307792774236805E-002  0.43012286168142105     
   3.1281281281281288       -5.3254508582071952E-002  0.43526057671336998     
   3.1381381381381388       -3.3508870936006060E-002  0.44675830048330745     
   3.1481481481481488       -1.7356651609152250E-002  0.43527798022329817     
   3.1581581581581588       -1.1844135951522502E-002  0.42359489772853059     
   3.1681681681681688       -1.0148920183207429E-002  0.41378746953308948     
   3.1781781781781788       -1.1088045506742607E-002  0.40467110890320196     
   3.1881881881881888       -1.7252746250948095E-002  0.39631331768359757     
   3.1981981981981988       -2.9872690695628295E-002  0.40087142719544544     
   3.2082082082082088       -2.1329103985922013E-002  0.41331850173333112     
   3.2182182182182189       -1.0569562659048152E-002  0.40842126062313733     
   3.2282282282282289       -6.7836991001840787E-003  0.40177586661303732     
   3.2382382382382389       -5.2316890701737413E-003  0.39632066539719651     
   3.2482482482482489       -4.4651934160050023E-003  0.39168772050361678     
   3.2582582582582589       -4.0736191764769170E-003  0.38754144022899056     
   3.2682682682682689       -3.9656006471762107E-003  0.38365585934617674     
   3.2782782782782789       -4.3020073427021679E-003  0.37986793935247559     
   3.2882882882882889       -5.8026487704009215E-003  0.37655139902386559     
   3.2982982982982989       -7.1243371149669480E-003  0.37587240246429066     
   3.3083083083083089       -6.0310219954559912E-003  0.37548143131708317     
   3.3183183183183189       -3.9791843137651555E-003  0.37293943223821902     
   3.3283283283283289       -3.1879830972369729E-003  0.36981443299000405     
   3.3383383383383389       -2.9067526442334030E-003  0.36693208274941358     
   3.3483483483483489       -2.8679205294597798E-003  0.36437521234744819     
   3.3583583583583589       -2.6335247662832334E-003  0.36204656808454266     
   3.3683683683683689       -2.4410347027303851E-003  0.35961323308427240     
   3.3783783783783790       -2.3382218603959057E-003  0.35724634586010368     
   3.3883883883883890       -2.2701153783335594E-003  0.35495005065065838     
   3.3983983983983990       -2.2198443442791945E-003  0.35270876240188975     
   3.4084084084084090       -2.1814314501944314E-003  0.35051024620400506     
   3.4184184184184190       -2.1524034513334717E-003  0.34834482393837468     
   3.4284284284284290       -2.1318591322860470E-003  0.34620407116753366     
   3.4384384384384390       -2.1200036056511053E-003  0.34407988235266562     
   3.4484484484484490       -2.1184711648892960E-003  0.34196361163631539     
   3.4584584584584590       -2.1321489837990417E-003  0.33984505763666378     
   3.4684684684684690       -2.1768459589050350E-003  0.33771283824879006     
   3.4784784784784790       -2.3031266928191943E-003  0.33558725634501735     
   3.4884884884884890       -2.4226925574450300E-003  0.33360608799951980     
   3.4984984984984990       -2.3900717295774025E-003  0.33158347016306339     
   3.5085085085085090       -2.3334087913294715E-003  0.32936938688091916     
   3.5185185185185190       -2.3760943637902801E-003  0.32705021259817768     
   3.5285285285285291       -2.4800671480152358E-003  0.32464366674376494     
   3.5385385385385391       -2.6436454797299802E-003  0.32210779960004760     
   3.5485485485485491       -2.8896491075330452E-003  0.31938156668832351     
   3.5585585585585591       -3.2690075940593169E-003  0.31637356055764837     
   3.5685685685685691       -3.8921152119824574E-003  0.31293608083840274     
   3.5785785785785791       -5.0324643248577773E-003  0.30881922994696914     
   3.5885885885885891       -7.5222751712130066E-003  0.30366811319786929     
   3.5985985985985991       -1.4063741703840432E-002  0.29846196739986980     
   3.6086086086086091       -2.0877425219267796E-002  0.30058412468011525     
   3.6186186186186191       -2.6515949524186216E-002  0.29660620734401627     
   3.6286286286286291       -3.8672348775362554E-002  0.30916066427463079     
   3.6386386386386391       -2.8913046983630269E-002  0.31190835259743621     
   3.6486486486486491       -4.0221417008524787E-002  0.31086492741430605     
   3.6586586586586591       -3.3249099875546889E-002  0.32897178399041016     
   3.6686686686686691       -2.6543722654848494E-002  0.32465187094469022     
   3.6786786786786791       -2.2730562371577421E-002  0.33173962018450942     
   3.6886886886886892       -1.1636743459198287E-002  0.32761310426393708     
   3.6986986986986992       -7.7963659291838206E-003  0.32038666069061589     
   3.7087087087087092       -6.8674251091437426E-003  0.31391684077056542     
   3.7187187187187192       -7.6641074648868008E-003  0.30747082184046304     
   3.7287287287287292       -1.1164678144887809E-002  0.30010009233525431     
   3.7387387387387392       -2.2501068424285151E-002  0.29275043227416131     
   3.7487487487487492       -4.2557468635711027E-002  0.30449487904405365     
   3.7587587587587592       -3.5512872227707507E-002  0.32920137288480050     
   3.7687687687687692       -1.5896839992472187E-002  0.32962257027570835     
   3.7787787787787792       -8.6468714340156329E-003  0.32214750707867013     
   3.7887887887887892       -6.3934675582017035E-003  0.31600446773920582     
   3.7987987987987992       -6.6073791389577941E-003  0.31083130138329601     
   3.8088088088088092       -1.0224794623990431E-002  0.30793021290581296     
   3.8188188188188192       -1.0171169524536705E-002  0.31123731640984675     
   3.8288288288288292       -7.9763124669755287E-003  0.30916757292206376     
   3.8388388388388393       -7.4091244975879158E-003  0.30970784162465181     
   3.8488488488488493       -4.2302744580323187E-003  0.30792898267404639     
   3.8588588588588593       -2.9682872539533371E-003  0.30507991769326015     
   3.8688688688688693       -2.5123255488560263E-003  0.30256291396175988     
   3.8788788788788793       -2.4609216958703366E-003  0.30027114195321697     
   3.8888888888888893       -2.9992798577613495E-003  0.29822857670612551     
   3.8988988988988993       -3.7167354041740611E-003  0.29753619746613091     
   3.9089089089089093       -3.3463109968039193E-003  0.29686796087973083     
   3.9189189189189193       -2.3827778905564211E-003  0.29584912077879161     
   3.9289289289289293       -1.8118263481966689E-003  0.29415462084831179     
   3.9389389389389393       -1.5835904426617607E-003  0.29254402555009473     
   3.9489489489489493       -1.4682761306619113E-003  0.29104701500841629     
   3.9589589589589593       -1.4018574381813118E-003  0.28962623509709373     
   3.9689689689689693       -1.3679068953125306E-003  0.28825427245195567     
   3.9789789789789793       -1.3762452781397889E-003  0.28691076319047826     
   3.9889889889889893       -1.4884011297007557E-003  0.28561228015765472     
   3.9989989989989994       -1.6354183271027379E-003  0.28456717815588572     
   4.0090090090090094       -1.5903367776686700E-003  0.28360001188204614     
   4.0190190190190194       -1.3522348083367282E-003  0.28251361745253012     
   4.0290290290290294       -1.2318961368323264E-003  0.28129597895021663     
   4.0390390390390394       -1.1804216086624335E-003  0.28010608647535223     
   4.0490490490490494       -1.1518514824039861E-003  0.27894502061630405     
   4.0590590590590594       -1.1333424543758619E-003  0.27780440541408530     
   4.0690690690690694       -1.1207104959605565E-003  0.27667832378882251     
   4.0790790790790794       -1.1125305167528250E-003  0.27556236632919490     
   4.0890890890890894       -1.1087090062583188E-003  0.27445264102665223     
   4.0990990990990994       -1.1105780345253594E-003  0.27334503238353636     
   4.1091091091091094       -1.1230725458651527E-003  0.27223476021482229     
   4.1191191191191194       -1.1643863885133355E-003  0.27112248448714510     
   4.1291291291291294       -1.2385141688815166E-003  0.27007887660022201     
   4.1391391391391394       -1.1926190681622482E-003  0.26902917442572227     
   4.1491491491491495       -1.1840386418068422E-003  0.26788154794717023     
   4.1591591591591595       -1.2344621720701675E-003  0.26670425729122638     
   4.1691691691691695       -1.3916144024967126E-003  0.26552185304899939     
   4.1791791791791795       -1.5753675243644746E-003  0.26458478742816555     
   4.1891891891891895       -1.4191870047031790E-003  0.26348998601255724     
   4.1991991991991995       -1.4003633343387591E-003  0.26216283024053294     
   4.2092092092092095       -1.4816581380224659E-003  0.26075588248603682     
   4.2192192192192195       -1.6452831426956231E-003  0.25923152692775392     
   4.2292292292292295       -1.9344424462272556E-003  0.25751312973348078     
   4.2392392392392395       -2.4774808862002310E-003  0.25547106461727342     
   4.2492492492492495       -3.6517779272268688E-003  0.25288372782840507     
   4.2592592592592595       -6.7883460682914842E-003  0.24962633249719374     
   4.2692692692692695       -1.5295998249401617E-002  0.24962758442764424     
   4.2792792792792795       -1.6676433847755655E-002  0.26128563401166477     
   4.2892892892892895       -8.0246618288158829E-003  0.26233173786310027     
   4.2992992992992995       -5.0875851462696070E-003  0.25833737261570955     
   4.3093093093093096       -5.1306810720006778E-003  0.25436478775776628     
   4.3193193193193196       -8.2364391551692645E-003  0.25062334264690567     
   4.3293293293293296       -1.4943903830536875E-002  0.25275762292289317     
   4.3393393393393396       -1.4939837616527131E-002  0.25903763937602559     
   4.3493493493493496       -8.5150038777442490E-003  0.26229918185766604     
   4.3593593593593596       -4.4875670089015761E-003  0.25919777934976773     
   4.3693693693693696       -3.2316900437636361E-003  0.25607845834320148     
   4.3793793793793796       -2.9831220047133772E-003  0.25329278673133704     
   4.3893893893893896       -3.4647043586458672E-003  0.25045911919695141     
   4.3993993993993996       -5.3314149109571531E-003  0.24723680586539620     
   4.4094094094094096       -1.1197588923614115E-002  0.24512915750116288     
   4.4194194194194196       -1.6611083722791038E-002  0.25215795343800995     
   4.4294294294294296       -1.1274837144200144E-002  0.25945961055797306     
   4.4394394394394396       -5.1187704264564230E-003  0.25766261820194936     
   4.4494494494494496       -2.9939963559240195E-003  0.25479278706642655     
   4.4594594594594597       -2.1825112288121895E-003  0.25253559593636715     
   4.4694694694694697       -1.8611639795054139E-003  0.25066471795236861     
   4.4794794794794797       -1.8615780027110009E-003  0.24896740339102327     
   4.4894894894894897       -2.4018983220960911E-003  0.24739108885087718     
   4.4994994994994997       -3.6018582615528552E-003  0.24702624711119589     
   4.5095095095095097       -3.4708261187759693E-003  0.24726972423735150     
   4.5195195195195197       -2.4603058643155352E-003  0.24734442692470915     
   4.5295295295295297       -1.5336401351935573E-003  0.24617604702757259     
   4.5395395395395397       -1.1942071297376205E-003  0.24497319692408651     
   4.5495495495495497       -1.0439391028714880E-003  0.24390185913209197     
   4.5595595595595597       -9.6701134789028227E-004  0.24291790358986845     
   4.5695695695695697       -9.3509062473035032E-004  0.24198700613178378     
   4.5795795795795797       -9.6717964040055689E-004  0.24109808246553255     
   4.5895895895895897       -1.0671216680988248E-003  0.24038186437223888     
   4.5995995995995997       -9.2586932113979256E-004  0.23971036268263352     
   4.6096096096096097       -8.3125750732939644E-004  0.23890008451880584     
   4.6196196196196198       -7.9500819304862574E-004  0.23810252747524749     
   4.6296296296296298       -7.8488471351824841E-004  0.23732356292645945     
   4.6396396396396398       -8.1056710348163775E-004  0.23656206338166438     
   4.6496496496496498       -8.7440011269092474E-004  0.23589948525267926     
   4.6596596596596598       -7.9201759351296306E-004  0.23525957981017911     
   4.6696696696696698       -7.3662475106885280E-004  0.23453507129792131     
   4.6796796796796798       -7.1424038589857264E-004  0.23381756318088234     
   4.6896896896896898       -7.0318348660118612E-004  0.23311152968025331     
   4.6996996996996998       -6.9880473131678168E-004  0.23241282015250983     
   4.7097097097097098       -7.0353056114868195E-004  0.23171729188559895     
   4.7197197197197198       -7.3258650278512497E-004  0.23102508599633326     
   4.7297297297297298       -8.0348827150528461E-004  0.23039915253259968     
   4.7397397397397398       -7.5056766846235399E-004  0.22981437249924999     
   4.7497497497497498       -7.1145567783180181E-004  0.22913263679628970     
   4.7597597597597598       -7.2838745867994086E-004  0.22844635409958838     
   4.7697697697697699       -8.0538976132104581E-004  0.22782743943342237     
   4.7797797797797799       -7.5162332167353729E-004  0.22728009074953240     
   4.7897897897897899       -6.9098669003894589E-004  0.22661798255673196     
   4.7997997997997999       -6.7388952976881627E-004  0.22594757479914221     
   4.8098098098098099       -6.7549292413293422E-004  0.22528029112324843     
   4.8198198198198199       -7.0086100188974595E-004  0.22461595981445973     
   4.8298298298298299       -7.4785382691581960E-004  0.22400619158318394     
   4.8398398398398399       -7.0668155225297959E-004  0.22339325561858570     
   4.8498498498498499       -6.8718450531160872E-004  0.22271985634138339     
   4.8598598598598599       -6.9005995258681599E-004  0.22203711070266943     
   4.8698698698698699       -7.0402999837639090E-004  0.22134358704837898     
   4.8798798798798799       -7.2832816841844085E-004  0.22063157386756405     
   4.8898898898898899       -7.6662637427217723E-004  0.21989066123570544     
   4.8998998998998999       -8.2747798752938408E-004  0.21910535860317470     
   4.9099099099099099       -9.2926351122390354E-004  0.21825042255183322     
   4.9199199199199199       -1.1155749931393993E-003  0.21728188202831564     
   4.9299299299299300       -1.5087308117665999E-003  0.21612341478133845     
   4.9399399399399400       -2.5283192089676364E-003  0.21471984641186045     
   4.9499499499499500       -5.2070724655644517E-003  0.21418129952885304     
   4.9599599599599600       -6.9200231570120171E-003  0.21695023830829818     
   4.9699699699699700       -4.2385351381646341E-003  0.21884231856407929     
   4.9799799799799800       -2.6521510885176491E-003  0.21722727169277556     
   4.9899899899899900       -3.0008369151651284E-003  0.21548369790004307     
   5.0000000000000000       -4.7359248048797322E-003  0.21568326310559105     
