  -5.0000000000000000       -4.9813651008341333E-003 -0.21475037520661322     
  -4.9899899899899900       -3.2143884994227535E-003 -0.21440642959384987     
  -4.9799799799799800       -2.8687699190173030E-003 -0.21620948381801594     
  -4.9699699699699700       -4.7252654319997660E-003 -0.21774165059241996     
  -4.9599599599599600       -7.1499060127387980E-003 -0.21527081136768256     
  -4.9499499499499500       -4.8659285540696906E-003 -0.21271024450090145     
  -4.9399399399399400       -2.3526493646661953E-003 -0.21362072412976721     
  -4.9299299299299300       -1.4502833540751710E-003 -0.21502061014571730     
  -4.9199199199199199       -1.0900178590551052E-003 -0.21615734224487904     
  -4.9099099099099099       -9.1456614109627682E-004 -0.21711092511054786     
  -4.8998998998998999       -8.1688659601083895E-004 -0.21795491864541508     
  -4.8898898898898899       -7.5763209937486516E-004 -0.21873111269779597     
  -4.8798798798798799       -7.1978343709263356E-004 -0.21946361730172667     
  -4.8698698698698699       -6.9515773756780453E-004 -0.22016726442082912     
  -4.8598598598598599       -6.7978046389817785E-004 -0.22085193054640748     
  -4.8498498498498499       -6.7258119869864229E-004 -0.22152491463972407     
  -4.8398398398398399       -6.7720304071596849E-004 -0.22219182352741756     
  -4.8298298298298299       -7.1047990316216178E-004 -0.22284510194237619     
  -4.8198198198198199       -7.2928714000506474E-004 -0.22342506974316012     
  -4.8098098098098099       -6.8233464009995843E-004 -0.22405518080833747     
  -4.7997997997997999       -6.7110670997170445E-004 -0.22471607424359250     
  -4.7897897897897899       -6.8577531087183220E-004 -0.22538035064060583     
  -4.7797797797797799       -7.4701818471195928E-004 -0.22603334395428495     
  -4.7697697697697699       -7.9335774758451617E-004 -0.22656928982778879     
  -4.7597597597597598       -7.1558180035819526E-004 -0.22718469571196798     
  -4.7497497497497498       -6.9642023275049119E-004 -0.22786126549759306     
  -4.7397397397397398       -7.2371956611680366E-004 -0.22853843661060941     
  -4.7297297297297298       -7.9330164326233592E-004 -0.22914676422437052     
  -4.7197197197197198       -7.3742380037885582E-004 -0.22973361613335339     
  -4.7097097097097098       -6.9857964420587566E-004 -0.23041296817181442     
  -4.6996996996996998       -6.9074045649228323E-004 -0.23110008426092105     
  -4.6896896896896898       -6.9362024185446998E-004 -0.23178972815289733     
  -4.6796796796796798       -7.0293529653419132E-004 -0.23248580983672845     
  -4.6696696696696698       -7.2106869668614156E-004 -0.23319255268822126     
  -4.6596596596596598       -7.6224254095954734E-004 -0.23391164105919365     
  -4.6496496496496498       -8.5725660091687456E-004 -0.23459099837426617     
  -4.6396396396396398       -8.3399995688568102E-004 -0.23519661358459198     
  -4.6296296296296298       -7.8678182023631481E-004 -0.23593747667875961     
  -4.6196196196196198       -7.9128388153482435E-004 -0.23670954274066447     
  -4.6096096096096097       -8.3055575112447584E-004 -0.23749930648013234     
  -4.5995995995995997       -9.4154553791709120E-004 -0.23828620346683346     
  -4.5895895895895897       -1.0287839873895472E-003 -0.23890821627037181     
  -4.5795795795795797       -9.2711592717392623E-004 -0.23967274230375951     
  -4.5695695695695697       -9.1435786870102255E-004 -0.24055208252616633     
  -4.5595595595595597       -9.5321591621893805E-004 -0.24146839122379252     
  -4.5495495495495497       -1.0369018800756918E-003 -0.24243999217698944     
  -4.5395395395395397       -1.2049982619183833E-003 -0.24350220508179737     
  -4.5295295295295297       -1.6107431599377948E-003 -0.24468704512955483     
  -4.5195195195195197       -2.6863835027942672E-003 -0.24561537727261579     
  -4.5095095095095097       -3.3483209262825313E-003 -0.24531968873807733     
  -4.4994994994994997       -2.7385369956089856E-003 -0.24507195853661304     
  -4.4894894894894897       -1.8403515691485304E-003 -0.24625359448414186     
  -4.4794794794794797       -1.6332453815287072E-003 -0.24776803334478142     
  -4.4694694694694697       -1.7174268311241640E-003 -0.24934736213585487     
  -4.4594594594594597       -2.0253199644196555E-003 -0.25110715642749815     
  -4.4494494494494496       -2.7041076598691631E-003 -0.25323060014774146     
  -4.4394394394394396       -4.3225658906032470E-003 -0.25598201448851715     
  -4.4294294294294296       -8.9916409769027015E-003 -0.25903229971946889     
  -4.4194194194194196       -1.8118228127745311E-002 -0.25454944171276372     
  -4.4094094094094096       -1.4237388885921567E-002 -0.24360984875254582     
  -4.3993993993993996       -6.4798978285916641E-003 -0.24467078440967766     
  -4.3893893893893896       -3.9042040059053922E-003 -0.24816361342835092     
  -4.3793793793793796       -3.1857561452256090E-003 -0.25120884147309791     
  -4.3693693693693696       -3.3199242985004658E-003 -0.25412066337948369     
  -4.3593593593593596       -4.4411987500425961E-003 -0.25733341530088655     
  -4.3493493493493496       -8.1152398550170587E-003 -0.26084697415723584     
  -4.3393393393393396       -1.6285295235888966E-002 -0.25888310452565105     
  -4.3293293293293296       -1.6268433845154119E-002 -0.24951624197268873     
  -4.3193193193193196       -8.2683547548612034E-003 -0.24800088356530531     
  -4.3093093093093096       -5.0791957284281779E-003 -0.25192312213716833     
  -4.2992992992992995       -4.8311542776508674E-003 -0.25585892893105472     
  -4.2892892892892895       -7.1300584980732492E-003 -0.25987996880853914     
  -4.2792792792792795       -1.5116179182206462E-002 -0.26082255516961483     
  -4.2692692692692695       -1.6782157898031395E-002 -0.24872056893811054     
  -4.2592592592592595       -7.4857082416861396E-003 -0.24733308218981992     
  -4.2492492492492495       -3.8821439093226382E-003 -0.25062430552390469     
  -4.2392392392392395       -2.5691392941242729E-003 -0.25329387675454856     
  -4.2292292292292295       -1.9746778431208012E-003 -0.25538119485866628     
  -4.2192192192192195       -1.6613216033290153E-003 -0.25712102263315334     
  -4.2092092092092095       -1.4823120641771559E-003 -0.25865227556966797     
  -4.1991991991991995       -1.3839223081609339E-003 -0.26005600867068457     
  -4.1891891891891895       -1.3632408675573692E-003 -0.26138106680546536     
  -4.1791791791791795       -1.4841698955654140E-003 -0.26258536158217427     
  -4.1691691691691695       -1.4638982376695899E-003 -0.26346674620471416     
  -4.1591591591591595       -1.2545208109044797E-003 -0.26458075750618498     
  -4.1491491491491495       -1.1808748208648827E-003 -0.26574979394898468     
  -4.1391391391391394       -1.1773142204085437E-003 -0.26689094354611520     
  -4.1291291291291294       -1.2241800610254482E-003 -0.26794515485143527     
  -4.1191191191191194       -1.1573861302163295E-003 -0.26896587029557151     
  -4.1091091091091094       -1.1113835813039211E-003 -0.27006318408473279     
  -4.0990990990990994       -1.0970743715012310E-003 -0.27115995064325621     
  -4.0890890890890894       -1.0943011327644947E-003 -0.27225336147599344     
  -4.0790790790790794       -1.0975425083286320E-003 -0.27334827706317333     
  -4.0690690690690694       -1.1053266790297612E-003 -0.27444896166458882     
  -4.0590590590590594       -1.1177444761434432E-003 -0.27555944573115382     
  -4.0490490490490494       -1.1363245354691579E-003 -0.27668431452051262     
  -4.0390390390390394       -1.1655585351801378E-003 -0.27782979171445560     
  -4.0290290290290294       -1.2191480874803437E-003 -0.27900499691654396     
  -4.0190190190190194       -1.3467717188403827E-003 -0.28021268705900571     
  -4.0090090090090094       -1.6571604718471908E-003 -0.28128163871306999     
  -3.9989989989989989       -1.5897863795441411E-003 -0.28204495600732871     
  -3.9889889889889889       -1.3730010997493268E-003 -0.28325005393482910     
  -3.9789789789789789       -1.3235257724674876E-003 -0.28454823944636376     
  -3.9689689689689689       -1.3330516080703597E-003 -0.28586137359460401     
  -3.9589589589589589       -1.3713103627216649E-003 -0.28720397875954834     
  -3.9489489489489489       -1.4371428465060584E-003 -0.28859544216772098     
  -3.9389389389389389       -1.5486238880296870E-003 -0.29006056867228669     
  -3.9289289289289289       -1.7701862583505805E-003 -0.29163133917584250     
  -3.9189189189189189       -2.3255247233585109E-003 -0.29324034137221044     
  -3.9089089089089089       -2.9749432975228595E-003 -0.29415473447417945     
  -3.8988988988988988       -3.1031378006193310E-003 -0.29553903073576054     
  -3.8888888888888888       -3.7083710882246778E-003 -0.29615791786067969     
  -3.8788788788788788       -2.7922113371893027E-003 -0.29739166280783474     
  -3.8688688688688688       -2.5664519940481918E-003 -0.29963783256496529     
  -3.8588588588588588       -2.9220390891618207E-003 -0.30210710036881677     
  -3.8488488488488488       -4.1588891452360626E-003 -0.30475750473260188     
  -3.8388388388388388       -6.6976192707841765E-003 -0.30565393505044058     
  -3.8288288288288288       -5.7658187009695184E-003 -0.30609304557005867     
  -3.8188188188188188       -6.3883099155935706E-003 -0.30975936680219140     
  -3.8088088088088088       -1.0820241424237540E-002 -0.31137142455096728     
  -3.7987987987987988       -9.6244690365951072E-003 -0.30863198472461878     
  -3.7887887887887888       -7.3837741847997363E-003 -0.31301582266251232     
  -3.7787787787787788       -8.9959463928187128E-003 -0.31941826046236671     
  -3.7687687687687688       -1.5898713171007852E-002 -0.32712515395197062     
  -3.7587587587587588       -3.4906108647723998E-002 -0.32727505980085470     
  -3.7487487487487487       -4.2520104152011899E-002 -0.30684465057470195     
  -3.7387387387387387       -2.8423554724984462E-002 -0.28955330035921223     
  -3.7287287287287287       -1.3361835249145101E-002 -0.29500192506801193     
  -3.7187187187187187       -8.5959066416450795E-003 -0.30298576020558199     
  -3.7087087087087087       -7.4507403123336606E-003 -0.30994815064276315     
  -3.6986986986986987       -8.4376857338733478E-003 -0.31682477637897682     
  -3.6886886886886887       -1.3012378856090079E-002 -0.32422119997476606     
  -3.6786786786786787       -2.4903795848378412E-002 -0.32562027161992763     
  -3.6686686686686687       -2.4091181092291615E-002 -0.31954193983763085     
  -3.6586586586586587       -3.0518454260598484E-002 -0.32683987842210127     
  -3.6486486486486487       -4.3369427181996503E-002 -0.31075297032907445     
  -3.6386386386386387       -3.0979311112873654E-002 -0.30712277623733297     
  -3.6286286286286287       -3.9686994221829322E-002 -0.30490288694165396     
  -3.6186186186186187       -2.6892886076725207E-002 -0.29099883155867812     
  -3.6086086086086087       -1.9028821143225974E-002 -0.29714494274108577     
  -3.5985985985985987       -1.5913201443789951E-002 -0.29532528694261251     
  -3.5885885885885886       -8.3515115148930993E-003 -0.29898611304262046     
  -3.5785785785785786       -5.3249912977232621E-003 -0.30423325683312630     
  -3.5685685685685686       -4.0176149410302286E-003 -0.30847108023020475     
  -3.5585585585585586       -3.3281640252272511E-003 -0.31197640903663265     
  -3.5485485485485486       -2.9163153644214002E-003 -0.31501834583848398     
  -3.5385385385385386       -2.6517938751488396E-003 -0.31775800732967047     
  -3.5285285285285286       -2.4763059292945253E-003 -0.32029417101627000     
  -3.5185185185185186       -2.3632824467844050E-003 -0.32269216462720701     
  -3.5085085085085086       -2.3096816634106108E-003 -0.32499860771028022     
  -3.4984984984984986       -2.3561791637068696E-003 -0.32722536104983130     
  -3.4884884884884886       -2.4744211459883122E-003 -0.32921445609495270     
  -3.4784784784784786       -2.3303553161946682E-003 -0.33109380425003809     
  -3.4684684684684686       -2.1651145143596912E-003 -0.33318546446049208     
  -3.4584584584584586       -2.1060248759710723E-003 -0.33529129656829432     
  -3.4484484484484486       -2.0858383383007555E-003 -0.33737849603922065     
  -3.4384384384384385       -2.0835296863460301E-003 -0.33945945039320102     
  -3.4284284284284285       -2.0927232818450225E-003 -0.34154543136206517     
  -3.4184184184184185       -2.1112967243480944E-003 -0.34364577080728620     
  -3.4084084084084085       -2.1389345818092105E-003 -0.34576908499253145     
  -3.3983983983983985       -2.1767256534121595E-003 -0.34792430706723948     
  -3.3883883883883881       -2.2279455653730798E-003 -0.35012178981731468     
  -3.3783783783783781       -2.3015596660430153E-003 -0.35237453201450974     
  -3.3683683683683681       -2.4267278873702186E-003 -0.35469319110284270     
  -3.3583583583583581       -2.6498383895245409E-003 -0.35699550291968657     
  -3.3483483483483480       -2.7045034841802745E-003 -0.35930584897109058     
  -3.3383383383383380       -2.8284282131333816E-003 -0.36193744161046770     
  -3.3283283283283280       -3.2048158628495377E-003 -0.36479408127571716     
  -3.3183183183183180       -4.1912657976015113E-003 -0.36787429076995026     
  -3.3083083083083080       -6.5337882576431148E-003 -0.36991317277387709     
  -3.2982982982982980       -7.1682305461282722E-003 -0.36964281551982903     
  -3.2882882882882880       -5.0562815250726001E-003 -0.37098900653361722     
  -3.2782782782782780       -3.9791070560003606E-003 -0.37449403765158606     
  -3.2682682682682680       -3.7775551447979442E-003 -0.37814031084699795     
  -3.2582582582582580       -3.9128953476498989E-003 -0.38187853121235965     
  -3.2482482482482480       -4.2919775682614351E-003 -0.38587121027902965     
  -3.2382382382382380       -5.0144607950446188E-003 -0.39032427237829465     
  -3.2282282282282280       -6.4736539330389770E-003 -0.39554421367119130     
  -3.2182182182182180       -1.0061860467885488E-002 -0.40183777631475315     
  -3.2082082082082080       -2.0204736838782617E-002 -0.40603748774224696     
  -3.1981981981981980       -2.5971681257931124E-002 -0.39403445120465008     
  -3.1881881881881879       -1.4438550700913617E-002 -0.39303095416802747     
  -3.1781781781781779       -1.0021744486567528E-002 -0.40122120619764329     
  -3.1681681681681679       -9.5944077676269508E-003 -0.40988029954826088     
  -3.1581581581581579       -1.1290893729365989E-002 -0.41936914970571260     
  -3.1481481481481479       -1.6002312756463018E-002 -0.43093975001274876     
  -3.1381381381381379       -2.8872602009988386E-002 -0.44527250426682957     
  -3.1281281281281279       -6.1222165691011909E-002 -0.44672430251292966     
  -3.1181181181181179       -7.5710239548750322E-002 -0.41796403030617807     
  -3.1081081081081079       -5.4892708500191137E-002 -0.39255313295402200     
  -3.0980980980980979       -3.6487762904048981E-002 -0.40907479867024710     
  -3.0880880880880879       -4.8996091259699254E-002 -0.42835883683647241     
  -3.0780780780780779       -7.3951367908670129E-002 -0.40878661760070867     
  -3.0680680680680679       -4.9911498865510502E-002 -0.38543860722847223     
  -3.0580580580580579       -2.7304170574976847E-002 -0.39953509331078219     
  -3.0480480480480479       -2.1433186671392282E-002 -0.41873854018942647     
  -3.0380380380380378       -2.2718665989226460E-002 -0.43826250137898415     
  -3.0280280280280278       -3.0552649624134138E-002 -0.46107394790333250     
  -3.0180180180180178       -5.2577058594580832E-002 -0.49086540013083507     
  -3.0080080080080078      -0.11870748646635974      -0.51748328435622870     
  -2.9979979979979978      -0.21240933658772526      -0.43259215226910808     
  -2.9879879879879878      -0.14173372602388984      -0.33993205710002233     
  -2.9779779779779778      -0.11217325523065239      -0.35479944396660407     
  -2.9679679679679678       -8.6976078513097715E-002 -0.32589656880676515     
  -2.9579579579579578       -5.3515214497144026E-002 -0.34475640872937707     
  -2.9479479479479478       -5.3441870574037813E-002 -0.34982575424006795     
  -2.9379379379379378       -3.0567061694373947E-002 -0.34981918345756030     
  -2.9279279279279278       -1.7559265775394219E-002 -0.36510246721727463     
  -2.9179179179179178       -1.2353847088867701E-002 -0.37806005824460009     
  -2.9079079079079078       -9.7635432138403408E-003 -0.38842885994951365     
  -2.8978978978978978       -8.2637481087611455E-003 -0.39713175616344165     
  -2.8878878878878878       -7.3145687842791577E-003 -0.40475613658349502     
  -2.8778778778778777       -6.6823879018282810E-003 -0.41165730291046826     
  -2.8678678678678677       -6.2510312605700722E-003 -0.41806168043654901     
  -2.8578578578578577       -5.9577937192351526E-003 -0.42412271723336586     
  -2.8478478478478477       -5.7696098123262499E-003 -0.42995129094395956     
  -2.8378378378378377       -5.6798285148448591E-003 -0.43563216921988596     
  -2.8278278278278277       -5.7338054060479780E-003 -0.44120386978377329     
  -2.8178178178178177       -5.8790240860325275E-003 -0.44650418936965386     
  -2.8078078078078077       -5.7600517455636650E-003 -0.45173792808220359     
  -2.7977977977977977       -5.6389312415780560E-003 -0.45725037151791820     
  -2.7877877877877877       -5.6599159470138039E-003 -0.46285869774857258     
  -2.7777777777777777       -5.7502350156237265E-003 -0.46854620284486415     
  -2.7677677677677677       -5.8888237812172572E-003 -0.47435239098848420     
  -2.7577577577577577       -6.0733844232103065E-003 -0.48031950047179228     
  -2.7477477477477477       -6.3093877063337194E-003 -0.48649347064299375     
  -2.7377377377377377       -6.6091376646020342E-003 -0.49292859075799877     
  -2.7277277277277276       -6.9952284242439369E-003 -0.49969403170401888     
  -2.7177177177177176       -7.5107209716848613E-003 -0.50688434738628463     
  -2.7077077077077076       -8.2497222954584122E-003 -0.51463589173014557     
  -2.6976976976976976       -9.4673730486957448E-003 -0.52311641719219948     
  -2.6876876876876876       -1.1652597463833313E-002 -0.53200680742827788     
  -2.6776776776776776       -1.3526943248506385E-002 -0.54162881666691820     
  -2.6676676676676676       -1.7820654765147062E-002 -0.55462585773042328     
  -2.6576576576576576       -3.0617696096252634E-002 -0.56900504773107830     
  -2.6476476476476476       -5.2827667127279446E-002 -0.56672250686465986     
  -2.6376376376376376       -5.9828409426740205E-002 -0.55021122591819216     
  -2.6276276276276276       -3.7891867621134258E-002 -0.54522290125960926     
  -2.6176176176176176       -3.0431559208055195E-002 -0.56493562203267222     
  -2.6076076076076076       -4.1717749498992499E-002 -0.57816463337492419     
  -2.5975975975975976       -3.7966684319178677E-002 -0.57234221519256634     
  -2.5875875875875876       -2.6736687989101830E-002 -0.58931437659962160     
  -2.5775775775775776       -2.6248769605251649E-002 -0.61202288549642558     
  -2.5675675675675675       -3.2848218114184882E-002 -0.63778042621773023     
  -2.5575575575575575       -5.2916023913970420E-002 -0.66829744288747961     
  -2.5475475475475475      -0.10701433553090109      -0.68260394474394037     
  -2.5375375375375375      -0.14185272460446527      -0.63007620307854850     
  -2.5275275275275275       -9.1964631669353633E-002 -0.59915654601810231     
  -2.5175175175175175       -7.0456808682633751E-002 -0.63164978656953930     
  -2.5075075075075075       -6.4629072941007226E-002 -0.64501398089528006     
  -2.4974974974974975       -4.9861768683524002E-002 -0.67833436374255496     
  -2.4874874874874875       -5.1385364900704479E-002 -0.72241981888281881     
  -2.4774774774774775       -6.5657333528390524E-002 -0.77433816435554104     
  -2.4674674674674675      -0.10289217162052067      -0.84090020098185336     
  -2.4574574574574575      -0.20915991309289772      -0.91568992514514524     
  -2.4474474474474475      -0.41492898866898115      -0.83533585865507953     
  -2.4374374374374375      -0.36859423624769400      -0.59837396857596337     
  -2.4274274274274275      -0.18906723306089954      -0.61305476299546957     
  -2.4174174174174174      -0.13768016053179846      -0.72212296494874073     
  -2.4074074074074074      -0.15903992427552202      -0.83661558667699543     
  -2.3973973973973974      -0.26986939721079733      -0.93556420772673954     
  -2.3873873873873874      -0.41890209062719552      -0.91448313740362563     
  -2.3773773773773774      -0.44773232424854176      -0.78462652775661179     
  -2.3673673673673674      -0.37456643461516687      -0.88128210737384272     
  -2.3573573573573574      -0.57937315181527926       -1.0118808343307686     
  -2.3473473473473474      -0.79425383325153165      -0.83467228744026511     
  -2.3373373373373374      -0.84776242683723180      -0.72763069895300803     
  -2.3273273273273274      -0.85559389292911070      -0.47094538926570145     
  -2.3173173173173174      -0.70665305306857717      -0.51025686194666908     
  -2.3073073073073074      -0.86100737830735019      -0.44820453805898108     
  -2.2972972972972974      -0.78354066325513372      -0.35772742338055463     
  -2.2872872872872874      -0.97076487260467526      -0.26414977016254293     
  -2.2772772772772774      -0.85151297646867585       0.14742693587779970     
  -2.2672672672672673      -0.48345778796211386       0.16244659120551302     
  -2.2572572572572573      -0.42677681464754408        7.6503561304240963E-002
  -2.2472472472472473      -0.27466086509752913       0.13044958359571535     
  -2.2372372372372373      -0.14058267115868381        3.2478308171137803E-002
  -2.2272272272272273       -8.8206011311449117E-002  -5.9366343792783390E-002
  -2.2172172172172173       -6.3277709971477081E-002 -0.12799571693073947     
  -2.2072072072072073       -4.9134794194136834E-002 -0.18116004066770469     
  -2.1971971971971973       -4.0225516497837344E-002 -0.22425479860834305     
  -2.1871871871871873       -3.4330655360934152E-002 -0.26051515380966084     
  -2.1771771771771773       -3.0627217154434630E-002 -0.29176373473020700     
  -2.1671671671671673       -2.7794967432745597E-002 -0.31836899525265366     
  -2.1571571571571573       -2.4830336579016628E-002 -0.34323326134030263     
  -2.1471471471471473       -2.3166370565067623E-002 -0.36667936246714300     
  -2.1371371371371373       -2.2817534809701348E-002 -0.38890564461610705     
  -2.1271271271271273       -2.5182829208047795E-002 -0.40992648795996650     
  -2.1171171171171173       -3.0423890840812221E-002 -0.42398914089126521     
  -2.1071071071071072       -2.7343955725391077E-002 -0.43414120032787279     
  -2.0970970970970972       -2.1226618418110185E-002 -0.45058482704650271     
  -2.0870870870870872       -1.8779133250859295E-002 -0.46906348523330516     
  -2.0770770770770772       -1.8061375647949410E-002 -0.48688935584950088     
  -2.0670670670670672       -1.8236618018853148E-002 -0.50375972863603402     
  -2.0570570570570572       -1.7788304942426465E-002 -0.52023281611810734     
  -2.0470470470470472       -1.7763455706105415E-002 -0.53753248501284068     
  -2.0370370370370372       -1.8546333146144640E-002 -0.55523804556510947     
  -2.0270270270270272       -2.0962967051133843E-002 -0.57327233103833541     
  -2.0170170170170172       -2.6054625167918167E-002 -0.58738705628484456     
  -2.0070070070070072       -2.1542770331698768E-002 -0.59851499632468330     
  -1.9969969969969972       -1.5330269050106343E-002 -0.62311803142601208     
  -1.9869869869869872       -1.9674712424738134E-002 -0.64679968726472692     
  -1.9769769769769772       -2.2989414120604509E-002 -0.66868787311686873     
  -1.9669669669669672       -2.7235514001865441E-002 -0.69246886461139745     
  -1.9569569569569571       -3.6068448073454232E-002 -0.71598766954106585     
  -1.9469469469469471       -3.9510060136593125E-002 -0.73176680757146118     
  -1.9369369369369371       -3.7070363070893987E-002 -0.76055223943588890     
  -1.9269269269269271       -4.2108254675615846E-002 -0.79618936041355171     
  -1.9169169169169171       -5.5818615582879615E-002 -0.83330312222944936     
  -1.9069069069069071       -6.8143340584783663E-002 -0.86930693208118337     
  -1.8968968968968971       -9.7786804059558613E-002 -0.92015643817828441     
  -1.8868868868868871      -0.14946442358627871      -0.92988446939109459     
  -1.8768768768768771      -0.14883042959928963      -0.93007905453306028     
  -1.8668668668668671      -0.11900601798979296      -0.98090556381753602     
  -1.8568568568568571      -0.12617895314697694       -1.0803780836953703     
  -1.8468468468468471      -0.17552377278478148       -1.2066645450851690     
  -1.8368368368368371      -0.30954900942432734       -1.3611946846365355     
  -1.8268268268268271      -0.58988703450594382       -1.4296848399138393     
  -1.8168168168168171      -0.86037184804055844       -1.2908561377159142     
  -1.8068068068068071      -0.92671693571312619       -1.0515421184321765     
  -1.7967967967967970      -0.94659869210515823       -1.0067166455434109     
  -1.7867867867867866       -1.0670710555753873      -0.85674000924020577     
  -1.7767767767767766       -1.0260944648012258      -0.53599408537296167     
  -1.7667667667667666      -0.65231048370356792      -0.49536312065495247     
  -1.7567567567567566      -0.56570399526838278      -0.80862719706389075     
  -1.7467467467467466      -0.85271498503025667      -0.99948919530932856     
  -1.7367367367367366       -1.1675894727578902      -0.81457295525911455     
  -1.7267267267267266       -1.1980434082470539      -0.43897943979950060     
  -1.7167167167167166      -0.85221494758472494      -0.27560240288647719     
  -1.7067067067067065      -0.72349711215014445      -0.57892223438830159     
  -1.6966966966966965       -1.0562775952128380      -0.71842595115773911     
  -1.6866866866866865       -1.3428864702594738      -0.44399214768968087     
  -1.6766766766766765       -1.3564715941981289       -2.6264423723045747E-002
  -1.6666666666666665       -1.0396641759104837       0.31818931039961629     
  -1.6566566566566565      -0.63695612718997674       0.21944296407481537     
  -1.6466466466466465      -0.67571753540443180       -7.4824255237522135E-003
  -1.6366366366366365      -0.79754262720496760       0.23427440732102842     
  -1.6266266266266265      -0.44798646700414996       0.39276098769813522     
  -1.6166166166166165      -0.22010049335429549       0.24420754675962997     
  -1.6066066066066065      -0.13482398059332409       0.10496351823721255     
  -1.5965965965965965       -9.5697027613198940E-002   1.5011049219132828E-003
  -1.5865865865865865       -7.4142649603732971E-002  -7.8539926721944070E-002
  -1.5765765765765765       -6.0804639840429830E-002 -0.14358357987016318     
  -1.5665665665665665       -5.1918005480591570E-002 -0.19857222669240432     
  -1.5565565565565564       -4.5717362783838936E-002 -0.24653719592516005     
  -1.5465465465465464       -4.1289258626936352E-002 -0.28945943349516040     
  -1.5365365365365364       -3.8160758157275619E-002 -0.32872174123040632     
  -1.5265265265265264       -3.6223574395070082E-002 -0.36531614832302273     
  -1.5165165165165164       -3.5800683172086470E-002 -0.39933445858939898     
  -1.5065065065065064       -3.4560817666862850E-002 -0.43034355070458091     
  -1.4964964964964964       -3.3024703211148976E-002 -0.46236956289217995     
  -1.4864864864864864       -3.3148964271540099E-002 -0.49455284584548259     
  -1.4764764764764764       -3.5610648537511606E-002 -0.52710731098030217     
  -1.4664664664664664       -4.4101157969136183E-002 -0.55803470823910761     
  -1.4564564564564564       -5.1803311525377739E-002 -0.57331347334657878     
  -1.4464464464464464       -4.0428079756844780E-002 -0.59706801439979995     
  -1.4364364364364364       -3.6290407882490702E-002 -0.63111440763006343     
  -1.4264264264264264       -3.6825694917280993E-002 -0.66588859377797993     
  -1.4164164164164164       -4.1034824320693553E-002 -0.69970120614659093     
  -1.4064064064064064       -4.1941229039120786E-002 -0.73021499523552813     
  -1.3963963963963963       -4.1094850936861362E-002 -0.76782719425556434     
  -1.3863863863863863       -4.3110851171655633E-002 -0.80896468231054997     
  -1.3763763763763763       -4.6822747357998802E-002 -0.85329212402044419     
  -1.3663663663663663       -5.2323910676815577E-002 -0.90196396039183047     
  -1.3563563563563563       -6.0912812792441672E-002 -0.95641682332099398     
  -1.3463463463463463       -7.6427689645404556E-002  -1.0156578260650497     
  -1.3363363363363363       -8.9133450560870964E-002  -1.0737671724093731     
  -1.3263263263263263      -0.10074142109738579       -1.1538644760585670     
  -1.3163163163163163      -0.12754092843574694       -1.2577109070792583     
  -1.3063063063063063      -0.18578220260466047       -1.3901832061157944     
  -1.2962962962962963      -0.32460974572992918       -1.5372266770844425     
  -1.2862862862862863      -0.52679573381148470       -1.5898017377297413     
  -1.2762762762762763      -0.70344701117283082       -1.6067011023500608     
  -1.2662662662662663      -0.88657740513192074       -1.5733600097674574     
  -1.2562562562562563       -1.0401347849782681       -1.5066300362034972     
  -1.2462462462462462       -1.1701228876366438       -1.4256716640927682     
  -1.2362362362362362       -1.2830036280589727       -1.3357202909034636     
  -1.2262262262262262       -1.3825554827746904       -1.2382099566317055     
  -1.2162162162162162       -1.4708916614696550       -1.1331700148167814     
  -1.2062062062062062       -1.5487715328776972       -1.0199134028047305     
  -1.1961961961961962       -1.6161881914305816      -0.89866495011507452     
  -1.1861861861861862       -1.6753129706259484      -0.76655675565715009     
  -1.1761761761761762       -1.7220631822484185      -0.61921712456197053     
  -1.1661661661661662       -1.7515873880291128      -0.45329641252185865     
  -1.1561561561561562       -1.7528805857000571      -0.26286102910837095     
  -1.1461461461461462       -1.6951168737676612       -4.5953876313497510E-002
  -1.1361361361361362       -1.5209256242730695       0.12728658182643260     
  -1.1261261261261262       -1.4127200309602788       0.16717593060267302     
  -1.1161161161161162       -1.2542966949138157       0.34511775302344799     
  -1.1061061061061062      -0.92318421154197994       0.22181187534699534     
  -1.0960960960960962       -1.0668864178677748       -4.3503003594741012E-002
  -1.0860860860860861       -1.2468330379417798       0.16368696819866499     
  -1.0760760760760761       -1.1982373449113515       0.32225925951768042     
  -1.0660660660660661       -1.0997607074236242       0.61165115904035661     
  -1.0560560560560561      -0.69638197024144088       0.71823848328859075     
  -1.0460460460460461      -0.48566031081598898       0.51524495358501454     
  -1.0360360360360361      -0.44067447172662255       0.50538126834787267     
  -1.0260260260260261      -0.24174048771601270       0.43131354584609283     
  -1.0160160160160161      -0.14933159691389028       0.28792259291720596     
  -1.0060060060060061      -0.10899268068172117       0.17203203674520104     
 -0.99599599599599564       -8.7129730852736870E-002   7.8982894612203980E-002
 -0.98598598598598564       -7.3539015046042988E-002   1.0651111726623559E-003
 -0.97597597597597563       -6.4380682118413038E-002  -6.6539200383451083E-002
 -0.96596596596596562       -5.7905944572439437E-002 -0.12684125263963422     
 -0.95595595595595562       -5.3204848401934866E-002 -0.18183461855724822     
 -0.94594594594594561       -4.9758554682135657E-002 -0.23291796531683315     
 -0.93593593593593560       -4.7252639435626825E-002 -0.28112590209278965     
 -0.92592592592592560       -4.5489985205224459E-002 -0.32726271703669063     
 -0.91591591591591559       -4.4347066203644252E-002 -0.37198530143695707     
 -0.90590590590590558       -4.3751854280091568E-002 -0.41585886782128872     
 -0.89589589589589558       -4.3675311702908781E-002 -0.45939879000097927     
 -0.88588588588588557       -4.4137727477565718E-002 -0.50310755196580881     
 -0.87587587587587556       -4.5251240032009005E-002 -0.54751135718096566     
 -0.86586586586586556       -4.7405928300073397E-002 -0.59313515634645175     
 -0.85585585585585555       -5.1524359507540238E-002 -0.63943787258832596     
 -0.84584584584584555       -5.3940739864801295E-002 -0.68574897962998804     
 -0.83583583583583554       -5.6676913380294860E-002 -0.73843813635082090     
 -0.82582582582582553       -6.3203536006658428E-002 -0.79633906774129837     
 -0.81581581581581553       -7.6660012776543204E-002 -0.86022425038691608     
 -0.80580580580580552      -0.10548626182745291      -0.92277487713690387     
 -0.79579579579579551      -0.13267990831155713      -0.95718646482558589     
 -0.78578578578578551      -0.11493999304461333       -1.0177465934140968     
 -0.77577577577577550      -0.12113380914764547       -1.1192949705304254     
 -0.76576576576576549      -0.15570383836166560       -1.2384835467791413     
 -0.75575575575575549      -0.22275260501178712       -1.3604893247857652     
 -0.74574574574574548      -0.32284109214149476       -1.5149038428858890     
 -0.73573573573573547      -0.53673278488376075       -1.6257304909730232     
 -0.72572572572572547      -0.74897246951057861       -1.6263457352159720     
 -0.71571571571571546      -0.91799184201972006       -1.5827802348271263     
 -0.70570570570570545       -1.0552581214151302       -1.5232750294647526     
 -0.69569569569569545       -1.1702915219601309       -1.4567649681040533     
 -0.68568568568568544       -1.2689529979979299       -1.3866540554949285     
 -0.67567567567567544       -1.3549721211609804       -1.3144194841477126     
 -0.66566566566566543       -1.4308485826596016       -1.2407307174553939     
 -0.65565565565565542       -1.4983297524421861       -1.1658675071624860     
 -0.64564564564564542       -1.5586736903534466       -1.0898986393099295     
 -0.63563563563563541       -1.6128015134698170       -1.0127656270899346     
 -0.62562562562562540       -1.6613892084368198      -0.93432376348743440     
 -0.61561561561561540       -1.7049239783714842      -0.85436184794664483     
 -0.60560560560560539       -1.7437380655191252      -0.77260990292654308     
 -0.59559559559559538       -1.7780265650330926      -0.68873892978211904     
 -0.58558558558558538       -1.8078515629715719      -0.60235393837937723     
 -0.57557557557557537       -1.8331304074086481      -0.51297929861866609     
 -0.56556556556556536       -1.8535953803372129      -0.42003326876451591     
 -0.55555555555555536       -1.8686694852649131      -0.32279609054962699     
 -0.54554554554554535       -1.8770156046381989      -0.22058671346772002     
 -0.53553553553553535       -1.8770949322305286      -0.11534877911844828     
 -0.52552552552552534       -1.8741461201937402       -4.2166817198292543E-003
 -0.51551551551551533       -1.8599461635707439       0.11897403575914788     
 -0.50550550550550533       -1.8294557900030619       0.25250698963320761     
 -0.49549549549549532       -1.7746288481492596       0.39680364142354574     
 -0.48548548548548531       -1.6807401077053286       0.53882120302552594     
 -0.47547547547547531       -1.5800124698974320       0.66848068386277559     
 -0.46546546546546530       -1.4059389392561743       0.83821523648267371     
 -0.45545545545545529       -1.0786488421008804       0.90705640279424893     
 -0.44544544544544529      -0.82437316517884029       0.64363148528625636     
 -0.43543543543543528       -1.0448852281591359       0.47296037264405227     
 -0.42542542542542527       -1.1126033449187356       0.78282964984393122     
 -0.41541541541541527      -0.78981782999820593        1.0089270626318212     
 -0.40540540540540526      -0.41073309627279586       0.90309957594086521     
 -0.39539539539539525      -0.23840819969584548       0.68337674217154543     
 -0.38538538538538525      -0.16718197572834295       0.50650409916726868     
 -0.37537537537537524      -0.13103725644802144       0.36676075163082594     
 -0.36536536536536524      -0.10992835289644383       0.25060899313554708     
 -0.35535535535535523       -9.6572779752492469E-002  0.14971302182616311     
 -0.34534534534534522       -8.7798071853638929E-002   5.8968708430657275E-002
 -0.33533533533533522       -8.2038643324319663E-002  -2.4976269888512783E-002
 -0.32532532532532521       -7.8462613534101708E-002 -0.10450508505765622     
 -0.31531531531531520       -7.6621115482091565E-002 -0.18145679588101341     
 -0.30530530530530520       -7.6295347926148629E-002 -0.25737876793319719     
 -0.29529529529529519       -7.7431691813693582E-002 -0.33369781703347379     
 -0.28528528528528518       -8.0126179659539387E-002 -0.41186005126175368     
 -0.27527527527527518       -8.4649850822114597E-002 -0.49347458587550919     
 -0.26526526526526517       -9.1528988203797484E-002 -0.58049798380099693     
 -0.25525525525525516      -0.10173052367930270      -0.67551553454195223     
 -0.24524524524524516      -0.11709715905337677      -0.78222482720032283     
 -0.23523523523523515      -0.14148693566235598      -0.90632780598866314     
 -0.22522522522522515      -0.18431214514149680       -1.0570612711664007     
 -0.21521521521521514      -0.27371909281392298       -1.2464500753029246     
 -0.20520520520520513      -0.48381463729957330       -1.4409890107031007     
 -0.19519519519519513      -0.77643392491601204       -1.4944557167881103     
 -0.18518518518518512       -1.0131787352673807       -1.4427574416043683     
 -0.17517517517517511       -1.1918791823540176       -1.3576653004493175     
 -0.16516516516516511       -1.3305722067018044       -1.2618406438343097     
 -0.15515515515515510       -1.4409238588964941       -1.1620234952935544     
 -0.14514514514514509       -1.5294133836025010       -1.0592145876926005     
 -0.13513513513513509       -1.5968020985095737      -0.95057282658194908     
 -0.12512512512512508       -1.6263743069119829      -0.83348777501392546     
 -0.11511511511511507       -1.5913876013022163      -0.78250934995492594     
 -0.10510510510510507       -1.6658294481926312      -0.78421206133608035     
  -9.5095095095095061E-002  -1.7415312406970316      -0.70660604737699795     
  -8.5085085085085055E-002  -1.7796799701393724      -0.62084903789560941     
  -7.5075075075075048E-002  -1.8102328802699434      -0.55703806132008948     
  -6.5065065065065042E-002  -1.8478716738377630      -0.48277291822342333     
  -5.5055055055055035E-002  -1.8738898284193790      -0.40480079168597394     
  -4.5045045045045029E-002  -1.8926974962250191      -0.32854947111502142     
  -3.5035035035035023E-002  -1.9065869084648217      -0.25392670023562941     
  -2.5025025025025016E-002  -1.9164843840152881      -0.18046680225084716     
  -1.5015015015015010E-002  -1.9227938599144392      -0.10776772601902054     
  -5.0050050050050032E-003  -1.9255920671128335       -3.5652425382120372E-002
   5.0050050050050032E-003  -1.9255903780738644        3.5766425410173719E-002
   1.5015015015015010E-002  -1.9227867793797215       0.10788280206090267     
   2.5025025025025016E-002  -1.9164718797265650       0.18058261922323904     
   3.5035035035035023E-002  -1.9065686727762756       0.25404370252954200     
   4.5045045045045029E-002  -1.8926726622350203       0.32866824827018087     
   5.5055055055055035E-002  -1.8738564128080135       0.40492195144019122     
   6.5065065065065042E-002  -1.8478244691214929       0.48289532276588876     
   7.5075075075075048E-002  -1.8101694929408259       0.55714250644534591     
   8.5085085085085055E-002  -1.7796407375513006       0.62096683262759578     
   9.5095095095095061E-002  -1.7414459792139483       0.70673955373433794     
  0.10510510510510507       -1.6656792587050775       0.78429186473888224     
  0.11511511511511507       -1.5913990520061370       0.78244970815100401     
  0.12512512512512508       -1.6263915898119559       0.83365801040571175     
  0.13513513513513509       -1.5967264295722732       0.95074141135522761     
  0.14514514514514509       -1.5293028244322757        1.0593681067748677     
  0.15515515515515510       -1.4407860533235264        1.1621694222895260     
  0.16516516516516511       -1.3304024021191876        1.2619807740784890     
  0.17517517517517511       -1.1916662225323056        1.3577956474824071     
  0.18518518518518512       -1.0129035624727072        1.4428627486532750     
  0.19519519519519513      -0.77607179594836961        1.4944844753523061     
  0.20520520520520513      -0.48343771820823889        1.4408082073898241     
  0.21521521521521514      -0.27354211191603861        1.2461817190046567     
  0.22522522522522515      -0.18423474519234770        1.0568471338396044     
  0.23523523523523515      -0.14144561547874027       0.90615715701089850     
  0.24524524524524516      -0.11707214208898933       0.78208229895142456     
  0.25525525525525516      -0.10171433244648055       0.67539154938438140     
  0.26526526526526517       -9.1518251602620851E-002  0.58038648154656314     
  0.27527527527527518       -8.4642867798724999E-002  0.49337143433049074     
  0.28528528528528518       -8.0122045492698871E-002  0.41176218920165930     
  0.29529529529529519       -7.7429940835133326E-002  0.33360277048504067     
  0.30530530530530520       -7.6295799895155017E-002  0.25728434529595373     
  0.31531531531531520       -7.6623819664589241E-002  0.18136086173324636     
  0.32532532532532521       -7.8467856602028943E-002  0.10440535204651287     
  0.33533533533533522       -8.2047023375181577E-002   2.4870057562393657E-002
  0.34534534534534522       -8.7810677735780260E-002  -5.9084812912838167E-002
  0.35535535535535523       -9.6591588232729439E-002 -0.14984371253384904     
  0.36536536536536524      -0.10995715683566150      -0.25076122508166482     
  0.37537537537537524      -0.13108409560525516      -0.36694560495601164     
  0.38538538538538525      -0.16726662018221650      -0.50674020274788389     
  0.39539539539539525      -0.23859014357401179      -0.68369178400120145     
  0.40540540540540526      -0.41120915354298399      -0.90344616692692603     
  0.41541541541541527      -0.79057421067302613       -1.0087592892078252     
  0.42542542542542527       -1.1128876211745991      -0.78215943607442451     
  0.43543543543543528       -1.0442866402602429      -0.47266841135756438     
  0.44544544544544529      -0.82438371722373094      -0.64432205646586149     
  0.45545545545545529       -1.0793767155350389      -0.90717792801146402     
  0.46546546546546530       -1.4064118572372393      -0.83788950533703188     
  0.47547547547547531       -1.5802140677515726      -0.66813283160220394     
  0.48548548548548531       -1.6809380403738834      -0.53854915102793721     
  0.49549549549549532       -1.7747620855360375      -0.39648691179939805     
  0.50550550550550533       -1.8295314788019872      -0.25220114960258344     
  0.51551551551551533       -1.8599850973905598      -0.11868299219091398     
  0.52552552552552534       -1.8741567345579262        4.4933904920495355E-003
  0.53553553553553535       -1.8770929228820707       0.11560925103622277     
  0.54554554554554535       -1.8769964604979819       0.22085013764584144     
  0.55555555555555536       -1.8686306612879093       0.32305356733828117     
  0.56556556556556536       -1.8535406763890387       0.42028516691355255     
  0.57557557557557537       -1.8330611009520845       0.51322701451867137     
  0.58558558558558538       -1.8077679913695821       0.60259861611415344     
  0.59559559559559538       -1.7779285568371548       0.68898149610640202     
  0.60560560560560539       -1.7436250553480033       0.77285112554029423     
  0.61561561561561540       -1.7047950274659982       0.85460236606292961     
  0.62562562562562540       -1.6612429785159832       0.93456409800777396     
  0.63563563563563541       -1.6126362018920937        1.0130061732678739     
  0.64564564564564542       -1.5584869200139206        1.0901396386994551     
  0.65565565565565542       -1.4981183982217072        1.1661089881657551     
  0.66566566566566543       -1.4306085006866813        1.2409723828053751     
  0.67567567567567544       -1.3546977059759735        1.3146604929388506     
  0.68568568568568544       -1.2686364576650990        1.3868925778023384     
  0.69569569569569545       -1.1699215906729357        1.4569972232916784     
  0.70570570570570545       -1.0548176745718949        1.5234929155245585     
  0.71571571571571546      -0.91745339161929673        1.5829645318708117     
  0.72572572572572547      -0.74829214815317924        1.6264422636806866     
  0.73573573573573547      -0.53589186452252813        1.6255589232121666     
  0.74574574574574548      -0.32226299725406221        1.5142834376406464     
  0.75575575575575549      -0.22251192071715553        1.3600448455383687     
  0.76576576576576549      -0.15550655922764028        1.2380181863113331     
  0.77577577577577550      -0.12106113217999516        1.1188809752527580     
  0.78578578578578551      -0.11497098391718361        1.0174034888678747     
  0.79579579579579551      -0.13272403479334907       0.95707845125751867     
  0.80580580580580552      -0.10534395796703364       0.92260116760618383     
  0.81581581581581553       -7.6579297059403292E-002  0.85997686033924015     
  0.82582582582582553       -6.3167746639614913E-002  0.79611179604657833     
  0.83583583583583554       -5.6659097426260185E-002  0.73823254153879592     
  0.84584584584584555       -5.3936314527107461E-002  0.68556668936218690     
  0.85585585585585555       -5.1504074780097858E-002  0.63927285875178208     
  0.86586586586586556       -4.7392507521957124E-002  0.59296677060991831     
  0.87587587587587556       -4.5243446428107341E-002  0.54734986425671606     
  0.88588588588588557       -4.4132618404544167E-002  0.50295177690886683     
  0.89589589589589558       -4.3672002607990042E-002  0.45924700484875147     
  0.90590590590590558       -4.3750032393938904E-002  0.41570957227963712     
  0.91591591591591559       -4.4346633870023050E-002  0.37183712126025020     
  0.92592592592592560       -4.5490969655442380E-002  0.32711429435001432     
  0.93593593593593560       -4.7255176961290848E-002  0.28097579849893822     
  0.94594594594594561       -4.9762910187168503E-002  0.23276455655136979     
  0.95595595595595562       -5.3211470068588070E-002  0.18167595655420868     
  0.96596596596596562       -5.7915576474981689E-002  0.12667486013399687     
  0.97597597597597563       -6.4394597249570265E-002   6.6361735516335923E-002
  0.98598598598598564       -7.3559536904262146E-002  -1.2584447940520778E-003
  0.99599599599599564       -8.7161553578941120E-002  -7.9199446041442162E-002
   1.0060060060060056      -0.10904682144056778      -0.17228370863059861     
   1.0160160160160157      -0.14943995638945221      -0.28822725207109678     
   1.0260260260260257      -0.24201211930393754      -0.43165451764864027     
   1.0360360360360357      -0.44105090512823097      -0.50537404006665454     
   1.0460460460460457      -0.48575131640977837      -0.51554423187860821     
   1.0560560560560557      -0.69702996033885600      -0.71848206283031457     
   1.0660660660660657       -1.1002580992863362      -0.61128397207850549     
   1.0760760760760757       -1.1983355084789415      -0.32207675082295889     
   1.0860860860860857       -1.2469877776960314      -0.16320894390912777     
   1.0960960960960957       -1.0664109393956154        4.3333346571041584E-002
   1.1061061061061057      -0.92419706289138970      -0.22171532160134474     
   1.1161161161161157       -1.2519760677486746      -0.34622818844853243     
   1.1261261261261257       -1.4155980453988231      -0.16300476597874913     
   1.1361361361361357       -1.5208594976925838      -0.12944382081774403     
   1.1461461461461457       -1.6957234352693000        4.6452758969340542E-002
   1.1561561561561557       -1.7527374172358143       0.26322502541756754     
   1.1661661661661658       -1.7515053871376478       0.45339124020928645     
   1.1761761761761758       -1.7220425310228455       0.61929379278769059     
   1.1861861861861858       -1.6753282948441466       0.76664546567193947     
   1.1961961961961958       -1.6161645454091791       0.89884404427813791     
   1.2062062062062058       -1.5486800188135852        1.0199935708689192     
   1.2162162162162158       -1.4708284096951287        1.1332357631619896     
   1.2262262262262258       -1.3824916566318788        1.2382747196495969     
   1.2362362362362358       -1.2829326213633472        1.3357816300642864     
   1.2462462462462458       -1.1700413790537543        1.4257282844617098     
   1.2562562562562558       -1.0400386404249415        1.5066807673939926     
   1.2662662662662658      -0.88645861630579914        1.5734048945123278     
   1.2762762762762758      -0.70325244406350729        1.6067408048573681     
   1.2862862862862858      -0.52658981498160740        1.5894919915278387     
   1.2962962962962958      -0.32478032498680476        1.5371549759923706     
   1.3063063063063058      -0.18578846670121679        1.3902865410820811     
   1.3163163163163158      -0.12735396424261361        1.2578362875430977     
   1.3263263263263259      -0.10009421975829715        1.1535934710574642     
   1.3363363363363359       -9.0796476586949074E-002   1.0728803370238598     
   1.3463463463463459       -7.5970157183843479E-002   1.0162602494422583     
   1.3563563563563559       -6.0707004713225113E-002  0.95631804312738944     
   1.3663663663663659       -5.2269241399168477E-002  0.90184976537939254     
   1.3763763763763759       -4.6817834774944278E-002  0.85318724033600513     
   1.3863863863863859       -4.3148128863547179E-002  0.80885447102016317     
   1.3963963963963959       -4.1238585191733693E-002  0.76771787154515669     
   1.4064064064064059       -4.2277694618021021E-002  0.73046147920799898     
   1.4164164164164168       -4.0526365122651349E-002  0.69988565932810298     
   1.4264264264264268       -3.6638653760792804E-002  0.66560448814803586     
   1.4364364364364368       -3.6339002049205753E-002  0.63081187417614437     
   1.4464464464464468       -4.0796086350066346E-002  0.59682579048501039     
   1.4564564564564568       -5.2200463016021603E-002  0.57400092448262674     
   1.4664664664664668       -4.3575971717473412E-002  0.55806765716624918     
   1.4764764764764768       -3.5455595054028698E-002  0.52687813922242999     
   1.4864864864864868       -3.3148628097472675E-002  0.49433012381114261     
   1.4964964964964969       -3.3182056438848959E-002  0.46215712860412422     
   1.5065065065065069       -3.4932548046104295E-002  0.43047589221442406     
   1.5165165165165169       -3.5585117262982975E-002  0.39953335632282266     
   1.5265265265265269       -3.6115868493399234E-002  0.36523976290088916     
   1.5365365365365369       -3.8129847383285821E-002  0.32864103052594013     
   1.5465465465465469       -4.1281505376678233E-002  0.28938538470679742     
   1.5565565565565569       -4.5719938077579146E-002  0.24646307801034079     
   1.5665665665665669       -5.1928767122195102E-002  0.19849168585140878     
   1.5765765765765769       -6.0826725467448203E-002  0.14348925398058485     
   1.5865865865865869       -7.4187035601981963E-002   7.8420422133908194E-002
   1.5965965965965969       -9.5797004876333053E-002  -1.6661336630577688E-003
   1.6066066066066069      -0.13509674964525178      -0.10520370298128816     
   1.6166166166166169      -0.22104034462392738      -0.24441004448417344     
   1.6266266266266269      -0.45078527605887181      -0.39019021958183470     
   1.6366366366366369      -0.78767482562670965      -0.22469495856238239     
   1.6466466466466469      -0.66136777512149458       -1.9291445151533478E-002
   1.6566566566566570      -0.68477165381362370      -0.24089927109037418     
   1.6666666666666670       -1.0490817157543744      -0.23378217180280830     
   1.6766766766766770       -1.2823522164570376        2.0009609780968919E-002
   1.6866866866866870       -1.3250495376057916       0.36973927360189490     
   1.6966966966966970       -1.1352687349769688       0.68007286728734662     
   1.7067067067067070      -0.77730172451735069       0.65568473316713793     
   1.7167167167167170      -0.79514479424021667       0.35104422171786065     
   1.7267267267267270       -1.0965319351722329       0.40957512161194759     
   1.7367367367367370       -1.1784541740862939       0.70022941564938035     
   1.7467467467467470      -0.96409749624225860       0.97196671551871816     
   1.7567567567567570      -0.62541004866037841       0.90354112264050246     
   1.7667667667667670      -0.59627699301317560       0.59900447631709230     
   1.7767767767767770      -0.87069287048467725       0.51050000702298781     
   1.7867867867867870       -1.0889628647062792       0.69352030687874389     
   1.7967967967967970       -1.0902879313652190       0.98481080419084199     
   1.8068068068068071      -0.96645645919575784        1.1707048529852302     
   1.8168168168168171      -0.79386781274369977        1.3562934776360169     
   1.8268268268268271      -0.50164291261932226        1.4044016781790229     
   1.8368368368368371      -0.31184239649707507        1.2708057975797316     
   1.8468468468468471      -0.23962236743422075        1.1998186698710189     
   1.8568568568568571      -0.14804225436329266        1.1063423716235763     
   1.8668668668668671      -0.12184856183485551        1.0057105784204132     
   1.8768768768768771      -0.13499368489402533       0.95668017250360593     
   1.8868868868868871      -0.10213756199572803       0.92659289294129998     
   1.8968968968968971       -9.9843424900761590E-002  0.87392721071533330     
   1.9069069069069071       -9.5863740433439010E-002  0.86736967153792022     
   1.9169169169169171       -6.5212509766593901E-002  0.84299886326320117     
   1.9269269269269271       -4.4234040245099859E-002  0.80498239929667881     
   1.9369369369369371       -3.4877898135454728E-002  0.76898832302443820     
   1.9469469469469471       -2.9925131759989086E-002  0.73776233043255235     
   1.9569569569569571       -2.6927182727172625E-002  0.70994578450086954     
   1.9669669669669672       -2.5264044508742249E-002  0.68441897059805523     
   1.9769769769769772       -2.5387875667561330E-002  0.66034012032300093     
   1.9869869869869872       -3.0471742791177252E-002  0.63828854122570067     
   1.9969969969969972       -4.2376007292985671E-002  0.63945083174139183     
   2.0070070070070072        6.9256684689886676E-003  0.61272714888797075     
   2.0170170170170172       -1.5860972210306426E-002  0.57608991254181707     
   2.0270270270270272       -2.3989464386123496E-002  0.56354750733548065     
   2.0370370370370372       -2.4046195749585546E-002  0.55495504310440558     
   2.0470470470470472       -1.9594761520063279E-002  0.53893122622589107     
   2.0570570570570572       -1.8514298782835815E-002  0.52126988179734002     
   2.0670670670670672       -1.8668640904534531E-002  0.50474397427675177     
   2.0770770770770772       -1.8090214985955352E-002  0.48796867493317814     
   2.0870870870870872       -1.8358023655892931E-002  0.47025325284536051     
   2.0970970970970972       -1.9740451373788288E-002  0.45189394964043073     
   2.1071071071071072       -2.3729358868797429E-002  0.43297698430016562     
   2.1171171171171173       -3.1858617799518194E-002  0.42009746012469951     
   2.1271271271271273       -2.7209159506552939E-002  0.41019701679229925     
   2.1371371371371373       -2.3463794426219434E-002  0.38954568355693897     
   2.1471471471471473       -2.3399505058191602E-002  0.36715302283142259     
   2.1571571571571573       -2.4917868174130504E-002  0.34360545375530499     
   2.1671671671671673       -2.7810147448352932E-002  0.31869009928882136     
   2.1771771771771773       -3.0605973181628693E-002  0.29208886430921677     
   2.1871871871871873       -3.4246202981256108E-002  0.26089042819845654     
   2.1971971971971973       -4.0035093913450594E-002  0.22473711883489500     
   2.2072072072072073       -4.8714667905994720E-002  0.18185764749351740     
   2.2172172172172173       -6.2257072154978464E-002  0.12911872743264000     
   2.2272272272272273       -8.5290114108973761E-002   6.1255602808553127E-002
   2.2372372372372373      -0.13033806655587346       -3.0670692245336671E-002
   2.2472472472472473      -0.23914697922071615      -0.15503524064329471     
   2.2572572572572573      -0.52370736000825635      -0.21214143292237506     
   2.2672672672672673      -0.67118001244400061        8.3445658413988891E-002
   2.2772772772772774      -0.51055609079619335        6.3594114122548687E-002
   2.2872872872872874      -0.73203297821223090      -0.12465358735144677     
   2.2972972972972974       -1.1265608508144038       0.13191944732411881     
   2.3073073073073074       -1.1036983093259942       0.60691370324210658     
   2.3173173173173174      -0.74658587885005423       0.83084060279367700     
   2.3273273273273274      -0.49313682574219636       0.64307203711411898     
   2.3373373373373374      -0.63348191168628143       0.41943491891190526     
   2.3473473473473474      -0.90709305410908825       0.62113744063338472     
   2.3573573573573574      -0.83614083288947660       0.92599023438353856     
   2.3673673673673674      -0.55580682170428475        1.1136546058563366     
   2.3773773773773774      -0.29770511258796523        1.0063488303662684     
   2.3873873873873874      -0.24969415623856162       0.86765631908027452     
   2.3973973973973974      -0.21570944198387809       0.84451246696664350     
   2.4074074074074074      -0.15844252203780873       0.74896117647813287     
   2.4174174174174174      -0.19248982629968775       0.63239182169940578     
   2.4274274274274275      -0.35649494918219171       0.59943447759765567     
   2.4374374374374375      -0.41787252260816687       0.78246144911864468     
   2.4474474474474475      -0.27297767190496897       0.91664511002097915     
   2.4574574574574575      -0.13181775338196675       0.85836565690221911     
   2.4674674674674675       -8.7252109678785786E-002  0.77984301987965332     
   2.4774774774774775       -8.8275348913372520E-002  0.71844671701154805     
   2.4874874874874875      -0.11513739576088483       0.71200389431596500     
   2.4974974974974975       -7.8147462912759078E-002  0.71000518067732588     
   2.5075075075075075       -6.9373319268620823E-002  0.67415737562189904     
   2.5175175175175175       -6.3916970053290570E-002  0.66199114270876114     
   2.5275275275275275       -5.5472159733996364E-002  0.62845164647309115     
   2.5375375375375375       -8.1831070715890658E-002  0.59438771303344551     
   2.5475475475475475      -0.12793292314328966       0.61938235524750795     
   2.5575575575575575       -9.6337249265135858E-002  0.67242205738023730     
   2.5675675675675675       -4.6728118546420547E-002  0.65546380979646279     
   2.5775775775775776       -2.9163660518826882E-002  0.62753530867986362     
   2.5875875875875876       -2.2577859704651662E-002  0.60448733277639510     
   2.5975975975975976       -2.0346723928126330E-002  0.58445532464072458     
   2.6076076076076076       -2.1427125440881444E-002  0.56527670229554250     
   2.6176176176176176       -2.8456196923326842E-002  0.54510637777576543     
   2.6276276276276276       -5.3454581591384741E-002  0.52822950040599459     
   2.6376376376376376       -8.3929352022437995E-002  0.56435432457980750     
   2.6476476476476476       -4.2942813730758173E-002  0.58415038697859423     
   2.6576576576576576       -2.2446196496401706E-002  0.56718030863563462     
   2.6676676676676676       -1.5507619616709822E-002  0.55166350788507401     
   2.6776776776776776       -1.3286256037075221E-002  0.53919942390422115     
   2.6876876876876876       -1.3018814013712902E-002  0.53071644356945846     
   2.6976976976976976       -1.0265407889474288E-002  0.52330179919640640     
   2.7077077077077076       -8.5049247104741731E-003  0.51484805254926613     
   2.7177177177177176       -7.6083260894264778E-003  0.50701739649038324     
   2.7277277277277276       -7.0391064740665176E-003  0.49978072254377887     
   2.7377377377377377       -6.6308312400316840E-003  0.49299039781487380     
   2.7477477477477477       -6.3202598425765562E-003  0.48654198163527956     
   2.7577577577577577       -6.0779149380702441E-003  0.48036146082643483     
   2.7677677677677677       -5.8885373252161085E-003  0.47439244919297091     
   2.7777777777777777       -5.7447129933631122E-003  0.46858851631637610     
   2.7877877877877877       -5.6460662258437534E-003  0.46290827982772215     
   2.7977977977977977       -5.6066677230639577E-003  0.45731431370248249     
   2.8078078078078077       -5.6762989283862834E-003  0.45181806966270222     
   2.8178178178178177       -5.6798819120894486E-003  0.44652338226615101     
   2.8278278278278277       -5.5983938547007001E-003  0.44104834751841382     
   2.8378378378378377       -5.6422019213662718E-003  0.43547106371725958     
   2.8478478478478477       -5.7734992733734216E-003  0.42979332482466809     
   2.8578578578578577       -5.9961303017116233E-003  0.42394661893654501     
   2.8678678678678677       -6.3463407634307082E-003  0.41783801675085963     
   2.8778778778778777       -6.9182904685313297E-003  0.41134159073587617     
   2.8878878878878878       -7.9990340987407208E-003  0.40435563361972637     
   2.8978978978978978       -9.8785985577869509E-003  0.39766294698610682     
   2.9079079079079078       -1.0321524947810945E-002  0.39044565036370232     
   2.9179179179179178       -1.1676176180080830E-002  0.38045814997202948     
   2.9279279279279278       -1.4933355588081629E-002  0.36817116440696879     
   2.9379379379379378       -2.1680125418526767E-002  0.35228281495740121     
   2.9479479479479478       -3.8026728585001807E-002  0.33116526734034507     
   2.9579579579579578       -8.1925269859812702E-002  0.31754015683202086     
   2.9679679679679678      -0.11780542002064238       0.35178833943641419     
   2.9779779779779778      -0.10922894973824179       0.39180636097819349     
   2.9879879879879878       -9.6529331799423621E-002  0.36713335078990134     
   2.9979979979979978      -0.17331824747977556       0.36828034950719490     
   3.0080080080080087      -0.16160479609397185       0.49962789419122822     
   3.0180180180180187       -6.8412439279365994E-002  0.50142699125203338     
   3.0280280280280287       -3.5476601111757371E-002  0.47021034984585058     
   3.0380380380380387       -2.4006671407985777E-002  0.44589284155847037     
   3.0480480480480487       -2.0516874492344517E-002  0.42623798764451298     
   3.0580580580580587       -2.3076164890023364E-002  0.40816170846403266     
   3.0680680680680688       -3.6854026200337016E-002  0.39425646605867470     
   3.0780780780780788       -4.5113179705268923E-002  0.40077758969605931     
   3.0880880880880888       -4.7180559282624490E-002  0.38665682256776146     
   3.0980980980980988       -8.3725546980121260E-002  0.39018459391724680     
   3.1081081081081088       -8.0109911945415058E-002  0.42681013594502010     
   3.1181181181181188       -6.4397493522688226E-002  0.45189892633657319     
   3.1281281281281288       -3.0530973593955825E-002  0.44764962219325316     
   3.1381381381381388       -1.7909266677872938E-002  0.43161311188677909     
   3.1481481481481488       -1.4402996911042030E-002  0.41830212858645127     
   3.1581581581581588       -1.7022876218192561E-002  0.40737770664548273     
   3.1681681681681688       -2.5305347228922945E-002  0.40762843225326795     
   3.1781781781781788       -1.7167428515784098E-002  0.41045982629754046     
   3.1881881881881888       -1.4206003163395133E-002  0.40234795805934620     
   3.1981981981981988       -1.8512205358285783E-002  0.40079348483725286     
   3.2082082082082088       -1.2337874672868059E-002  0.40231366327113943     
   3.2182182182182189       -8.6324686217721415E-003  0.39618696118596514     
   3.2282282282282289       -9.4751616151002461E-003  0.39172172705423897     
   3.2382382382382389       -7.7088882124501682E-003  0.39089632446692435     
   3.2482482482482489       -5.1696786884223049E-003  0.38680826940740354     
   3.2582582582582589       -4.2217295622909434E-003  0.38257808252003700     
   3.2682682682682689       -3.8654928575295312E-003  0.37871508698631906     
   3.2782782782782789       -3.9063628600366565E-003  0.37504751305093775     
   3.2882882882882889       -4.7004240040052752E-003  0.37156966809096459     
   3.2982982982982989       -6.2691378466994772E-003  0.36996604687797402     
   3.3083083083083089       -5.7141549002052375E-003  0.36866732443780864     
   3.3183183183183189       -4.9226291382322906E-003  0.36750819663070639     
   3.3283283283283289       -3.4561037385373527E-003  0.36491730477782769     
   3.3383383383383389       -2.8939161947216978E-003  0.36204283372027823     
   3.3483483483483489       -2.6825210671523065E-003  0.35937065856250777     
   3.3583583583583589       -2.6451014098948060E-003  0.35695104769307928     
   3.3683683683683689       -2.4628106623526521E-003  0.35470720364929287     
   3.3783783783783790       -2.3141952456278924E-003  0.35239475527144409     
   3.3883883883883890       -2.2329440122273582E-003  0.35013798754846642     
   3.3983983983983990       -2.1787652117719043E-003  0.34793807293139184     
   3.4084084084084090       -2.1393320014335693E-003  0.34578192769828869     
   3.4184184184184190       -2.1103522384027396E-003  0.34365889359114365     
   3.4284284284284290       -2.0901886394168491E-003  0.34156006880801626     
   3.4384384384384390       -2.0784829674251677E-003  0.33947725470533058     
   3.4484484484484490       -2.0758966777260092E-003  0.33740213384437301     
   3.4584584584584590       -2.0845582563300056E-003  0.33532543366684103     
   3.4684684684684690       -2.1100893252357610E-003  0.33323592928806439     
   3.4784784784784790       -2.1699823475679943E-003  0.33112181298971355     
   3.4884884884884890       -2.3078866367288960E-003  0.32901587639230817     
   3.4984984984984990       -2.3740112072294299E-003  0.32697186909358433     
   3.5085085085085090       -2.4799414158253718E-003  0.32472922135621612     
   3.5185185185185190       -2.8349200249201500E-003  0.32259758507273151     
   3.5285285285285291       -2.7760954159113831E-003  0.32060759171897868     
   3.5385385385385391       -2.7337324168041611E-003  0.31808011557917865     
   3.5485485485485491       -2.9055600135523591E-003  0.31533396873197284     
   3.5585585585585591       -3.2366901266600535E-003  0.31233378533033090     
   3.5685685685685691       -3.7838141531720691E-003  0.30893880977831967     
   3.5785785785785791       -4.7199634701543753E-003  0.30491796461536413     
   3.5885885885885891       -6.4911552657089325E-003  0.29986967708911755     
   3.5985985985985991       -1.0442973592494484E-002  0.29314575077654914     
   3.6086086086086091       -2.1344144533202606E-002  0.28524975880109610     
   3.6186186186186191       -4.3142318759264303E-002  0.29205484551964178     
   3.6286286286286291       -4.4455544775823211E-002  0.31832277574330792     
   3.6386386386386391       -2.3508157000096005E-002  0.32132067449228052     
   3.6486486486486491       -1.9203981508728020E-002  0.30955689560302047     
   3.6586586586586591       -3.0851503003121967E-002  0.30252801163842918     
   3.6686686686686691       -3.7902018959446525E-002  0.31794671038490047     
   3.6786786786786791       -2.9931995498128906E-002  0.32924815085204595     
   3.6886886886886892       -1.4808438716107847E-002  0.32760596136360737     
   3.6986986986986992       -8.9455653226120143E-003  0.31968575552077788     
   3.7087087087087092       -7.2184547801301558E-003  0.31273016183489299     
   3.7187187187187192       -7.3873110194628147E-003  0.30616674730378574     
   3.7287287287287292       -9.6258235374847515E-003  0.29895292005509294     
   3.7387387387387392       -1.6836536429226306E-002  0.29020350649073823     
   3.7487487487487492       -3.9571339389412395E-002  0.28688163760004654     
   3.7587587587587592       -5.0112131278886543E-002  0.32538109638684609     
   3.7687687687687692       -2.1237747093143557E-002  0.33282236773759505     
   3.7787787787787792       -1.0264922580380469E-002  0.32452598494445239     
   3.7887887887887892       -6.4127813072762342E-003  0.31792074561926342     
   3.7987987987987992       -4.8358180405979282E-003  0.31291282501583517     
   3.8088088088088092       -4.3159635376460864E-003  0.30872680677466496     
   3.8188188188188192       -4.8296671004451237E-003  0.30484470638809957     
   3.8288288288288292       -7.7321380440178505E-003  0.30172849697666615     
   3.8388388388388393       -1.0887601626195023E-002  0.30526335874778154     
   3.8488488488488493       -5.8893795576192868E-003  0.30641342731559612     
   3.8588588588588593       -3.4458292306190929E-003  0.30354126935206560     
   3.8688688688688693       -2.5672944801913315E-003  0.30092297255434869     
   3.8788788788788793       -2.1844036415516084E-003  0.29867954175969169     
   3.8888888888888893       -2.0287110984115336E-003  0.29665620179681679     
   3.8988988988988993       -2.0964017608037081E-003  0.29475287301259850     
   3.9089089089089093       -2.6021530599793933E-003  0.29317941687883575     
   3.9189189189189193       -2.6380001831984544E-003  0.29240695690333196     
   3.9289289289289293       -2.5484567048697305E-003  0.29127082275799582     
   3.9389389389389393       -2.0044948743849433E-003  0.29031910667345001     
   3.9489489489489493       -1.5935902619743981E-003  0.28883472456889081     
   3.9589589589589593       -1.4305278142189507E-003  0.28738714519357011     
   3.9689689689689693       -1.3496086069264377E-003  0.28601819074623358     
   3.9789789789789793       -1.3065393736290056E-003  0.28470264232921427     
   3.9889889889889893       -1.2984749058512963E-003  0.28342139758950585     
   3.9989989989989994       -1.3643694165218839E-003  0.28218828847332350     
   4.0090090090090094       -1.4124121978289573E-003  0.28116561407612789     
   4.0190190190190194       -1.2650517832282120E-003  0.28004755520498414     
   4.0290290290290294       -1.2084714077352616E-003  0.27885577298144754     
   4.0390390390390394       -1.2177911167206008E-003  0.27768199384219550     
   4.0490490490490494       -1.3010654006844003E-003  0.27660140939051892     
   4.0590590590590594       -1.2272091067784714E-003  0.27561974576862258     
   4.0690690690690694       -1.1439506575713701E-003  0.27450673764476602     
   4.0790790790790794       -1.1132826793214745E-003  0.27339166846733592     
   4.0890890890890894       -1.1008906618048817E-003  0.27228878330639644     
   4.0990990990990994       -1.0983543294279005E-003  0.27119210442655189     
   4.1091091091091094       -1.1070540584326473E-003  0.27009541225889200     
   4.1191191191191194       -1.1415278813070395E-003  0.26899706613444690     
   4.1291291291291294       -1.2148871689698941E-003  0.26795663966288696     
   4.1391391391391394       -1.1727398445762992E-003  0.26693601390452182     
   4.1491491491491495       -1.1478001920609319E-003  0.26581585493405802     
   4.1591591591591595       -1.1600482553892277E-003  0.26467249044781438     
   4.1691691691691695       -1.1936820493403091E-003  0.26350342473560362     
   4.1791791791791795       -1.2517584722613374E-003  0.26229257266271194     
   4.1891891891891895       -1.3526134274607440E-003  0.26101628083207740     
   4.1991991991991995       -1.5546736922270377E-003  0.25964240060074567     
   4.2092092092092095       -2.0600405620341080E-003  0.25822172521065578     
   4.2192192192192195       -2.6764467918966163E-003  0.25749419778811494     
   4.2292292292292295       -2.3168003222708076E-003  0.25626029846952492     
   4.2392392392392395       -2.5057262496681787E-003  0.25420590161719997     
   4.2492492492492495       -3.4165970734738420E-003  0.25169466556226328     
   4.2592592592592595       -6.0211770252304410E-003  0.24868489257168200     
   4.2692692692692695       -1.2296062346772657E-002  0.24870040162591997     
   4.2792792792792795       -1.3482109516582056E-002  0.25258729190897877     
   4.2892892892892895       -1.5336228931797815E-002  0.25775824562550209     
   4.2992992992992995       -8.3026971617686414E-003  0.25961441235066057     
   4.3093093093093096       -5.7477529821553571E-003  0.25557955422978912     
   4.3193193193193196       -7.2318751095837956E-003  0.25166993242251590     
   4.3293293293293296       -1.2313862498481435E-002  0.25289734425189708     
   4.3393393393393396       -8.6542121467262055E-003  0.25637439152460934     
   4.3493493493493496       -7.3705551088053493E-003  0.25306123086819809     
   4.3593593593593596       -1.0846032965348248E-002  0.25353702625923730     
   4.3693693693693696       -7.1073287916488415E-003  0.25651897254221373     
   4.3793793793793796       -4.3135092628011325E-003  0.25365208468415057     
   4.3893893893893896       -4.0212343636773220E-003  0.25034597039686551     
   4.3993993993993996       -5.6921680287725868E-003  0.24694344972111346     
   4.4094094094094096       -1.1364979216991127E-002  0.24575222230064583     
   4.4194194194194196       -1.2864500040879594E-002  0.25150325238752519     
   4.4294294294294296       -1.2089057516965172E-002  0.25500837992986924     
   4.4394394394394396       -6.2383469130033375E-003  0.25651151212813350     
   4.4494494494494496       -3.3014571065729560E-003  0.25385933357567309     
   4.4594594594594597       -2.2433202240939036E-003  0.25155880121224539     
   4.4694694694694697       -1.7953830211443471E-003  0.24970432417343649     
   4.4794794794794797       -1.6295071147725642E-003  0.24809491126544092     
   4.4894894894894897       -1.7348606454077908E-003  0.24659824658555884     
   4.4994994994994997       -2.4102705016486119E-003  0.24540805555814829     
   4.5095095095095097       -2.6446019327236205E-003  0.24546575760699960     
   4.5195195195195197       -2.2835899902904221E-003  0.24462910464555102     
   4.5295295295295297       -2.2077918462506466E-003  0.24441492285370983     
   4.5395395395395397       -1.4276473722860839E-003  0.24361360349645178     
   4.5495495495495497       -1.1103442418092340E-003  0.24252864380309580     
   4.5595595595595597       -9.8132857933554986E-004  0.24153012359872139     
   4.5695695695695697       -9.2286662090473490E-004  0.24060021865469700     
   4.5795795795795797       -9.1698271033038891E-004  0.23971328419593321     
   4.5895895895895897       -1.0004468530852649E-003  0.23890967753991538     
   4.5995995995995997       -9.6351288697645845E-004  0.23829674549802426     
   4.6096096096096097       -8.3455669044316702E-004  0.23753032182884851     
   4.6196196196196198       -7.8222968941560138E-004  0.23674553561122161     
   4.6296296296296298       -7.5721299658464624E-004  0.23598249364033219     
   4.6396396396396398       -7.4473543950324050E-004  0.23523562646113394     
   4.6496496496496498       -7.4546933483896072E-004  0.23449859634368939     
   4.6596596596596598       -7.7830146507651312E-004  0.23377403786179451     
   4.6696696696696698       -8.3878774787457012E-004  0.23314762459340110     
   4.6796796796796798       -7.5896287465178943E-004  0.23252235383117817     
   4.6896896896896898       -7.1264656292924764E-004  0.23182095528089286     
   4.6996996996996998       -6.9747750192210203E-004  0.23112422121042384     
   4.7097097097097098       -6.9844473682156806E-004  0.23043388884277366     
   4.7197197197197198       -7.2726441804637869E-004  0.22975016117393524     
   4.7297297297297298       -7.9286029262444404E-004  0.22914218137461800     
   4.7397397397397398       -7.2986530627800600E-004  0.22855980694147010     
   4.7497497497497498       -6.8588573236524734E-004  0.22789110431633652     
   4.7597597597597598       -6.7618850709605101E-004  0.22722027819654553     
   4.7697697697697699       -6.8861532018623718E-004  0.22655147795516434     
   4.7797797797797799       -7.4639908566530191E-004  0.22590039622683683     
   4.7897897897897899       -7.7588728260733831E-004  0.22536361777183628     
   4.7997997997997999       -7.0235632678573119E-004  0.22474272814999383     
   4.8098098098098099       -6.8717786531377796E-004  0.22407634467152529     
   4.8198198198198199       -7.1994600398093717E-004  0.22342605504817839     
   4.8298298298298299       -7.2594511217941612E-004  0.22284571180109258     
   4.8398398398398399       -6.8376962641454933E-004  0.22220234048024476     
   4.8498498498498499       -6.7471079832620757E-004  0.22153444259100821     
   4.8598598598598599       -6.8019300445206106E-004  0.22086080658315915     
   4.8698698698698699       -6.9446650979583567E-004  0.22017637113221358     
   4.8798798798798799       -7.1791097231839712E-004  0.21947387080104108     
   4.8898898898898899       -7.5397078958878982E-004  0.21874372265792480     
   4.8998998998998999       -8.0989997204729952E-004  0.21797183946796622     
   4.9099099099099099       -9.0040092992857434E-004  0.21713572479531626     
   4.9199199199199199       -1.0578262681970570E-003  0.21619689541970069     
   4.9299299299299300       -1.3637398610753422E-003  0.21508615520495009     
   4.9399399399399400       -2.0659849879170406E-003  0.21368817739278850     
   4.9499499499499500       -4.0756696044267401E-003  0.21206465892278328     
   4.9599599599599600       -8.7950051238524767E-003  0.21378455961199500     
   4.9699699699699700       -6.0651037949525487E-003  0.21899479931524268     
   4.9799799799799800       -2.8996722870960247E-003  0.21774551325337405     
   4.9899899899899900       -2.0246523159807902E-003  0.21593558913308392     
   5.0000000000000000       -2.0537184944381991E-003  0.21425182034675364     
