  -5.0000000000000000       -2.9443448511389091E-003 -0.21809903817643975     
  -4.9899899899899900       -3.8866738005868631E-003 -0.21738645904925002     
  -4.9799799799799800       -2.3702904974800525E-003 -0.21736908644392972     
  -4.9699699699699700       -1.8957885774388240E-003 -0.21879581842098264     
  -4.9599599599599600       -2.4618199073982044E-003 -0.22032523858244815     
  -4.9499499499499500       -4.6625320533548679E-003 -0.22089567560223169     
  -4.9399399399399400       -5.2948428275626592E-003 -0.21854424916999884     
  -4.9299299299299300       -3.3726489962685531E-003 -0.21738869579080941     
  -4.9199199199199199       -1.7575370592635574E-003 -0.21843086688158281     
  -4.9099099099099099       -1.1883431508826912E-003 -0.21961071809552088     
  -4.8998998998998999       -9.5370591595692424E-004 -0.22059864871049373     
  -4.8898898898898899       -8.3840041917784998E-004 -0.22146260595087933     
  -4.8798798798798799       -7.7717670031826700E-004 -0.22225407291846655     
  -4.8698698698698699       -7.5028965654592376E-004 -0.22300268952923905     
  -4.8598598598598599       -7.6593291834744592E-004 -0.22371294826547436     
  -4.8498498498498499       -7.7188019536323282E-004 -0.22432555923740125     
  -4.8398398398398399       -7.0637367323163715E-004 -0.22498011517939270     
  -4.8298298298298299       -6.7826148453499935E-004 -0.22565728015818012     
  -4.8198198198198199       -6.6673404687077526E-004 -0.22632602919476394     
  -4.8098098098098099       -6.6189688819734535E-004 -0.22698892101809678     
  -4.7997997997997999       -6.6111935194683121E-004 -0.22764952984308931     
  -4.7897897897897899       -6.6417474952774316E-004 -0.22831096171423915     
  -4.7797797797797799       -6.7307260651398794E-004 -0.22897652949760203     
  -4.7697697697697699       -6.9603819843634912E-004 -0.22964962378411263     
  -4.7597597597597598       -7.6180140887341851E-004 -0.23031525346774864     
  -4.7497497497497498       -8.0880222112279332E-004 -0.23087779510080508     
  -4.7397397397397398       -7.7012732807753325E-004 -0.23152273671834236     
  -4.7297297297297298       -8.1057704333077889E-004 -0.23214905221934812     
  -4.7197197197197198       -7.4784965327867646E-004 -0.23275815840388081     
  -4.7097097097097098       -7.0846084397575262E-004 -0.23344995988442829     
  -4.6996996996996998       -6.9918503178773039E-004 -0.23414660124977463     
  -4.6896896896896898       -7.0000307478425186E-004 -0.23484404040914389     
  -4.6796796796796798       -7.0586521175953533E-004 -0.23554579856897329     
  -4.6696696696696698       -7.1638232453653057E-004 -0.23625521478470712     
  -4.6596596596596598       -7.3493217448486676E-004 -0.23697592349284771     
  -4.6496496496496498       -7.7570909634330635E-004 -0.23770937940026565     
  -4.6396396396396398       -8.6840584574820827E-004 -0.23840523239148947     
  -4.6296296296296298       -8.4817060952440174E-004 -0.23903346667571201     
  -4.6196196196196198       -8.1037487845099249E-004 -0.23979378609788324     
  -4.6096096096096097       -8.3546138008840261E-004 -0.24058686130106141     
  -4.5995995995995997       -9.4086868664488936E-004 -0.24136971454970368     
  -4.5895895895895897       -1.0128085627130903E-003 -0.24198180432662600     
  -4.5795795795795797       -9.0479407539706565E-004 -0.24273916873544915     
  -4.5695695695695697       -8.8214595141351240E-004 -0.24359565032446420     
  -4.5595595595595597       -9.0151490362818071E-004 -0.24447544301851765     
  -4.5495495495495497       -9.4660238654924297E-004 -0.24538898180072460     
  -4.5395395395395397       -1.0249022511222836E-003 -0.24635671082389263     
  -4.5295295295295297       -1.1691025544774555E-003 -0.24741028452761973     
  -4.5195195195195197       -1.4864982645444438E-003 -0.24859484243387578     
  -4.5095095095095097       -2.3556741542922863E-003 -0.24980868680231466     
  -4.4994994994994997       -3.6568043731009074E-003 -0.24977837325519683     
  -4.4894894894894897       -3.4670163713779512E-003 -0.24907235407441564     
  -4.4794794794794797       -2.1787177626149106E-003 -0.24981766444554321     
  -4.4694694694694697       -1.7663037932230835E-003 -0.25138507490699069     
  -4.4594594594594597       -1.8102460596873533E-003 -0.25302746797323239     
  -4.4494494494494496       -2.1795065458308695E-003 -0.25485237065772409     
  -4.4394394394394396       -3.1442296115172358E-003 -0.25706951520246341     
  -4.4294294294294296       -5.8932844462003487E-003 -0.25967098527469379     
  -4.4194194194194196       -1.2291712237047865E-002 -0.25854499377230017     
  -4.4094094094094096       -1.2870922595108405E-002 -0.25131233414585535     
  -4.3993993993993996       -6.6782128650532714E-003 -0.24917058350601451     
  -4.3893893893893896       -3.6351058383189932E-003 -0.25191073359596056     
  -4.3793793793793796       -2.7210954051805798E-003 -0.25453339647650697     
  -4.3693693693693696       -2.5946535932917115E-003 -0.25692977570081721     
  -4.3593593593593596       -3.0960171060904263E-003 -0.25941143405132872     
  -4.3493493493493496       -4.9220390845873567E-003 -0.26212974681264167     
  -4.3393393393393396       -9.6293375407341814E-003 -0.26254200731205946     
  -4.3293293293293296       -1.1005873908787402E-002 -0.25866847840148877     
  -4.3193193193193196       -7.6999410950632395E-003 -0.25571309970112693     
  -4.3093093093093096       -4.5173998692657012E-003 -0.25824256696833187     
  -4.2992992992992995       -4.0871201763871172E-003 -0.26159576110476990     
  -4.2892892892892895       -5.5877726799740722E-003 -0.26521576007871511     
  -4.2792792792792795       -1.1373101496733018E-002 -0.26826820758779857     
  -4.2692692692692695       -1.9551859064934191E-002 -0.25949390339912798     
  -4.2592592592592595       -1.0302534076680900E-002 -0.25214424162750415     
  -4.2492492492492495       -4.7807489085674700E-003 -0.25511321384784813     
  -4.2392392392392395       -2.9100162351820679E-003 -0.25804108112045981     
  -4.2292292292292295       -2.1290576412056790E-003 -0.26028923187010294     
  -4.2192192192192195       -1.7396757025085448E-003 -0.26211800627688303     
  -4.2092092092092095       -1.5231658308566046E-003 -0.26369938787970126     
  -4.1991991991991995       -1.3986763907421085E-003 -0.26513080483477497     
  -4.1891891891891895       -1.3397660253941757E-003 -0.26647131670555646     
  -4.1791791791791795       -1.3691106161188493E-003 -0.26774734478464002     
  -4.1691691691691695       -1.5018067883578910E-003 -0.26880992422672056     
  -4.1591591591591595       -1.3476904115307321E-003 -0.26979623934751096     
  -4.1491491491491495       -1.2831472328743430E-003 -0.27094982735898382     
  -4.1391391391391394       -1.2452163830837548E-003 -0.27199332613558119     
  -4.1291291291291294       -1.1571231700121180E-003 -0.27310190936539724     
  -4.1191191191191194       -1.1221096399110623E-003 -0.27422436234027808     
  -4.1091091091091094       -1.1080995051308221E-003 -0.27533489029614933     
  -4.0990990990990994       -1.1029955822831822E-003 -0.27643878760759882     
  -4.0890890890890894       -1.1030370911102475E-003 -0.27754111496896866     
  -4.0790790790790794       -1.1068342157497246E-003 -0.27864572045528907     
  -4.0690690690690694       -1.1139203954506924E-003 -0.27975584278053811     
  -4.0590590590590594       -1.1244068025119565E-003 -0.28087458797566983     
  -4.0490490490490494       -1.1390728704071878E-003 -0.28200537831823275     
  -4.0390390390390394       -1.1599756433690487E-003 -0.28315257437620667     
  -4.0290290290290294       -1.1925046895723658E-003 -0.28432253277223118     
  -4.0190190190190194       -1.2531043307487792E-003 -0.28552465749432082     
  -4.0090090090090094       -1.4017557361035017E-003 -0.28675610974783255     
  -3.9989989989989989       -1.7215171001821285E-003 -0.28779138311110947     
  -3.9889889889889889       -1.5936354974827158E-003 -0.28860746055486081     
  -3.9789789789789789       -1.3947605247449065E-003 -0.28985901401307079     
  -3.9689689689689689       -1.3551358631615771E-003 -0.29118790578741838     
  -3.9589589589589589       -1.3740808967113119E-003 -0.29253600177583050     
  -3.9489489489489489       -1.4292810853919766E-003 -0.29392252610843639     
  -3.9389389389389389       -1.5348241555483294E-003 -0.29537390174450096     
  -3.9289289289289289       -1.7619187871469565E-003 -0.29691866317429910     
  -3.9189189189189189       -2.3469451221195090E-003 -0.29842603516699451     
  -3.9089089089089089       -2.7580316539301472E-003 -0.29923929689590067     
  -3.8988988988988988       -2.8941471586972213E-003 -0.30069108852820398     
  -3.8888888888888888       -3.2839240876210611E-003 -0.30132372242648908     
  -3.8788788788788788       -2.5220769717241441E-003 -0.30273501440289446     
  -3.8688688688688688       -2.3991519997408266E-003 -0.30487304759712824     
  -3.8588588588588588       -2.7540951875114814E-003 -0.30721956141422957     
  -3.8488488488488488       -3.8764133822093384E-003 -0.30983386535653284     
  -3.8388388388388388       -6.7550667147862984E-003 -0.31138932434138983     
  -3.8288288288288288       -7.1431347833431436E-003 -0.31079281556916288     
  -3.8188188188188188       -8.9702009248897874E-003 -0.31253193398254431     
  -3.8088088088088088       -8.7472744027213174E-003 -0.30951314640551958     
  -3.7987987987987988       -5.3745502433835109E-003 -0.31188814609079857     
  -3.7887887887887888       -4.7572648933657891E-003 -0.31596452153344107     
  -3.7787787787787788       -5.6450115207418751E-003 -0.32050128500949765     
  -3.7687687687687688       -8.6417049137328863E-003 -0.32604589674032780     
  -3.7587587587587588       -1.7744771600779839E-002 -0.33175759665957655     
  -3.7487487487487487       -3.3254962850939040E-002 -0.32310329156358336     
  -3.7387387387387387       -2.9587762875752731E-002 -0.30416416172366489     
  -3.7287287287287287       -1.3772726877608162E-002 -0.30315838573784293     
  -3.7187187187187187       -7.8095595232983445E-003 -0.30978188079150204     
  -3.7087087087087087       -6.0394104717438413E-003 -0.31560250942793416     
  -3.6986986986986987       -6.0282082192195654E-003 -0.32095272661602059     
  -3.6886886886886887       -7.9501324468775666E-003 -0.32643382961505335     
  -3.6786786786786787       -1.4044239415873848E-002 -0.32975406093414539     
  -3.6686686686686687       -1.4710220928292174E-002 -0.32635034947600922     
  -3.6586586586586587       -1.3752969765690485E-002 -0.33249606125842945     
  -3.6486486486486487       -2.3981844093886515E-002 -0.33886167838455838     
  -3.6386386386386387       -3.3185169167575322E-002 -0.32628190140368135     
  -3.6286286286286287       -2.9815708683674249E-002 -0.32667270452014141     
  -3.6186186186186187       -3.8745577865349372E-002 -0.31491604042359900     
  -3.6086086086086087       -2.5703761154720759E-002 -0.30778481701883736     
  -3.5985985985985987       -1.9369334763417571E-002 -0.30525047286695101     
  -3.5885885885885886       -9.7535880652026199E-003 -0.30876220396629950     
  -3.5785785785785786       -5.9051394882574260E-003 -0.31448675293681322     
  -3.5685685685685686       -4.2998060313044432E-003 -0.31902591250096179     
  -3.5585585585585586       -3.4855816861792503E-003 -0.32270553073745634     
  -3.5485485485485486       -3.0196261964906749E-003 -0.32585660934556876     
  -3.5385385385385386       -2.7423116737615703E-003 -0.32867378984670115     
  -3.5285285285285286       -2.6083727606667534E-003 -0.33125483442109493     
  -3.5185185185185186       -2.5200996546219873E-003 -0.33355813297747439     
  -3.5085085085085086       -2.3393414364334037E-003 -0.33583045172986731     
  -3.4984984984984986       -2.2425367666617513E-003 -0.33808612539827460     
  -3.4884884884884886       -2.1986523133947838E-003 -0.34028759061002706     
  -3.4784784784784786       -2.2079789054320364E-003 -0.34243999013541110     
  -3.4684684684684686       -2.2213749291858050E-003 -0.34447680494589450     
  -3.4584584584584586       -2.1467640869705634E-003 -0.34655237638560982     
  -3.4484484484484486       -2.1188828187977656E-003 -0.34866527276689302     
  -3.4384384384384385       -2.1156798538127758E-003 -0.35077751690056008     
  -3.4284284284284285       -2.1246422651785479E-003 -0.35289560589447133     
  -3.4184184184184185       -2.1424947444520300E-003 -0.35502775997130426     
  -3.4084084084084085       -2.1689946212472598E-003 -0.35718170925333415     
  -3.3983983983983985       -2.2066080132290950E-003 -0.35936548512497707     
  -3.3883883883883881       -2.2651948655617337E-003 -0.36158670643023860     
  -3.3783783783783781       -2.3725690336930802E-003 -0.36382429483070600     
  -3.3683683683683681       -2.4240214192843535E-003 -0.36602265528124073     
  -3.3583583583583581       -2.4353435370712056E-003 -0.36837518435814082     
  -3.3483483483483480       -2.5083921934331761E-003 -0.37082473145525624     
  -3.3383383383383380       -2.6340261362058272E-003 -0.37337160613157999     
  -3.3283283283283280       -2.8477059680201209E-003 -0.37605696926536375     
  -3.3183183183183180       -3.2858828859910170E-003 -0.37893830773448134     
  -3.3083083083083080       -4.4312773381359619E-003 -0.38186316204663318     
  -3.2982982982982980       -6.0428099790315916E-003 -0.38319815724942541     
  -3.2882882882882880       -5.3253915933852616E-003 -0.38393511646852552     
  -3.2782782782782780       -4.0443488368630065E-003 -0.38693293222970887     
  -3.2682682682682680       -3.7662503628549762E-003 -0.39051079908091779     
  -3.2582582582582580       -3.8966383286686583E-003 -0.39421728213200991     
  -3.2482482482482480       -4.2971926659974985E-003 -0.39819307165078155     
  -3.2382382382382380       -5.0763762484397831E-003 -0.40265694745292502     
  -3.2282282282282280       -6.6796022218304262E-003 -0.40794672010672933     
  -3.2182182182182180       -1.0681997975987541E-002 -0.41442660642629353     
  -3.2082082082082080       -2.2406739660550012E-002 -0.41874028412212777     
  -3.1981981981981980       -2.9113138222735077E-002 -0.40248467585513231     
  -3.1881881881881879       -1.4907322216128085E-002 -0.40109363587577063     
  -3.1781781781781779       -9.8810812628072932E-003 -0.40923542421493597     
  -3.1681681681681679       -9.2667564222506313E-003 -0.41748357657397245     
  -3.1581581581581579       -1.1409233603519192E-002 -0.42624546628140358     
  -3.1481481481481479       -1.9054671955742633E-002 -0.43536267640867160     
  -3.1381381381381379       -3.3022656060329794E-002 -0.43272384840979267     
  -3.1281281281281279       -3.2757614658279359E-002 -0.42477015995983336     
  -3.1181181181181179       -2.2867274850175354E-002 -0.42554185970897035     
  -3.1081081081081079       -2.0817983828953945E-002 -0.43958057500675318     
  -3.0980980980980979       -3.1935038538773289E-002 -0.45667087305924864     
  -3.0880880880880879       -7.1006558205497075E-002 -0.46147907722130554     
  -3.0780780780780779       -7.9891327147565402E-002 -0.39974117681037830     
  -3.0680680680680679       -3.5364383900731912E-002 -0.39578356502125395     
  -3.0580580580580579       -1.9821667422940746E-002 -0.41267255388647373     
  -3.0480480480480479       -1.5064203274170540E-002 -0.42739850390585371     
  -3.0380380380380378       -1.4251396179585804E-002 -0.44082666087191091     
  -3.0280280280280278       -1.6060714154362339E-002 -0.45478852440217266     
  -3.0180180180180178       -2.1582781064849094E-002 -0.47121667140692691     
  -3.0080080080080078       -3.6292711348680569E-002 -0.49199128582179391     
  -2.9979979979979978       -7.6527369143883889E-002 -0.50632775137868080     
  -2.9879879879879878      -0.11964124819922684      -0.47721224123480954     
  -2.9779779779779778      -0.10989150824575945      -0.42375345075098780     
  -2.9679679679679678      -0.10162712816517497      -0.43225308037738391     
  -2.9579579579579578      -0.10529899328164415      -0.38963639557305946     
  -2.9479479479479478       -7.6209345926409128E-002 -0.38272144502012867     
  -2.9379379379379378       -4.7357175095109685E-002 -0.37388199552650214     
  -2.9279279279279278       -2.4157744653620420E-002 -0.39039340850968457     
  -2.9179179179179178       -1.5438353012292435E-002 -0.40623595738354285     
  -2.9079079079079078       -1.1504415914177052E-002 -0.41848045666378719     
  -2.8978978978978978       -9.4068417294939193E-003 -0.42842515502070505     
  -2.8878878878878878       -8.1811855047377365E-003 -0.43695136430505593     
  -2.8778778778778777       -7.4570076063319533E-003 -0.44453134916302278     
  -2.8678678678678677       -6.9154157523408132E-003 -0.45144328526272076     
  -2.8578578578578577       -6.5273980411777750E-003 -0.45805345963069627     
  -2.8478478478478477       -6.3046390778403651E-003 -0.46441439631013337     
  -2.8378378378378377       -6.2142818893384530E-003 -0.47059544550218879     
  -2.8278278278278277       -6.1872938416207982E-003 -0.47657429818109326     
  -2.8178178178178177       -6.0930455169374504E-003 -0.48256833619877443     
  -2.8078078078078077       -6.0877350117482321E-003 -0.48862386430726296     
  -2.7977977977977977       -6.1436943003931963E-003 -0.49472433819589323     
  -2.7877877877877877       -6.2445366331319620E-003 -0.50090674122838719     
  -2.7777777777777777       -6.3886190689192461E-003 -0.50721009955548990     
  -2.7677677677677677       -6.5864387539802671E-003 -0.51367266057471717     
  -2.7577577577577577       -6.8727557624572192E-003 -0.52030411580271330     
  -2.7477477477477477       -7.1411523949358787E-003 -0.52705989087503824     
  -2.7377377377377377       -7.3880930891898622E-003 -0.53420886716850668     
  -2.7277277277277276       -7.7586964159771562E-003 -0.54173689518162449     
  -2.7177177177177176       -8.2493722207802895E-003 -0.54969285696539094     
  -2.7077077077077076       -8.8984735158380082E-003 -0.55819368655599633     
  -2.6976976976976976       -9.7962916575763323E-003 -0.56741363542968515     
  -2.6876876876876876       -1.1136437115947308E-002 -0.57762922060744837     
  -2.6776776776776776       -1.3382498771956457E-002 -0.58931159219528406     
  -2.6676676676676676       -1.7857171932856186E-002 -0.60326577163158479     
  -2.6576576576576576       -2.9213555418626233E-002 -0.62004424625731247     
  -2.6476476476476476       -6.0732114114486625E-002 -0.62606738458546363     
  -2.6376376376376376       -6.1781250229833384E-002 -0.58785526879360461     
  -2.6276276276276276       -3.2716266296076976E-002 -0.59607530216989546     
  -2.6176176176176176       -2.4575664362931411E-002 -0.61741982158859143     
  -2.6076076076076076       -2.5576125526286360E-002 -0.63897143072405471     
  -2.5975975975975976       -3.6287625284435056E-002 -0.66050172486228309     
  -2.5875875875875876       -5.7782158340166270E-002 -0.66265056016183677     
  -2.5775775775775776       -4.7817813178556226E-002 -0.65967788069660305     
  -2.5675675675675675       -3.7109005564944703E-002 -0.68026209112245750     
  -2.5575575575575575       -3.8482655654427309E-002 -0.71142967975277827     
  -2.5475475475475475       -5.3014122522877259E-002 -0.74899587463396533     
  -2.5375375375375375       -9.8046548204770934E-002 -0.79206529660125435     
  -2.5275275275275275      -0.20250661869441386      -0.76930089595750162     
  -2.5175175175175175      -0.17365261932327808      -0.64992813799294502     
  -2.5075075075075075       -8.7949281282811043E-002 -0.67073183245006363     
  -2.4974974974974975       -6.3011045204110563E-002 -0.72533928094977773     
  -2.4874874874874875       -6.3172530084015660E-002 -0.78019117206228894     
  -2.4774774774774775       -8.2946081768174140E-002 -0.84123484122740955     
  -2.4674674674674675      -0.14663349761704805      -0.90911483936882875     
  -2.4574574574574575      -0.28614771508395620      -0.89292241596500543     
  -2.4474474474474475      -0.28592443475764012      -0.74572000824299400     
  -2.4374374374374375      -0.18768456562246402      -0.76755032498250886     
  -2.4274274274274275      -0.19381704511834050      -0.79476926096132849     
  -2.4174174174174174      -0.13675658087005022      -0.82578761077496210     
  -2.4074074074074074      -0.11998412316323688      -0.92157539671236866     
  -2.3973973973973974      -0.14727091608818049       -1.0338765831278736     
  -2.3873873873873874      -0.24137578932495804       -1.1607438549678952     
  -2.3773773773773774      -0.42689777931770939       -1.1864965592578116     
  -2.3673673673673674      -0.47783069275063383       -1.1754110827666624     
  -2.3573573573573574      -0.58388249581405183       -1.2256045943303080     
  -2.3473473473473474      -0.80022789831062391       -1.2937839906911410     
  -2.3373373373373374       -1.0763323625786791       -1.1633055724639774     
  -2.3273273273273274       -1.2251944485734865      -0.89391995191772455     
  -2.3173173173173174       -1.1475844119054177      -0.65506341386480804     
  -2.3073073073073074       -1.1524295673620879      -0.59405509283026092     
  -2.2972972972972974       -1.0497402294733216      -0.47467165100691822     
  -2.2872872872872874       -1.1736920330567653      -0.56884474458655609     
  -2.2772772772772774       -1.3937134363857582      -0.30207556848422662     
  -2.2672672672672673       -1.3416582055908077        9.2765054611899905E-002
  -2.2572572572572573       -1.1140897091189776       0.34087307307254644     
  -2.2472472472472473      -0.79976462471765586       0.57474971063974767     
  -2.2372372372372373      -0.38761585993142367       0.49412314392555506     
  -2.2272272272272273      -0.20840392625375534       0.30060945464565292     
  -2.2172172172172173      -0.13406570283165647       0.15602924368220569     
  -2.2072072072072073       -9.6223957043388694E-002   5.0678068006973248E-002
  -2.1971971971971973       -7.4035978007828601E-002  -2.9930333367621305E-002
  -2.1871871871871873       -5.9791945936267181E-002  -9.4427924989515410E-002
  -2.1771771771771773       -5.0093275419751698E-002 -0.14793366557839802     
  -2.1671671671671673       -4.3270261645736059E-002 -0.19365891091778814     
  -2.1571571571571573       -3.8545167798969965E-002 -0.23371311658800023     
  -2.1471471471471473       -3.5742855630809353E-002 -0.26900111828710183     
  -2.1371371371371373       -3.2695106922855426E-002 -0.30010267269086943     
  -2.1271271271271273       -3.0254834763615981E-002 -0.33032051354364877     
  -2.1171171171171173       -2.9762121333057018E-002 -0.35924942320863240     
  -2.1071071071071072       -3.2937431290551732E-002 -0.38666105249635901     
  -2.0970970970970972       -4.0480839570072077E-002 -0.40416706021285603     
  -2.0870870870870872       -3.2866215052564089E-002 -0.41761471709852538     
  -2.0770770770770772       -2.6578546298296913E-002 -0.44167264511973864     
  -2.0670670670670672       -2.4826808422279349E-002 -0.46578202892436493     
  -2.0570570570570572       -2.4725031067206873E-002 -0.48790002012385236     
  -2.0470470470470472       -2.3587983107909372E-002 -0.50982211470800820     
  -2.0370370370370372       -2.3464531315677935E-002 -0.53268156781695941     
  -2.0270270270270272       -2.4698331831366414E-002 -0.55587271129014437     
  -2.0170170170170172       -2.9173698634553932E-002 -0.57841685013335120     
  -2.0070070070070072       -3.1520444122556258E-002 -0.58798601167489351     
  -1.9969969969969972       -1.5786092303354836E-002 -0.62062352725295433     
  -1.9869869869869872       -2.3162650110537850E-002 -0.65119926558821017     
  -1.9769769769769772       -2.7743384492712502E-002 -0.67764257965124874     
  -1.9669669669669672       -3.2656051825993265E-002 -0.70525795649943213     
  -1.9569569569569571       -3.9977520881107988E-002 -0.73353132265809717     
  -1.9469469469469471       -4.4325087126302301E-002 -0.75549986010589021     
  -1.9369369369369371       -4.1479616001598205E-002 -0.78860379103963008     
  -1.9269269269269271       -4.4449353082225272E-002 -0.82872259351933708     
  -1.9169169169169171       -5.0479109829374216E-002 -0.87278202316225029     
  -1.9069069069069071       -5.9550828644573811E-002 -0.92478569069242411     
  -1.8968968968968971       -7.6247262278058114E-002 -0.98782151991494926     
  -1.8868868868868871      -0.11132074656787772       -1.0662363413557738     
  -1.8768768768768771      -0.20032242199321110       -1.1450271294723471     
  -1.8668668668668671      -0.29767387965756059       -1.1183748427732529     
  -1.8568568568568571      -0.26056114949639264       -1.1285668852399457     
  -1.8468468468468471      -0.28913497091958540       -1.2861702452069776     
  -1.8368368368368371      -0.50001800704308119       -1.4282205967704844     
  -1.8268268268268271      -0.78767777643777959       -1.3686749566000505     
  -1.8168168168168171      -0.94602008549385708       -1.1224250880770856     
  -1.8068068068068071      -0.79789562439522332      -0.93404061373207981     
  -1.7967967967967970      -0.78346923333085061       -1.0590725461789592     
  -1.7867867867867866      -0.87756184231907619      -0.95588662837058569     
  -1.7767767767767766      -0.78905512800001987      -0.91498765578547481     
  -1.7667667667667666      -0.75421210767353009       -1.0968382743350864     
  -1.7567567567567566       -1.0062126284932134       -1.1786617155371810     
  -1.7467467467467466       -1.1924227344901110       -1.0869356228971223     
  -1.7367367367367366       -1.3554881297704160      -0.92494948054337311     
  -1.7267267267267266       -1.3676465657455721      -0.67101173688722238     
  -1.7167167167167166       -1.1743491550408196      -0.63808507564428107     
  -1.7067067067067065       -1.3321544983203939      -0.76478384138027677     
  -1.6966966966966965       -1.5393845549888165      -0.59906543308190696     
  -1.6866866866866865       -1.6139287986939086      -0.33887954490651978     
  -1.6766766766766765       -1.5551668499419333       -5.2054628422669863E-002
  -1.6666666666666665       -1.2895930564014533       0.11678863944299651     
  -1.6566566566566565       -1.2304886552547176       -5.9329823350502339E-002
  -1.6466466466466465       -1.4394274015035178       0.11730811784036863     
  -1.6366366366366365       -1.3785271327736566       0.48442674980231876     
  -1.6266266266266265       -1.0670894258358972       0.79078859099492393     
  -1.6166166166166165      -0.59366685644443684       0.82818441044257907     
  -1.6066066066066065      -0.30255178250848125       0.61107756886274167     
  -1.5965965965965965      -0.18704800652340436       0.41611309278961817     
  -1.5865865865865865      -0.13256338662254180       0.27214774984713908     
  -1.5765765765765765      -0.10203978872798782       0.16157091147534694     
  -1.5665665665665665       -8.2961508053515320E-002   7.2481067565841634E-002
  -1.5565565565565564       -7.0163982834522326E-002  -2.1357944018372877E-003
  -1.5465465465465464       -6.1172086863355762E-002  -6.6595597977747834E-002
  -1.5365365365365364       -5.4668533692084818E-002 -0.12371322391826989     
  -1.5265265265265264       -4.9902655711576566E-002 -0.17542983009258767     
  -1.5165165165165164       -4.6440003090190245E-002 -0.22315979688756665     
  -1.5065065065065064       -4.4076451867487737E-002 -0.26799569333625956     
  -1.4964964964964964       -4.2940532832198612E-002 -0.31076568904432300     
  -1.4864864864864864       -4.3469023181498631E-002 -0.35107472924160166     
  -1.4764764764764764       -4.2517398713270385E-002 -0.38915476289820494     
  -1.4664664664664664       -4.1932841580709514E-002 -0.42929744820129107     
  -1.4564564564564564       -4.4219257065919317E-002 -0.47055358205358611     
  -1.4464464464464464       -5.2578738092869517E-002 -0.51149742751389726     
  -1.4364364364364364       -6.3865077417116070E-002 -0.53838885436660966     
  -1.4264264264264264       -5.5054138779837669E-002 -0.56832727957141416     
  -1.4164164164164164       -5.1899336166227432E-002 -0.61337915146416433     
  -1.4064064064064064       -5.8064641506066585E-002 -0.65711463871526143     
  -1.3963963963963963       -5.7696941960040368E-002 -0.69667372632513125     
  -1.3863863863863863       -5.6665263127141076E-002 -0.74792893235959057     
  -1.3763763763763763       -6.0474618154228089E-002 -0.80477813173580137     
  -1.3663663663663663       -6.7664058823733733E-002 -0.86736046036970227     
  -1.3563563563563563       -7.9360030098775333E-002 -0.93782535168977432     
  -1.3463463463463463       -9.7089607201309922E-002  -1.0156535120806363     
  -1.3363363363363363      -0.12943237402471197       -1.1154089294077418     
  -1.3263263263263263      -0.16168572854902510       -1.2079326119778779     
  -1.3163163163163163      -0.22207398614893692       -1.3588451329915787     
  -1.3063063063063063      -0.38604485997695154       -1.5255069961173542     
  -1.2962962962962963      -0.63665855666015747       -1.5827723031048793     
  -1.2862862862862863      -0.84560049243039381       -1.5358211362201728     
  -1.2762762762762763      -0.98968282995378687       -1.4791575144017888     
  -1.2662662662662663       -1.1398961458680559       -1.4183022084649255     
  -1.2562562562562563       -1.2702827593110029       -1.3309975741027020     
  -1.2462462462462462       -1.3796539559324119       -1.2337692762099639     
  -1.2362362362362362       -1.4732444322125970       -1.1306116811844897     
  -1.2262262262262262       -1.5540568922171909       -1.0221466022690819     
  -1.2162162162162162       -1.6236363378932708      -0.90792041259133327     
  -1.2062062062062062       -1.6822924371763521      -0.78681431504144739     
  -1.1961961961961962       -1.7288859235471352      -0.65814176560947235     
  -1.1861861861861862       -1.7645253482673875      -0.51949968085548304     
  -1.1761761761761762       -1.7813894297488688      -0.36301112418200354     
  -1.1661661661661662       -1.7596845251103688      -0.18533949224179219     
  -1.1561561561561562       -1.6491013075438397       -1.8538877405906932E-002
  -1.1461461461461462       -1.5345976166662751        1.2261008967494354E-002
  -1.1361361361361362       -1.4741759600143507        8.8134918541765986E-002
  -1.1261261261261262       -1.3250908736627740        7.8727748860843286E-002
  -1.1161161161161162       -1.4311531766598573       -6.0224925890003014E-002
  -1.1061061061061062       -1.5877414747883578       0.13028867257744056     
  -1.0960960960960962       -1.5153563193321842       0.34986154702879857     
  -1.0860860860860861       -1.4299008324984401       0.45442111321940470     
  -1.0760760760760761       -1.3168325971073074       0.51962177459784320     
  -1.0660660660660661       -1.3663833889232313       0.64301209159846950     
  -1.0560560560560561       -1.2290222243097026       0.92346514038951577     
  -1.0460460460460461      -0.89752092400224259        1.1108056478093478     
  -1.0360360360360361      -0.49074075048081600        1.0551046130206738     
  -1.0260260260260261      -0.26645186939300464       0.83467197888539524     
  -1.0160160160160161      -0.17457068236426712       0.65021731655644388     
  -1.0060060060060061      -0.12894497601294164       0.51065520189790981     
 -0.99599599599599564      -0.10232651624588950       0.40043181389340182     
 -0.98598598598598564       -8.5137895013536288E-002  0.30953628556356677     
 -0.97597597597597563       -7.3282369876189718E-002  0.23198539311805769     
 -0.96596596596596562       -6.4736357895739449E-002  0.16402520354271247     
 -0.95595595595595562       -5.8392063759012382E-002  0.10316468108495504     
 -0.94594594594594561       -5.3595712881907058E-002   4.7665679863974221E-002
 -0.93593593593593560       -4.9939476239002509E-002  -3.7393778405635904E-003
 -0.92592592592592560       -4.7158593861747145E-002  -5.2012584001859707E-002
 -0.91591591591591559       -4.5076756331352275E-002  -9.7912270337053908E-002
 -0.90590590590590558       -4.3575534765232897E-002 -0.14205893933194411     
 -0.89589589589589558       -4.2576712707261995E-002 -0.18498029407469643     
 -0.88588588588588557       -4.2032107768872978E-002 -0.22714391774423920     
 -0.87587587587587556       -4.1918268600781725E-002 -0.26898291883360831     
 -0.86586586586586556       -4.2235102769753959E-002 -0.31091831059696873     
 -0.85585585585585555       -4.3009136515126813E-002 -0.35338147957295696     
 -0.84584584584584555       -4.4305527442286580E-002 -0.39684073871723718     
 -0.83583583583583554       -4.6264923146120296E-002 -0.44183677852018949     
 -0.82582582582582553       -4.9236162209988214E-002 -0.48901172047341018     
 -0.81581581581581553       -5.4247167817065262E-002 -0.53871642138916542     
 -0.80580580580580552       -6.0453940162515957E-002 -0.58861757012040605     
 -0.79579579579579551       -6.4354116272993755E-002 -0.64524577450121290     
 -0.78578578578578551       -7.3596669841823004E-002 -0.71081938489942231     
 -0.77577577577577550       -9.3493091246316717E-002 -0.78490701506388594     
 -0.76576576576576549      -0.13661158405398993      -0.85220873939270381     
 -0.75575575575575549      -0.14707446747520608      -0.89167671289047845     
 -0.74574574574574548      -0.14674684054571807      -0.99618594834201024     
 -0.73573573573573547      -0.19400408980638431       -1.1266111606482061     
 -0.72572572572572547      -0.26437916167884029       -1.2562777606085538     
 -0.71571571571571546      -0.40665384229015689       -1.4408074462206804     
 -0.70570570570570545      -0.67591436871428712       -1.5299948666778083     
 -0.69569569569569545      -0.91835280179490564       -1.4955974411631860     
 -0.68568568568568544       -1.1065864489238948       -1.4165530877250307     
 -0.67567567567567544       -1.2562068730103557       -1.3213618309727724     
 -0.66566566566566543       -1.3784081094972513       -1.2191520483807394     
 -0.65565565565565542       -1.4800328261894653       -1.1133689168392602     
 -0.64564564564564542       -1.5654154736417634       -1.0054138435452007     
 -0.63563563563563541       -1.6374123544372254      -0.89580959541354499     
 -0.62562562562562540       -1.6979439866194259      -0.78464161459662285     
 -0.61561561561561540       -1.7482880290496146      -0.67174377930571261     
 -0.60560560560560539       -1.7892358069375303      -0.55677743635125665     
 -0.59559559559559538       -1.8211590767967392      -0.43925593169190286     
 -0.58558558558558538       -1.8439848220983921      -0.31853217315868715     
 -0.57557557557557537       -1.8569752436313678      -0.19377525332093157     
 -0.56556556556556536       -1.8578340423925122       -6.4379255350710804E-002
 -0.55555555555555536       -1.8433906322063300        6.4596611971693793E-002
 -0.54554554554554535       -1.8268633222800335       0.19639301247135324     
 -0.53553553553553535       -1.7893351461109450       0.34557815438159417     
 -0.52552552552552534       -1.7151401391985543       0.49690177778633154     
 -0.51551551551551533       -1.6201427180793080       0.62222520961453165     
 -0.50550550550550533       -1.4979431181545162       0.78021730267588896     
 -0.49549549549549532       -1.2437386507861008       0.88001174020835260     
 -0.48548548548548531       -1.0419409149566159       0.68956332762724193     
 -0.47547547547547531       -1.2452401146829697       0.66263891461710145     
 -0.46546546546546530       -1.2212619162846770       0.95310554615367682     
 -0.45545545545545529      -0.96108262019695079        1.1706608214614225     
 -0.44544544544544529      -0.58009450937322216        1.1973620868604178     
 -0.43543543543543528      -0.30531793235868759        1.0040934076140551     
 -0.42542542542542527      -0.19223613546452725       0.80777866216222094     
 -0.41541541541541527      -0.13975306577875052       0.65742619685954962     
 -0.40540540540540526      -0.11044131907829767       0.53876907783289751     
 -0.39539539539539525       -9.2030656628023483E-002  0.44076081751801494     
 -0.38538538538538525       -7.9583145572368924E-002  0.35679097541190880     
 -0.37537537537537524       -7.0762888666013948E-002  0.28276098094640462     
 -0.36536536536536524       -6.4330705182278569E-002  0.21597491855420275     
 -0.35535535535535523       -5.9573110674480491E-002  0.15455790291269397     
 -0.34534534534534522       -5.6054743940549351E-002   9.7138831685270571E-002
 -0.33533533533533522       -5.3499655048823723E-002   4.2667135907234560E-002
 -0.32532532532532521       -5.1729927645613440E-002  -9.6994509888284758E-003
 -0.31531531531531520       -5.0632243918554275E-002  -6.0667862564482429E-002
 -0.30530530530530520       -5.0139242440813789E-002 -0.11086038203379679     
 -0.29529529529529519       -5.0219441230373869E-002 -0.16085276065585316     
 -0.28528528528528518       -5.0872754982538473E-002 -0.21120587872216046     
 -0.27527527527527518       -5.2130385239056554E-002 -0.26249535664995161     
 -0.26526526526526517       -5.4059052268642958E-002 -0.31534300770258172     
 -0.25525525525525516       -5.6770716187965524E-002 -0.37045448158961530     
 -0.24524524524524516       -6.0440646211671230E-002 -0.42866906841268243     
 -0.23523523523523515       -6.5339872928804971E-002 -0.49103111760871881     
 -0.22522522522522515       -7.1894834089245713E-002 -0.55889954207147252     
 -0.21521521521521514       -8.0803059103225910E-002 -0.63412620202345982     
 -0.20520520520520513       -9.3275924730896867E-002 -0.71936420663665601     
 -0.19519519519519513      -0.11160540650163871      -0.81863175599400406     
 -0.18518518518518512      -0.14069106472177351      -0.93837447295488230     
 -0.17517517517517511      -0.19300075123827548       -1.0891275739087567     
 -0.16516516516516511      -0.30721814705132700       -1.2811879713432723     
 -0.15515515515515510      -0.56125421019234756       -1.4468478545365255     
 -0.14514514514514509      -0.85921890333996498       -1.4521817380543607     
 -0.13513513513513509       -1.0919217257356997       -1.3694872816797816     
 -0.12512512512512508       -1.2686074254183282       -1.2550827497510584     
 -0.11511511511511507       -1.4023279849445671       -1.1226073554421305     
 -0.10510510510510507       -1.4855612100608018      -0.97136501697554134     
  -9.5095095095095061E-002  -1.4703781033707395      -0.85973503821307706     
  -8.5085085085085055E-002  -1.5384939932194581      -0.86632595256229061     
  -7.5075075075075048E-002  -1.6449105353123707      -0.77191142228017662     
  -6.5065065065065042E-002  -1.6956657052635620      -0.67601299971787510     
  -5.5055055055055035E-002  -1.7628922062997039      -0.58752621080348655     
  -4.5045045045045029E-002  -1.8137290265407671      -0.47836761090772617     
  -3.5035035035035023E-002  -1.8473976905836200      -0.36910604849512324     
  -2.5025025025025016E-002  -1.8700841229253717      -0.26186413446841716     
  -1.5015015015015010E-002  -1.8841389546947214      -0.15609735349443835     
  -5.0050050050050032E-003  -1.8902466776779783       -5.1523966887764137E-002
   5.0050050050050032E-003  -1.8902475856627512        5.1474034561149060E-002
   1.5015015015015010E-002  -1.8841433978124003       0.15604674037552640     
   2.5025025025025016E-002  -1.8700921789497802       0.26181335910357711     
   3.5035035035035023E-002  -1.8474098170075770       0.36905499819317322     
   4.5045045045045029E-002  -1.8137466664915278       0.47831631059133650     
   5.5055055055055035E-002  -1.7629189902615634       0.58747723647655381     
   6.5065065065065042E-002  -1.6956933077747283       0.67597700342534750     
   7.5075075075075048E-002  -1.6449455300929023       0.77186670349164666     
   8.5085085085085055E-002  -1.5385536666546828       0.86631777322391923     
   9.5095095095095061E-002  -1.4703391292711085       0.85974645834614871     
  0.10510510510510507       -1.4855611332193164       0.97129935506531395     
  0.11511511511511507       -1.4023573993693046        1.1225533681798956     
  0.12512512512512508       -1.2686460680989979        1.2550396382386855     
  0.13513513513513509       -1.0919664222442451        1.3694529453042967     
  0.14514514514514509      -0.85926970539211345        1.4521584694343164     
  0.15515515515515510      -0.56130602010308162        1.4468456363489248     
  0.16516516516516511      -0.30724658974993652        1.2811997842509342     
  0.17517517517517511      -0.19301380702594270        1.0891314723453369     
  0.18518518518518512      -0.14069868562885610       0.93837065527119967     
  0.19519519519519513      -0.11161073962016291       0.81862225985684678     
  0.20520520520520513       -9.3280144970995404E-002  0.71935025797595575     
  0.21521521521521514       -8.0806706681350149E-002  0.63410847929190084     
  0.22522522522522515       -7.1898201690854355E-002  0.55887840326491511     
  0.23523523523523515       -6.5343142877924934E-002  0.49100671982812655     
  0.24524524524524516       -6.0443947955361441E-002  0.42864142923346127     
  0.25525525525525516       -5.6774154087499938E-002  0.37042351010018831     
  0.26526526526526517       -5.4062721101394262E-002  0.31530851846714392     
  0.27527527527527518       -5.2134380428685373E-002  0.26245707277395142     
  0.28528528528528518       -5.0877180854600239E-002  0.21116342668517826     
  0.29529529529529519       -5.0224419204781941E-002  0.16080565759176155     
  0.30530530530530520       -5.0144920666230310E-002  0.11080801472392209     
  0.31531531531531520       -5.0638810007388471E-002   6.0609456038487504E-002
  0.32532532532532521       -5.1737626845821789E-002   9.6340228827115244E-003
  0.33533533533533522       -5.3508817630236606E-002  -4.2740841720669255E-002
  0.34534534534534522       -5.6065828419082739E-002  -9.7222443048815541E-002
  0.35535535535535523       -5.9586775225137611E-002 -0.15465356748538062     
  0.36536536536536524       -6.4347931706193517E-002 -0.21608553493206403     
  0.37537537537537524       -7.0785211363170814E-002 -0.28289057355980141     
  0.38538538538538525       -7.9613103101272328E-002 -0.35694533104802034     
  0.39539539539539525       -9.2072769616323977E-002 -0.44094862328745515     
  0.40540540540540526      -0.11050445811496236      -0.53900406188694872     
  0.41541541541541527      -0.13985710942604140      -0.65773121727658457     
  0.42542542542542527      -0.19243461069612877      -0.80819152862840737     
  0.43543543543543528      -0.30578597611900299       -1.0046372791685620     
  0.44544544544544529      -0.58112023662876622       -1.1976214423676517     
  0.45545545545545529      -0.96201730710271183       -1.1702201502414937     
  0.46546546546546530       -1.2217333053599135      -0.95229305507926765     
  0.47547547547547531       -1.2447941140312500      -0.66193034313408561     
  0.48548548548548531       -1.0418351725602615      -0.69033508698694124     
  0.49549549549549532       -1.2446777942134233      -0.87998211774360047     
  0.50550550550550533       -1.4984945345925593      -0.77966375410988475     
  0.51551551551551533       -1.6203571046173282      -0.62171250595616212     
  0.52552552552552534       -1.7153415096922304      -0.49644965974772137     
  0.53553553553553535       -1.7894713264163429      -0.34512090035930337     
  0.54554554554554535       -1.8269576644477379      -0.19595067274384739     
  0.55555555555555536       -1.8434635106740580       -6.4138790623212719E-002
  0.56556556556556536       -1.8578453923709619        6.4849807588038266E-002
  0.57557557557557537       -1.8569386105791501       0.19423549821904593     
  0.58558558558558538       -1.8439100334794731       0.31898337267308741     
  0.59559559559559538       -1.8210490383547824       0.43970071633335867     
  0.60560560560560539       -1.7890906594850480       0.55721780253663533     
  0.61561561561561540       -1.7481062231012645       0.67218117342619987     
  0.62562562562562540       -1.6977224668380539       0.78507700549880166     
  0.63563563563563541       -1.6371463738463010       0.89624341865653179     
  0.64564564564564542       -1.5650981020118193        1.0058457786192059     
  0.65565565565565542       -1.4796540365715922        1.1137973703765989     
  0.66566566566566543       -1.3779531277449240        1.2195729926359031     
  0.67567567567567544       -1.2556531048533759        1.3217659650538305     
  0.68568568568568544       -1.1058976312011091        1.4169179024626712     
  0.69569569569569545      -0.91746988768402982        1.4958603423343102     
  0.70570570570570545      -0.67478401289395440        1.5299482695690676     
  0.71571571571571546      -0.40571021187480710        1.4400893859990858     
  0.72572572572572547      -0.26408414192340446        1.2556162668516813     
  0.73573573573573547      -0.19369973305175703        1.1260829449010255     
  0.74574574574574548      -0.14664599667686284       0.99566880731818863     
  0.75575575575575549      -0.14714886792081669       0.89136122986663924     
  0.76576576576576549      -0.13642368088299292       0.85204550915608801     
  0.77577577577577550       -9.3363492788940586E-002  0.78459315595344559     
  0.78578578578578551       -7.3539767914347909E-002  0.71053415963635436     
  0.79579579579579551       -6.4327824431053338E-002  0.64499687372210290     
  0.80580580580580552       -6.0437369141458953E-002  0.58841589771053993     
  0.81581581581581553       -5.4216456041451234E-002  0.53851738122641724     
  0.82582582582582553       -4.9218101759544844E-002  0.48882244933243241     
  0.83583583583583554       -4.6252542221900166E-002  0.44166026612010612     
  0.84584584584584555       -4.4296232523109318E-002  0.39667440566978857     
  0.85585585585585555       -4.3001963118530370E-002  0.35322311212505353     
  0.86586586586586556       -4.2229583921513165E-002  0.31076615071720076     
  0.87587587587587556       -4.1914142983419070E-002  0.26883550287737301     
  0.88588588588588557       -4.2029225159308049E-002  0.22699996342180659     
  0.89589589589589558       -4.2574997420424997E-002  0.18483862240120166     
  0.90590590590590558       -4.3574971492536300E-002  0.14191841367749253     
  0.91591591591591559       -4.5077387830501532E-002   9.7771741310035340E-002
  0.92592592592592560       -4.7160527870554948E-002   5.1870831806478265E-002
  0.93593593593593560       -4.9942902855895276E-002   3.5950437131813534E-003
  0.94594594594594561       -5.3600937353560259E-002  -4.7814184197381558E-002
  0.95595595595595562       -5.8399565630253489E-002 -0.10331930326857995     
  0.96596596596596562       -6.4746899927376700E-002 -0.16418844994714751     
  0.97597597597597563       -7.3297209295170779E-002 -0.23216065417361115     
  0.98598598598598564       -8.5159225579550343E-002 -0.30972839920747108     
  0.99599599599599564      -0.10235849262408797      -0.40064809940222251     
   1.0060060060060056      -0.12899643181586470      -0.51090743121620197     
   1.0160160160160157      -0.17466374738117932      -0.65052510454363766     
   1.0260260260260257      -0.26665496165647112      -0.83506009812986126     
   1.0360360360360357      -0.49124213024652119       -1.0554670187503323     
   1.0460460460460457      -0.89811208802343212       -1.1107646396637285     
   1.0560560560560557       -1.2294011100233160      -0.92324834692540159     
   1.0660660660660657       -1.3666096266230308      -0.64277570577113452     
   1.0760760760760757       -1.3168938948371069      -0.51939172635957320     
   1.0860860860860857       -1.4299258123572440      -0.45439015959609574     
   1.0960960960960957       -1.5155311554651463      -0.34982288183778876     
   1.1061061061061057       -1.5878925892289226      -0.13019265370850552     
   1.1161161161161157       -1.4312984807411639        6.0424344598458753E-002
   1.1261261261261257       -1.3252316917203038       -7.8821207105317162E-002
   1.1361361361361357       -1.4740139112032618       -8.7551067382826905E-002
   1.1461461461461457       -1.5349996476377696       -1.2527939433206106E-002
   1.1561561561561557       -1.6489986679661826        1.8803783393785918E-002
   1.1661661661661658       -1.7596345777123585       0.18541842539191569     
   1.1761761761761758       -1.7813751383074696       0.36308218912001727     
   1.1861861861861858       -1.7645301489911058       0.51958212248573910     
   1.1961961961961958       -1.7288526075013293       0.65825655601013466     
   1.2062062062062058       -1.6822472160386437       0.78689271997333876     
   1.2162162162162158       -1.6235914061929377       0.90799433003563601     
   1.2262262262262258       -1.5540052132685789        1.0222182471895724     
   1.2362362362362358       -1.4731827460930778        1.1306808932324752     
   1.2462462462462458       -1.3795778804837255        1.2338354885024736     
   1.2562562562562558       -1.2701838419283518        1.3310574193785063     
   1.2662662662662658       -1.1397584942783987        1.4183372176461224     
   1.2762762762762758      -0.98953595520605742        1.4790932554101042     
   1.2862862862862858      -0.84556329460269108        1.5357547485300778     
   1.2962962962962958      -0.63663731779442401        1.5827582003369960     
   1.3063063063063058      -0.38598861850331467        1.5255878998166130     
   1.3163163163163158      -0.22174136083617951        1.3589719518446988     
   1.3263263263263259      -0.16054269286572376        1.2071349601874994     
   1.3363363363363359      -0.13656730975314163        1.1141431442049503     
   1.3463463463463459       -9.1214352038837085E-002   1.0129425148391373     
   1.3563563563563559       -8.0572904766678763E-002  0.93723068434978907     
   1.3663663663663659       -6.8008664719486106E-002  0.86759414074644714     
   1.3763763763763759       -6.0530423589109449E-002  0.80500952677713455     
   1.3863863863863859       -5.6536122272959434E-002  0.74815823247807867     
   1.3963963963963959       -5.7123438478879074E-002  0.69667248786598424     
   1.4064064064064059       -5.8548312598856032E-002  0.65629838446564415     
   1.4164164164164168       -5.2282692044154519E-002  0.61371771827469901     
   1.4264264264264268       -5.4885641995748531E-002  0.56870321763932163     
   1.4364364364364368       -6.3410003763238756E-002  0.53809660251114644     
   1.4464464464464468       -5.2802113375240753E-002  0.51134801854169665     
   1.4564564564564568       -4.4293035162867436E-002  0.47058339937554239     
   1.4664664664664668       -4.1941036405967143E-002  0.42932645705655503     
   1.4764764764764768       -4.2473516985651986E-002  0.38916552115503011     
   1.4864864864864868       -4.3446069485020930E-002  0.35099379297140726     
   1.4964964964964969       -4.2956850757240282E-002  0.31072803374028540     
   1.5065065065065069       -4.4082781985075190E-002  0.26796324918614306     
   1.5165165165165169       -4.6444081846945012E-002  0.22312450829198074     
   1.5265265265265269       -4.9906680860722981E-002  0.17539102451054681     
   1.5365365365365369       -5.4673274111851397E-002  0.12367028521491458     
   1.5465465465465469       -6.1178104910025219E-002   6.6547530736454127E-002
   1.5565565565565569       -7.0172007661941704E-002   2.0810849995792522E-003
   1.5665665665665669       -8.2972755692180086E-002  -7.2544728107770656E-002
   1.5765765765765769      -0.10205658541550709      -0.16164718351510132     
   1.5865865865865869      -0.13259082434128658      -0.27224273578179059     
   1.5965965965965969      -0.18709935189697274      -0.41623712718496797     
   1.6066066066066069      -0.30266960893389805      -0.61124157545616464     
   1.6166166166166169      -0.59395537885231542      -0.82830228798859129     
   1.6266266266266269       -1.0673766853060291      -0.79066820941997773     
   1.6366366366366369       -1.3786703626947749      -0.48422463445736785     
   1.6466466466466469       -1.4394517365929576      -0.11711016237954520     
   1.6566566566566570       -1.2304165744183997        5.9464892426067298E-002
   1.6666666666666670       -1.2894848015387221      -0.11676797003402445     
   1.6766766766766770       -1.5550966764461931        5.1983314097864594E-002
   1.6866866866866870       -1.6139770778694642       0.33863647087343901     
   1.6966966966966970       -1.5398674863130257       0.59885569233191638     
   1.7067067067067070       -1.3332089318870139       0.76551903613260075     
   1.7167167167167170       -1.1726558915035097       0.64030820462280869     
   1.7267267267267270       -1.3655314951934088       0.66865910137942108     
   1.7367367367367370       -1.3567601295765763       0.92242026980952285     
   1.7467467467467470       -1.1959100719429787        1.0860699646752785     
   1.7567567567567570       -1.0114163551048538        1.1824798837229247     
   1.7667667667667670      -0.74822545072313607        1.1113567766946599     
   1.7767767767767770      -0.76984969577306650       0.89616254160779529     
   1.7867867867867870      -0.89440873320186842       0.94451816055812277     
   1.7967967967967970      -0.79990356507695681        1.0744337285277643     
   1.8068068068068071      -0.77752364688272657       0.94649556212892116     
   1.8168168168168171      -0.94077067776566992        1.1104614026468813     
   1.8268268268268271      -0.79228133840965587        1.3627428168571929     
   1.8368368368368371      -0.50593177377324783        1.4286501992893659     
   1.8468468468468471      -0.29133235318193212        1.2901337390294303     
   1.8568568568568571      -0.25933841742588148        1.1329776484999492     
   1.8668668668668671      -0.29016147506641987        1.1175541239005704     
   1.8768768768768771      -0.20313643080622859        1.1415282409462808     
   1.8868868868868871      -0.11264287623590269        1.0666521491295087     
   1.8968968968968971       -7.6629971791942572E-002  0.98830477463258037     
   1.9069069069069071       -5.9659077926412070E-002  0.92517383725687397     
   1.9169169169169171       -5.0455553164713465E-002  0.87313994160072461     
   1.9269269269269271       -4.4269047921984876E-002  0.82913161673465241     
   1.9369369369369371       -4.0819178652329056E-002  0.78902968878014090     
   1.9469469469469471       -4.2872703964871361E-002  0.75442371094859162     
   1.9569569569569571       -4.1563787117063336E-002  0.73266361828392190     
   1.9669669669669672       -3.3303350944625901E-002  0.70580194141093011     
   1.9769769769769772       -2.7859456761037880E-002  0.67820693996195791     
   1.9869869869869872       -2.2908310622862783E-002  0.65174857095486383     
   1.9969969969969972       -1.4857396575413169E-002  0.62070846970945293     
   2.0070070070070072       -3.1710074328623869E-002  0.58710272393448115     
   2.0170170170170172       -2.9484921019939239E-002  0.57843142173465378     
   2.0270270270270272       -2.4791061701671419E-002  0.55594650246542543     
   2.0370370370370372       -2.3497647947027727E-002  0.53273380930750669     
   2.0470470470470472       -2.3603490799469079E-002  0.50986148345226778     
   2.0570570570570572       -2.4735305985359016E-002  0.48794260197594286     
   2.0670670670670672       -2.4814280466814071E-002  0.46583839697655571     
   2.0770770770770772       -2.6516621091675859E-002  0.44173722136683136     
   2.0870870870870872       -3.2678272659594339E-002  0.41758548727382955     
   2.0970970970970972       -4.0584019820214541E-002  0.40395664093211137     
   2.1071071071071072       -3.3022539438977649E-002  0.38667502402307591     
   2.1171171171171173       -2.9789105780115888E-002  0.35926925754362243     
   2.1271271271271273       -3.0265075163283559E-002  0.33033156167664501     
   2.1371371371371373       -3.2698216946320684E-002  0.30010627010071722     
   2.1471471471471473       -3.5747578969747972E-002  0.26899828619831040     
   2.1571571571571573       -3.8548724364044079E-002  0.23370975131287341     
   2.1671671671671673       -4.3272430772366643E-002  0.19365327502766203     
   2.1771771771771773       -5.0094016232101968E-002  0.14792626650181587     
   2.1871871871871873       -5.9789605715736702E-002   9.4420042844486587E-002
   2.1971971971971973       -7.4025211563149673E-002   2.9924916458620023E-002
   2.2072072072072073       -9.6187326860418018E-002  -5.0674204492690493E-002
   2.2172172172172173      -0.13393834615251138      -0.15600484345397231     
   2.2272272272272273      -0.20790094723526972      -0.30061441155669438     
   2.2372372372372373      -0.38559073448036002      -0.49547660974621549     
   2.2472472472472473      -0.80391125749593828      -0.58651968089084761     
   2.2572572572572573       -1.1436602656914818      -0.31117761283215911     
   2.2672672672672673       -1.2888865603146482       -9.1601587728101466E-002
   2.2772772772772774       -1.3943248691964623       0.26077668376520541     
   2.2872872872872874       -1.2170258671092231       0.56179389247235145     
   2.2972972972972974       -1.0524496446898961       0.51214002459188734     
   2.3073073073073074       -1.1358174486597468       0.60610967970852869     
   2.3173173173173174       -1.1219590661012708       0.64750859688282936     
   2.3273273273273274       -1.2270047572304537       0.87218511205507454     
   2.3373373373373374       -1.0900495639619978        1.1530057808248797     
   2.3473473473473474      -0.82001491207960098        1.2984681804077132     
   2.3573573573573574      -0.58862376073090550        1.2471036659248502     
   2.3673673673673674      -0.45437674111872900        1.2014395646629692     
   2.3773773773773774      -0.40582709674192308        1.1450922672662636     
   2.3873873873873874      -0.26163972364249671        1.1557858986811704     
   2.3973973973973974      -0.15344426452530177        1.0392490402692529     
   2.4074074074074074      -0.12093942363424340       0.92636451057520075     
   2.4174174174174174      -0.13377054399122548       0.82895114163090733     
   2.4274274274274275      -0.19482000416871242       0.79002902952198473     
   2.4374374374374375      -0.18849085124411916       0.77617390525155672     
   2.4474474474474475      -0.27318000319022684       0.74376431644234842     
   2.4574574574574575      -0.28840151893611066       0.88178812491730751     
   2.4674674674674675      -0.15325526210541002       0.91002972227238998     
   2.4774774774774775       -8.4937249281584290E-002  0.84390404947949349     
   2.4874874874874875       -6.3570407621475700E-002  0.78253697216545126     
   2.4974974974974975       -6.2377669438773549E-002  0.72769503644329425     
   2.5075075075075075       -8.5199914510965702E-002  0.67311558486455492     
   2.5175175175175175      -0.16741938563916675       0.64664973602336473     
   2.5275275275275275      -0.20687741518611708       0.76446888451020001     
   2.5375375375375375      -0.10083670729224450       0.79341479048612118     
   2.5475475475475475       -5.3753055431148292E-002  0.75056612242676923     
   2.5575575575575575       -3.8381394870400286E-002  0.71287763332651788     
   2.5675675675675675       -3.5956210849687968E-002  0.68159410993305336     
   2.5775775775775776       -4.5689378683865092E-002  0.65932258361963858     
   2.5875875875875876       -5.7564685576531008E-002  0.65951555351074076     
   2.5975975975975976       -3.7871111204740356E-002  0.66054944943843974     
   2.6076076076076076       -2.6038982763819191E-002  0.63949413821990186     
   2.6176176176176176       -2.4660984267015119E-002  0.61787218210147155     
   2.6276276276276276       -3.2529478137068593E-002  0.59649552988148902     
   2.6376376376376376       -6.1147662067550283E-002  0.58787564782108748     
   2.6476476476476476       -6.0860646494310562E-002  0.62567078237744689     
   2.6576576576576576       -2.9316262899784409E-002  0.62003322600692168     
   2.6676676676676676       -1.7884980190299615E-002  0.60327523989391207     
   2.6776776776776776       -1.3391352162755629E-002  0.58931619197533003     
   2.6876876876876876       -1.1139634538427137E-002  0.57763077392235640     
   2.6976976976976976       -9.7973899491724872E-003  0.56741387350650729     
   2.7077077077077076       -8.8985332238571638E-003  0.55819357062529351     
   2.7177177177177176       -8.2485468740103058E-003  0.54969303067982367     
   2.7277277277277276       -7.7562889388939505E-003  0.54173796319500112     
   2.7377377377377377       -7.3808954343727463E-003  0.53421070690063388     
   2.7477477477477477       -7.1235973467635178E-003  0.52704839969504313     
   2.7577577577577577       -6.8872963033620614E-003  0.52028775431867968     
   2.7677677677677677       -6.5935199143551618E-003  0.51367377415506665     
   2.7777777777777777       -6.3904877507593126E-003  0.50721144751246494     
   2.7877877877877877       -6.2445414733837403E-003  0.50090785186419273     
   2.7977977977977977       -6.1421576879187928E-003  0.49472596410464803     
   2.8078078078078077       -6.0829350019770637E-003  0.48862684601045459     
   2.8178178178178177       -6.0772884896766180E-003  0.48257070685954528     
   2.8278278278278277       -6.1599401670759876E-003  0.47653647083793682     
   2.8378378378378377       -6.2596574424442887E-003  0.47057789387664950     
   2.8478478478478477       -6.3202076789901458E-003  0.46443121363090140     
   2.8578578578578577       -6.5227305645676479E-003  0.45806981243808270     
   2.8678678678678677       -6.8816098792286711E-003  0.45144287313383658     
   2.8778778778778777       -7.4727126726228631E-003  0.44445111794626890     
   2.8878878878878878       -8.2548114336007134E-003  0.43697690460435590     
   2.8978978978978978       -9.4242886876653616E-003  0.42847846799824485     
   2.9079079079079078       -1.1492056251149373E-002  0.41853760530242201     
   2.9179179179179178       -1.5383430910283649E-002  0.40630768697962377     
   2.9279279279279278       -2.3968612916496549E-002  0.39047085703071499     
   2.9379379379379378       -4.6817117386808986E-002  0.37351609204728109     
   2.9479479479479478       -7.7190792634301744E-002  0.38211506830879710     
   2.9579579579579578      -0.10554634407628256       0.38926448738583391     
   2.9679679679679678      -0.10329581381549975       0.43412785616128724     
   2.9779779779779778      -0.10758093946942153       0.42555077340812020     
   2.9879879879879878      -0.11755875604413692       0.47619988165965749     
   2.9979979979979978       -7.8183295751239820E-002  0.50395359219164704     
   3.0080080080080087       -3.7384873530253694E-002  0.49240058546340321     
   3.0180180180180187       -2.1910931121855225E-002  0.47168569337032257     
   3.0280280280280287       -1.6156687888238097E-002  0.45517218315208735     
   3.0380380380380387       -1.4235366346969584E-002  0.44118950555105352     
   3.0480480480480487       -1.4924479748733566E-002  0.42780807973009111     
   3.0580580580580587       -1.9394685369647415E-002  0.41320162406098865     
   3.0680680680680688       -3.3954841569785829E-002  0.39625879449871410     
   3.0780780780780788       -7.7329502133377248E-002  0.39645437520762677     
   3.0880880880880888       -7.5629961486047850E-002  0.46032330412965866     
   3.0980980980980988       -3.3522221990246209E-002  0.45884717286863036     
   3.1081081081081088       -2.0647586382117108E-002  0.44177682844573130     
   3.1181181181181188       -2.0685299860323910E-002  0.42727291400201572     
   3.1281281281281288       -3.0634081486893911E-002  0.42268529917015141     
   3.1381381381381388       -3.3109185934655699E-002  0.42996637652056902     
   3.1481481481481488       -2.0946175796226284E-002  0.43546273735621488     
   3.1581581581581588       -1.1993652100252283E-002  0.42693816987839811     
   3.1681681681681688       -9.4024706442542814E-003  0.41808151233641766     
   3.1781781781781788       -9.7542862202322691E-003  0.40981550144460988     
   3.1881881881881888       -1.4284656116792659E-002  0.40164584069695852     
   3.1981981981981988       -2.7955708722749970E-002  0.40170081390292589     
   3.2082082082082088       -2.3086970476961770E-002  0.41821422503863187     
   3.2182182182182189       -1.0946142990948839E-002  0.41452444821393836     
   3.2282282282282289       -6.7616940411051162E-003  0.40803644354475971     
   3.2382382382382389       -5.1063324705537079E-003  0.40272053993942142     
   3.2482482482482489       -4.3072202034645140E-003  0.39824377822771934     
   3.2582582582582589       -3.8942747165343419E-003  0.39426477239528451     
   3.2682682682682689       -3.7471297325515755E-003  0.39056299437711245     
   3.2782782782782789       -3.9802854194535883E-003  0.38699095430354458     
   3.2882882882882889       -5.1678568075855308E-003  0.38388264142460005     
   3.2982982982982989       -6.0949030782816698E-003  0.38306786423472583     
   3.3083083083083089       -4.5101361576613428E-003  0.38186422889055066     
   3.3183183183183189       -3.3117135068975703E-003  0.37896234379443539     
   3.3283283283283289       -2.8561001607927618E-003  0.37607576364399742     
   3.3383383383383389       -2.6357267972696458E-003  0.37338754003992047     
   3.3483483483483489       -2.5047500823287038E-003  0.37084085999891370     
   3.3583583583583589       -2.4207379324386658E-003  0.36839328131038074     
   3.3683683683683689       -2.3800192090192894E-003  0.36602235934362470     
   3.3783783783783790       -2.3824132957351810E-003  0.36377192794130520     
   3.3883883883883890       -2.2861718658791262E-003  0.36158750949279922     
   3.3983983983983990       -2.2129345689010844E-003  0.35937054286247028     
   3.4084084084084090       -2.1711319522257615E-003  0.35718533927889401     
   3.4184184184184190       -2.1431625893057909E-003  0.35503058607405619     
   3.4284284284284290       -2.1244751196401999E-003  0.35289826777825700     
   3.4384384384384390       -2.1145211538489655E-003  0.35078058274380436     
   3.4484484484484490       -2.1154322726999937E-003  0.34866936007336596     
   3.4584584584584590       -2.1356297078028940E-003  0.34655623108144118     
   3.4684684684684690       -2.2016604362798502E-003  0.34445318603568287     
   3.4784784784784790       -2.2368587661092745E-003  0.34242989147591962     
   3.4884884884884890       -2.2085923267048508E-003  0.34029913577931969     
   3.4984984984984990       -2.2413156155977909E-003  0.33809792159311985     
   3.5085085085085090       -2.3240466530623145E-003  0.33584030989387703     
   3.5185185185185190       -2.4887237499844925E-003  0.33352419758188162     
   3.5285285285285291       -2.6619638456632550E-003  0.33123731867230960     
   3.5385385385385391       -2.7637172945253652E-003  0.32869883061623029     
   3.5485485485485491       -3.0234009321594740E-003  0.32588165015906667     
   3.5585585585585591       -3.4798274578041691E-003  0.32273224583361282     
   3.5685685685685691       -4.2798259338155441E-003  0.31906004101110746     
   3.5785785785785791       -5.8449091020949390E-003  0.31453441286891937     
   3.5885885885885891       -9.5440308728584940E-003  0.30877679781585515     
   3.5985985985985991       -1.9145910278319030E-002  0.30456258221134014     
   3.6086086086086091       -2.6574369722709653E-002  0.30798433366676775     
   3.6186186186186191       -3.8933961594025963E-002  0.31523744476135662     
   3.6286286286286291       -2.9526820568827019E-002  0.32760816530862324     
   3.6386386386386391       -3.1792970110083647E-002  0.32553970500198698     
   3.6486486486486491       -2.4880188607494691E-002  0.33853401061219063     
   3.6586586586586591       -1.3814516230939041E-002  0.33295932828760866     
   3.6686686686686691       -1.3995008507666246E-002  0.32623712968349033     
   3.6786786786786791       -1.4722781610025073E-002  0.32912854522731788     
   3.6886886886886892       -8.3300778119569704E-003  0.32670424233283729     
   3.6986986986986992       -6.1263955042473867E-003  0.32123422416072483     
   3.7087087087087092       -6.0214369655140505E-003  0.31587320480823677     
   3.7187187187187192       -7.6571690470751460E-003  0.31008695793352309     
   3.7287287287287292       -1.3248466508214912E-002  0.30345111106703793     
   3.7387387387387392       -2.8744065895926259E-002  0.30335190319804517     
   3.7487487487487492       -3.3748475873491682E-002  0.32227426568258244     
   3.7587587587587592       -1.8451934718479158E-002  0.33194839018347355     
   3.7687687687687692       -8.8600198342141806E-003  0.32639104792599799     
   3.7787787787787792       -5.6865334969364223E-003  0.32080691013214102     
   3.7887887887887892       -4.6786606711840383E-003  0.31627535753712543     
   3.7987987987987992       -5.0498268662944089E-003  0.31222114936526280     
   3.8088088088088092       -7.8986879675783401E-003  0.30925737656847524     
   3.8188188188188192       -9.4759575027262011E-003  0.31199131957089349     
   3.8288288288288292       -7.1231875585596729E-003  0.31086050738919163     
   3.8388388388388393       -7.0881371479472981E-003  0.31111610526399103     
   3.8488488488488493       -4.1008042923960514E-003  0.31001187693488697     
   3.8588588588588593       -2.8096917290317438E-003  0.30740384665627607     
   3.8688688688688693       -2.3722253593750496E-003  0.30505089338488023     
   3.8788788788788793       -2.3636716694822439E-003  0.30290979969774662     
   3.8888888888888893       -2.9594968305979431E-003  0.30117662818645746     
   3.8988988988988993       -3.0039735641304850E-003  0.30061833824158507     
   3.9089089089089093       -2.6145541372870483E-003  0.29916692278424711     
   3.9189189189189193       -2.5334366806059605E-003  0.29829023246783437     
   3.9289289289289293       -1.8524244033505831E-003  0.29696994902147167     
   3.9389389389389393       -1.5639635937400077E-003  0.29542066045741316     
   3.9489489489489493       -1.4390203176092508E-003  0.29395964949997311     
   3.9589589589589593       -1.3742942026484675E-003  0.29256980292375007     
   3.9689689689689693       -1.3451595672989911E-003  0.29122399302838231     
   3.9789789789789793       -1.3608912551926183E-003  0.28990102971316989     
   3.9889889889889893       -1.4922979204220752E-003  0.28861284944741700     
   3.9989989989989994       -1.7273015234197926E-003  0.28766380111745016     
   4.0090090090090094       -1.4544006061241025E-003  0.28675270452024859     
   4.0190190190190194       -1.2692490911996005E-003  0.28553525493245324     
   4.0290290290290294       -1.1982220265436059E-003  0.28432965742908550     
   4.0390390390390394       -1.1624249561917150E-003  0.28315725762299981     
   4.0490490490490494       -1.1402524150778593E-003  0.28200873364706075     
   4.0590590590590594       -1.1249910125049917E-003  0.28087723532783987     
   4.0690690690690694       -1.1141654184451618E-003  0.27975814128049065     
   4.0790790790790794       -1.1068294331647106E-003  0.27864791455952237     
   4.0890890890890894       -1.1027744335695964E-003  0.27754341887239209     
   4.0990990990990994       -1.1023559687076629E-003  0.27644145384380658     
   4.1091091091091094       -1.1067248574267916E-003  0.27533829720263120     
   4.1191191191191194       -1.1188916729077175E-003  0.27422910653439769     
   4.1291291291291294       -1.1480119810157534E-003  0.27310791516976574     
   4.1391391391391394       -1.2234795891074765E-003  0.27198440674130175     
   4.1491491491491495       -1.2947482055747066E-003  0.27093976044157103     
   4.1591591591591595       -1.3266463946711047E-003  0.26979878832881005     
   4.1691691691691695       -1.5117741044482439E-003  0.26873880859760235     
   4.1791791791791795       -1.4199295750766878E-003  0.26776012820522965     
   4.1891891891891895       -1.3560144334403277E-003  0.26649521346592159     
   4.1991991991991995       -1.4037013307583292E-003  0.26515100061288505     
   4.2092092092092095       -1.5233779006422613E-003  0.26371825866469145     
   4.2192192192192195       -1.7359095795770531E-003  0.26213836844811184     
   4.2292292292292295       -2.1189949388125580E-003  0.26031450516032967     
   4.2392392392392395       -2.8849151508919361E-003  0.25807653682227089     
   4.2492492492492495       -4.7080305340609519E-003  0.25516313745806596     
   4.2592592592592595       -1.0063656140311588E-002  0.25212386581493701     
   4.2692692692692695       -1.9560766023102173E-002  0.25889281122867458     
   4.2792792792792795       -1.1866064993579681E-002  0.26836000174665509     
   4.2892892892892895       -5.7311852797413262E-003  0.26547697466518250     
   4.2992992992992995       -4.0853038935642376E-003  0.26184641394544989     
   4.3093093093093096       -4.3713686011745611E-003  0.25850820285503018     
   4.3193193193193196       -7.2299578402348821E-003  0.25582711397973140     
   4.3293293293293296       -1.0692867951331482E-002  0.25834402640763859     
   4.3393393393393396       -9.9837496984374451E-003  0.26180950387747953     
   4.3493493493493496       -5.3259422304699853E-003  0.26226637714885326     
   4.3593593593593596       -3.2195631816675312E-003  0.25959178086886320     
   4.3693693693693696       -2.6294449516467153E-003  0.25707945702449508     
   4.3793793793793796       -2.7096828837836913E-003  0.25467594639591590     
   4.3893893893893896       -3.5604988997115371E-003  0.25206919491219082     
   4.3993993993993996       -6.4304755719249863E-003  0.24931161827241635     
   4.4094094094094096       -1.2551910152781273E-002  0.25106771960940122     
   4.4194194194194196       -1.2462704166554494E-002  0.25806979410726605     
   4.4294294294294296       -6.1431045575692025E-003  0.25972622997393285     
   4.4394394394394396       -3.2215300514551494E-003  0.25716115233653486     
   4.4494494494494496       -2.2044155115544545E-003  0.25492461141225115     
   4.4594594594594597       -1.8125631442295119E-003  0.25309144714630188     
   4.4694694694694697       -1.7460961962603855E-003  0.25145180950693946     
   4.4794794794794797       -2.1046836305344723E-003  0.24988591908382340     
   4.4894894894894897       -3.3311328102144299E-003  0.24901502727075359     
   4.4994994994994997       -3.6310136085183492E-003  0.24965204116631184     
   4.5095095095095097       -2.4434850726036145E-003  0.24978764285750216     
   4.5195195195195197       -1.5160025942489339E-003  0.24861391315683287     
   4.5295295295295297       -1.1791361900691786E-003  0.24742459380305898     
   4.5395395395395397       -1.0288126710197806E-003  0.24636709892043115     
   4.5495495495495497       -9.4787164302893704E-004  0.24539754159958074     
   4.5595595595595597       -9.0087082664631370E-004  0.24448363707237847     
   4.5695695695695697       -8.7851262377792842E-004  0.24360470574256007     
   4.5795795795795797       -8.9256660352611203E-004  0.24274842310311442     
   4.5895895895895897       -9.8977453617560317E-004  0.24196505845943023     
   4.5995995995995997       -9.5796692481157713E-004  0.24136108352442290     
   4.6096096096096097       -8.4022989067496928E-004  0.24059338876723110     
   4.6196196196196198       -8.0668657153740565E-004  0.23980090231886267     
   4.6296296296296298       -8.3155852347971187E-004  0.23903224049140348     
   4.6396396396396398       -8.7841432610460003E-004  0.23838212367190773     
   4.6496496496496498       -7.8674731252673710E-004  0.23771253075047552     
   4.6596596596596598       -7.3839774006552125E-004  0.23698017099973337     
   4.6696696696696698       -7.1761063781872680E-004  0.23625847818238810     
   4.6796796796796798       -7.0622375609020354E-004  0.23554856576880609     
   4.6896896896896898       -6.9978581922565831E-004  0.23484675243434022     
   4.6996996996996998       -6.9818121389726966E-004  0.23414967477620335     
   4.7097097097097098       -7.0549248893669858E-004  0.23345377762940922     
   4.7197197197197198       -7.3861012358812325E-004  0.23276012771883378     
   4.7297297297297298       -8.0923522673471428E-004  0.23213439521607246     
   4.7397397397397398       -7.7354444419505284E-004  0.23152594983978744     
   4.7497497497497498       -8.0165922379374301E-004  0.23087057936858238     
   4.7597597597597598       -7.7234674541484013E-004  0.23031217842228735     
   4.7697697697697699       -7.0005456283424154E-004  0.22965296782912545     
   4.7797797797797799       -6.7441740837477623E-004  0.22897931068031163     
   4.7897897897897899       -6.6462317016682620E-004  0.22831325133787095     
   4.7997997997997999       -6.6110072997970599E-004  0.22765168279991577     
   4.8098098098098099       -6.6142098973631007E-004  0.22699125799784933     
   4.8198198198198199       -6.6544600044458858E-004  0.22632894588485544     
   4.8298298298298299       -6.7482962385679126E-004  0.22566132222200733     
   4.8398398398398399       -6.9555289566326794E-004  0.22498438278469918     
   4.8498498498498499       -7.4814475584872591E-004  0.22430462378259208     
   4.8598598598598599       -7.9923237108347925E-004  0.22369280480220752     
   4.8698698698698699       -7.6603780315508520E-004  0.22301454549455818     
   4.8798798798798799       -7.8166660563535077E-004  0.22226548198896523     
   4.8898898898898899       -8.3868170812208200E-004  0.22147311313350182     
   4.8998998998998999       -9.5052518132684657E-004  0.22061013592684400     
   4.9099099099099099       -1.1783412968837874E-003  0.21962542787143080     
   4.9199199199199199       -1.7257108922462624E-003  0.21844805578368129     
   4.9299299299299300       -3.2868472294618257E-003  0.21734333312997972     
   4.9399399399399400       -5.3615941196098540E-003  0.21844267190979924     
   4.9499499499499500       -4.8170781286237399E-003  0.22089697472421424     
   4.9599599599599600       -2.5129211534117785E-003  0.22044257076232279     
   4.9699699699699700       -1.8579789967482576E-003  0.21892219366335838     
   4.9799799799799800       -2.1791157788018005E-003  0.21746859045993019     
   4.9899899899899900       -3.6859786830022354E-003  0.21701077924037626     
   5.0000000000000000       -3.2217718507583371E-003  0.21808791750751727     
