  -5.0000000000000000       -1.1360518099039160E-003 -0.22304858172152828     
  -4.9899899899899900       -9.3156436843694649E-004 -0.22390737455544191     
  -4.9799799799799800       -9.2076856261960464E-004 -0.22476790190322279     
  -4.9699699699699700       -1.0722957220467445E-003 -0.22565142898515289     
  -4.9599599599599600       -1.5927841194085814E-003 -0.22644362488053893     
  -4.9499499499499500       -2.0030887587054406E-003 -0.22650047659776970     
  -4.9399399399399400       -2.1458822393133270E-003 -0.22681356496175956     
  -4.9299299299299300       -1.9553100546018764E-003 -0.22686316195843528     
  -4.9199199199199199       -1.5642077296267841E-003 -0.22712726038513029     
  -4.9099099099099099       -1.1144590132802154E-003 -0.22791491978668760     
  -4.8998998998998999       -1.0745263319002279E-003 -0.22880800203780227     
  -4.8898898898898899       -1.3578571753591251E-003 -0.22941550131056573     
  -4.8798798798798799       -1.1445248208387167E-003 -0.22968017900390789     
  -4.8698698698698699       -8.9041915743876010E-004 -0.23042581261731274     
  -4.8598598598598599       -8.5669587324677088E-004 -0.23120885930710824     
  -4.8498498498498499       -9.8116761518534951E-004 -0.23187175062827392     
  -4.8398398398398399       -9.0227006701113399E-004 -0.23233544489732513     
  -4.8298298298298299       -7.6274379371235796E-004 -0.23302544438088055     
  -4.8198198198198199       -7.1569196211944343E-004 -0.23373871810467384     
  -4.8098098098098099       -6.9883504549563599E-004 -0.23443885626445474     
  -4.7997997997997999       -6.9382345992103787E-004 -0.23513219958402815     
  -4.7897897897897899       -6.9615157301987785E-004 -0.23582482985451500     
  -4.7797797797797799       -7.0693223765940340E-004 -0.23652212472470380     
  -4.7697697697697699       -7.3569774217014988E-004 -0.23722978205319581     
  -4.7597597597597598       -8.2102277579602174E-004 -0.23793982137001823     
  -4.7497497497497498       -9.6590164659067783E-004 -0.23848739026198057     
  -4.7397397397397398       -8.3189453971961092E-004 -0.23903335976495910     
  -4.7297297297297298       -7.5294470642483689E-004 -0.23975480912756300     
  -4.7197197197197198       -7.3246209025636978E-004 -0.24048310672722151     
  -4.7097097097097098       -7.3178133390172531E-004 -0.24120991514203477     
  -4.6996996996996998       -7.4368343257809181E-004 -0.24194218356570593     
  -4.6896896896896898       -7.7622933783765328E-004 -0.24268675370342049     
  -4.6796796796796798       -8.6982912382237165E-004 -0.24343183101446428     
  -4.6696696696696698       -9.9345287783614918E-004 -0.24400700968826469     
  -4.6596596596596598       -8.6583189612105091E-004 -0.24464277925319264     
  -4.6496496496496498       -8.1457002771823171E-004 -0.24542551682088135     
  -4.6396396396396398       -8.2243625298724819E-004 -0.24622468542202439     
  -4.6296296296296298       -8.7829389292137067E-004 -0.24704319125245564     
  -4.6196196196196198       -1.0470071778999170E-003 -0.24785627816774075     
  -4.6096096096096097       -1.2199316866741759E-003 -0.24841463480230361     
  -4.5995995995995997       -1.1557232049007183E-003 -0.24917126007599327     
  -4.5895895895895897       -1.4664946626417018E-003 -0.24994281242789207     
  -4.5795795795795797       -1.4564424253327196E-003 -0.25013483790542590     
  -4.5695695695695697       -1.0754586930572635E-003 -0.25090834038085663     
  -4.5595595595595597       -9.6332483822501077E-004 -0.25183811471173839     
  -4.5495495495495497       -9.5650932820892502E-004 -0.25276570620496658     
  -4.5395395395395397       -1.0236464152045450E-003 -0.25371109470116165     
  -4.5295295295295297       -1.2353403295451192E-003 -0.25465040023608870     
  -4.5195195195195197       -1.4467374870460114E-003 -0.25537654346679128     
  -4.5095095095095097       -1.6954789958433631E-003 -0.25634366003946157     
  -4.4994994994994997       -2.4366826886430232E-003 -0.25662185759752199     
  -4.4894894894894897       -1.7716662660712573E-003 -0.25674674337725495     
  -4.4794794794794797       -1.3716387330084880E-003 -0.25788105873519240     
  -4.4694694694694697       -1.3801100536516876E-003 -0.25911523154681243     
  -4.4594594594594597       -1.7311856451464915E-003 -0.26042949583280206     
  -4.4494494494494496       -2.9471605113680819E-003 -0.26159230936040501     
  -4.4394394394394396       -4.1878913329172979E-003 -0.26028902129612103     
  -4.4294294294294296       -2.3611882822617216E-003 -0.26017781391075018     
  -4.4194194194194196       -1.5881877164017843E-003 -0.26153839896513814     
  -4.4094094094094096       -1.3854292453487080E-003 -0.26287503290113656     
  -4.3993993993993996       -1.4195228480232830E-003 -0.26418348077393833     
  -4.3893893893893896       -1.7209545298933243E-003 -0.26553886732937537     
  -4.3793793793793796       -2.5639653456268219E-003 -0.26683952168423292     
  -4.3693693693693696       -4.3665267557556941E-003 -0.26678313132821624     
  -4.3593593593593596       -3.1858579147212161E-003 -0.26564589189935467     
  -4.3493493493493496       -2.2041501848717631E-003 -0.26702399188691422     
  -4.3393393393393396       -2.5406252800223642E-003 -0.26830741739668612     
  -4.3293293293293296       -2.4925173261610496E-003 -0.26833116096848220     
  -4.3193193193193196       -1.6984573137441741E-003 -0.26938952593148735     
  -4.3093093093093096       -1.4835549812052329E-003 -0.27077081670940806     
  -4.2992992992992995       -1.5673299770823737E-003 -0.27216556202875780     
  -4.2892892892892895       -2.0555795482688618E-003 -0.27359019438071974     
  -4.2792792792792795       -3.1861187221226615E-003 -0.27428941911425342     
  -4.2692692692692695       -3.3924511491654724E-003 -0.27451200051961006     
  -4.2592592592592595       -3.4880607089402844E-003 -0.27449922780165831     
  -4.2492492492492495       -3.3854674524636851E-003 -0.27519216297292787     
  -4.2392392392392395       -2.8309553609378842E-003 -0.27492312798265739     
  -4.2292292292292295       -1.7559225778269747E-003 -0.27606479855131605     
  -4.2192192192192195       -1.3783742350315213E-003 -0.27742066605064791     
  -4.2092092092092095       -1.2350545812434234E-003 -0.27866857465478179     
  -4.1991991991991995       -1.1815316894024290E-003 -0.27984890034389520     
  -4.1891891891891895       -1.1932562373168558E-003 -0.28099858050055937     
  -4.1791791791791795       -1.3248966128869685E-003 -0.28209189722381389     
  -4.1691691691691695       -1.3962628819080933E-003 -0.28288603446517063     
  -4.1591591591591595       -1.1924389037711600E-003 -0.28387639220066513     
  -4.1491491491491495       -1.1146602938534927E-003 -0.28497734340819814     
  -4.1391391391391394       -1.0890173728052577E-003 -0.28606731862299145     
  -4.1291291291291294       -1.0806690972582245E-003 -0.28714854562383302     
  -4.1191191191191194       -1.0798667037570490E-003 -0.28822758742358184     
  -4.1091091091091094       -1.0832968762623299E-003 -0.28930880938640352     
  -4.0990990990990994       -1.0896904078591286E-003 -0.29039527034853319     
  -4.0890890890890894       -1.0986419681817774E-003 -0.29148946125186481     
  -4.0790790790790794       -1.1102962417115449E-003 -0.29259378886151033     
  -4.0690690690690694       -1.1254054980420042E-003 -0.29371101136036321     
  -4.0590590590590594       -1.1457890215158791E-003 -0.29484482777319276     
  -4.0490490490490494       -1.1757497898307254E-003 -0.29600091321238942     
  -4.0390390390390394       -1.2267136723894010E-003 -0.29718878257088438     
  -4.0290290290290294       -1.3353322778597626E-003 -0.29842223675924739     
  -4.0190190190190194       -1.6359946336796534E-003 -0.29966446190148033     
  -4.0090090090090094       -2.1014192260835345E-003 -0.30036550205697010     
  -3.9989989989989989       -1.6684339642157472E-003 -0.30108851192485997     
  -3.9889889889889889       -1.4086681426320258E-003 -0.30238709242633843     
  -3.9789789789789789       -1.3432439982655397E-003 -0.30371392138778919     
  -3.9689689689689689       -1.3426660139972133E-003 -0.30503921977161852     
  -3.9589589589589589       -1.3784365646626719E-003 -0.30638573165487881     
  -3.9489489489489489       -1.4582666340616590E-003 -0.30777869672766484     
  -3.9389389389389389       -1.6369509360043388E-003 -0.30924554935658277     
  -3.9289289289289289       -2.1067167084457055E-003 -0.31070729911968131     
  -3.9189189189189189       -2.5840545167967553E-003 -0.31160684073609130     
  -3.9089089089089089       -2.7560723208343309E-003 -0.31261364897723615     
  -3.8988988988988988       -2.4737575902276138E-003 -0.31376725712183123     
  -3.8888888888888888       -2.7645166108514691E-003 -0.31548550346177928     
  -3.8788788788788788       -3.0657543684790905E-003 -0.31648981672974008     
  -3.8688688688688688       -3.0085551183070356E-003 -0.31844252421099939     
  -3.8588588588588588       -4.3511649912320637E-003 -0.32096899640007870     
  -3.8488488488488488       -8.6917739022024099E-003 -0.32158747251505898     
  -3.8388388388388388       -8.0000909725930908E-003 -0.31624943342816575     
  -3.8288288288288288       -4.0175490019721660E-003 -0.31751893696012257     
  -3.8188188188188188       -2.7620888309387204E-003 -0.32003955695215358     
  -3.8088088088088088       -2.4641814677321913E-003 -0.32222611575475929     
  -3.7987987987987988       -2.4178039795442669E-003 -0.32424045071344776     
  -3.7887887887887888       -2.9572438661259418E-003 -0.32631368027231133     
  -3.7787787787787788       -4.4169682996976108E-003 -0.32706289825657797     
  -3.7687687687687688       -3.3089652808917579E-003 -0.32697007270058104     
  -3.7587587587587588       -2.3535329060179028E-003 -0.32887552066165704     
  -3.7487487487487487       -2.1044604658274715E-003 -0.33091093349610312     
  -3.7387387387387387       -2.1270248107106557E-003 -0.33293307158640711     
  -3.7287287287287287       -2.3911420540852564E-003 -0.33504905607272839     
  -3.7187187187187187       -3.1997549972652426E-003 -0.33735612671459775     
  -3.7087087087087087       -5.6570171747910717E-003 -0.33906949439855205     
  -3.6986986986986987       -6.5660295170476141E-003 -0.33666575082285066     
  -3.6886886886886887       -4.1017166320976260E-003 -0.33781098085129707     
  -3.6786786786786787       -4.1524349715838177E-003 -0.34010628620428174     
  -3.6686686686686687       -4.2901973507505119E-003 -0.34032289399769539     
  -3.6586586586586587       -2.8476838336748264E-003 -0.34188026800948590     
  -3.6486486486486487       -2.3328988406960778E-003 -0.34410155086013111     
  -3.6386386386386387       -2.2201211432999828E-003 -0.34626278875411037     
  -3.6286286286286287       -2.3342056844738693E-003 -0.34842970041972143     
  -3.6186186186186187       -2.8257576944611378E-003 -0.35067943787758371     
  -3.6086086086086087       -4.2797867515955105E-003 -0.35243518982817423     
  -3.5985985985985987       -4.4748414197422664E-003 -0.35238991202112196     
  -3.5885885885885886       -4.0819926391799264E-003 -0.35439791881862326     
  -3.5785785785785786       -5.3993469751829545E-003 -0.35527700237251786     
  -3.5685685685685686       -4.3812762791855765E-003 -0.35516529068530878     
  -3.5585585585585586       -2.9129884020590315E-003 -0.35691862591205248     
  -3.5485485485485486       -2.3306023776460353E-003 -0.35917580072260563     
  -3.5385385385385386       -2.1144740214454200E-003 -0.36130892062718295     
  -3.5285285285285286       -2.0207460310091162E-003 -0.36334591638015384     
  -3.5185185185185186       -1.9777228003542199E-003 -0.36533243227757844     
  -3.5085085085085086       -1.9597627056467375E-003 -0.36729537440760246     
  -3.4984984984984986       -1.9559390768005003E-003 -0.36925056411040191     
  -3.4884884884884886       -1.9609722664600646E-003 -0.37120795092280662     
  -3.4784784784784786       -1.9720802190936219E-003 -0.37317427968245820     
  -3.4684684684684686       -1.9877184216209004E-003 -0.37515447919373812     
  -3.4584584584584586       -2.0070213367825618E-003 -0.37715243218263889     
  -3.4484484484484486       -2.0295395232058531E-003 -0.37917143881941950     
  -3.4384384384384385       -2.0551187893130267E-003 -0.38121452866192757     
  -3.4284284284284285       -2.0838624560991338E-003 -0.38328470720238328     
  -3.4184184184184185       -2.1161633196920917E-003 -0.38538519749344030     
  -3.4084084084084085       -2.1528303248813736E-003 -0.38751973906302478     
  -3.3983983983983985       -2.1954036643550756E-003 -0.38969303853802367     
  -3.3883883883883881       -2.2469433283893031E-003 -0.39191155145546497     
  -3.3783783783783781       -2.3142447783767589E-003 -0.39418494034589996     
  -3.3683683683683681       -2.4152634279232953E-003 -0.39652841387959908     
  -3.3583583583583581       -2.6090687547600643E-003 -0.39895782359128934     
  -3.3483483483483480       -3.0635898941476897E-003 -0.40134192033284388     
  -3.3383383383383380       -3.3771770512459783E-003 -0.40326972592525223     
  -3.3283283283283280       -3.1911950423796649E-003 -0.40550019345203120     
  -3.3183183183183180       -3.3494378989772618E-003 -0.40803825560548967     
  -3.3083083083083080       -3.2524805868372822E-003 -0.41044227130193067     
  -3.2982982982982980       -3.2341141407112631E-003 -0.41340684901305713     
  -3.2882882882882880       -3.5615826948149029E-003 -0.41663467015622030     
  -3.2782782782782780       -4.4235385291919727E-003 -0.42014485614252312     
  -3.2682682682682680       -6.1330382127226454E-003 -0.42349152254986688     
  -3.2582582582582580       -9.3292738942262338E-003 -0.42722057382152689     
  -3.2482482482482480       -1.6044682046820257E-002 -0.42459779535151149     
  -3.2382382382382380       -1.0600965814581956E-002 -0.42009446086193181     
  -3.2282282282282280       -6.3862581318731241E-003 -0.42415299897482928     
  -3.2182182182182180       -5.5053883620095499E-003 -0.42897850491309386     
  -3.2082082082082080       -6.7436316535107056E-003 -0.43353835923073630     
  -3.1981981981981980       -1.0576704423582299E-002 -0.43465967576857351     
  -3.1881881881881879       -7.7717005688806061E-003 -0.43311673756303215     
  -3.1781781781781779       -5.1060932414301883E-003 -0.43696254786794414     
  -3.1681681681681679       -4.3894037522339419E-003 -0.44114363451872940     
  -3.1581581581581579       -4.5472936025353714E-003 -0.44506387374046030     
  -3.1481481481481479       -5.0355329543636043E-003 -0.44798373718301476     
  -3.1381381381381379       -4.4115558860514381E-003 -0.45123467416234270     
  -3.1281281281281279       -4.3075027865934002E-003 -0.45525432425406148     
  -3.1181181181181179       -4.7031920251784896E-003 -0.45952796572790594     
  -3.1081081081081079       -5.8647070703003691E-003 -0.46423482993864945     
  -3.0980980980980979       -9.3483301910665013E-003 -0.46919785635930628     
  -3.0880880880880879       -1.6758013103030062E-002 -0.46784658087399361     
  -3.0780780780780779       -1.1465605087351720E-002 -0.46302772137650799     
  -3.0680680680680679       -7.3060561850015332E-003 -0.46768250266609784     
  -3.0580580580580579       -6.5276538717715122E-003 -0.47187098827134982     
  -3.0480480480480479       -5.2188260875256015E-003 -0.47567751872282904     
  -3.0380380380380378       -4.5532374491259672E-003 -0.48011279604825580     
  -3.0280280280280278       -4.3327073502296620E-003 -0.48443638614723822     
  -3.0180180180180178       -4.3065621869732319E-003 -0.48866942310079714     
  -3.0080080080080078       -4.3745100860048706E-003 -0.49278039846146648     
  -2.9979979979979978       -4.3437423961053866E-003 -0.49695133030629035     
  -2.9879879879879878       -4.4027501562337512E-003 -0.50127334100866505     
  -2.9779779779779778       -4.5589318336231067E-003 -0.50571113033378912     
  -2.9679679679679678       -4.8677326029582879E-003 -0.51032479552335674     
  -2.9579579579579578       -5.5892506976672023E-003 -0.51518363434941128     
  -2.9479479479479478       -7.6271582121745542E-003 -0.51974008588535514     
  -2.9379379379379378       -8.9791759251963855E-003 -0.52082470854039054     
  -2.9279279279279278       -6.5591137537137807E-003 -0.52420228159956794     
  -2.9179179179179178       -5.5771734801077213E-003 -0.52935004419014253     
  -2.9079079079079078       -5.2619209146957851E-003 -0.53454459533667642     
  -2.8978978978978978       -5.1955959906050311E-003 -0.53971175010585593     
  -2.8878878878878878       -5.2254024304728862E-003 -0.54489998984330112     
  -2.8778778778778777       -5.3016024040688468E-003 -0.55015248474918044     
  -2.8678678678678677       -5.4023075592503625E-003 -0.55549519331078512     
  -2.8578578578578577       -5.5192002686032735E-003 -0.56095263854231314     
  -2.8478478478478477       -5.6513884858464935E-003 -0.56653769670323217     
  -2.8378378378378377       -5.7962946005436413E-003 -0.57226223232179008     
  -2.8278278278278277       -5.9529058315284742E-003 -0.57813790864212611     
  -2.8178178178178177       -6.1210156317560915E-003 -0.58417609019308192     
  -2.8078078078078077       -6.3008714417366546E-003 -0.59038825527994210     
  -2.7977977977977977       -6.4930405057541177E-003 -0.59678632554079714     
  -2.7877877877877877       -6.6983595079243754E-003 -0.60338293604559923     
  -2.7777777777777777       -6.9179287652600440E-003 -0.61019168660581402     
  -2.7677677677677677       -7.1531400643392523E-003 -0.61722740544775312     
  -2.7577577577577577       -7.4057419116959561E-003 -0.62450645405614158     
  -2.7477477477477477       -7.6779661726806654E-003 -0.63204710184334811     
  -2.7377377377377377       -7.9727448433257742E-003 -0.63986992514287533     
  -2.7277277277277276       -8.2935229373875246E-003 -0.64799858811729738     
  -2.7177177177177176       -8.6459335470311528E-003 -0.65646175584880251     
  -2.7077077077077076       -9.0389358928861605E-003 -0.66529333816699288     
  -2.6976976976976976       -9.4883625112453154E-003 -0.67453670762715512     
  -2.6876876876876876       -1.0030295378161235E-002 -0.68424954441305286     
  -2.6776776776776776       -1.0772844968929534E-002 -0.69449713258687817     
  -2.6676676676676676       -1.2030472945598045E-002 -0.70509480160078808     
  -2.6576576576576576       -1.2873190693757117E-002 -0.71528956461643345     
  -2.6476476476476476       -1.3138386718523140E-002 -0.72721294314343510     
  -2.6376376376376376       -1.4392248607711869E-002 -0.74036175414313432     
  -2.6276276276276276       -1.6904583820581218E-002 -0.75375366314791958     
  -2.6176176176176176       -1.8316176595859966E-002 -0.76749877704513680     
  -2.6076076076076076       -2.1197407166996928E-002 -0.78509359377565535     
  -2.5975975975975976       -2.9827852654220045E-002 -0.80563817783613689     
  -2.5875875875875876       -5.5021247543871776E-002 -0.82079664447529299     
  -2.5775775775775776       -6.4419736960160623E-002 -0.79411755319649935     
  -2.5675675675675675       -3.6525738982936803E-002 -0.80316937966304214     
  -2.5575575575575575       -2.7168574316486047E-002 -0.82784127328918011     
  -2.5475475475475475       -2.4889755493134189E-002 -0.85212541731484603     
  -2.5375375375375375       -2.5032773696613064E-002 -0.87641873687188898     
  -2.5275275275275275       -2.6401842232357534E-002 -0.90172611908949218     
  -2.5175175175175175       -2.8757765120502026E-002 -0.92889628314218886     
  -2.5075075075075075       -3.2326000956748917E-002 -0.95882744148036914     
  -2.4974974974974975       -3.7958734210933771E-002 -0.99273055066964777     
  -2.4874874874874875       -4.8254050136787567E-002  -1.0324128821018015     
  -2.4774774774774775       -7.2486061019771730E-002  -1.0787509414076781     
  -2.4674674674674675      -0.13280753182768662       -1.1012333955150884     
  -2.4574574574574575      -0.12309718147760208       -1.0618974282314457     
  -2.4474474474474475       -8.3299920008977818E-002  -1.1107431683127356     
  -2.4374374374374375       -7.8007070628489328E-002  -1.1804471984310723     
  -2.4274274274274275       -8.7770012547145448E-002  -1.2577943346099867     
  -2.4174174174174174      -0.11148184387089190       -1.3480140448694129     
  -2.4074074074074074      -0.15592873385000167       -1.4539070580694997     
  -2.3973973973973974      -0.24064578345162072       -1.5856323013693236     
  -2.3873873873873874      -0.41742317063074391       -1.6905089789161469     
  -2.3773773773773774      -0.60801109841524137       -1.7023134960616491     
  -2.3673673673673674      -0.76734385813421346       -1.6708375301195917     
  -2.3573573573573574      -0.90277757070122000       -1.6211939534121054     
  -2.3473473473473474       -1.0214690008806877       -1.5613217697166164     
  -2.3373373373373374       -1.1278471519408837       -1.4941151975375095     
  -2.3273273273273274       -1.2246155083347532       -1.4206770151683796     
  -2.3173173173173174       -1.3134633878233632       -1.3413324272473317     
  -2.3073073073073074       -1.3954287140544297       -1.2559893377092231     
  -2.2972972972972974       -1.4710659862463009       -1.1643375351499234     
  -2.2872872872872874       -1.5407620736519838       -1.0658708352781852     
  -2.2772772772772774       -1.6043965265317159      -0.95965881429639821     
  -2.2672672672672673       -1.6614802740812709      -0.84478173073767437     
  -2.2572572572572573       -1.7111774236869972      -0.72004477534405531     
  -2.2472472472472473       -1.7521011116489966      -0.58399532489255712     
  -2.2372372372372373       -1.7821126616265832      -0.43489110436260620     
  -2.2272272272272273       -1.7979567005562185      -0.27069388700222763     
  -2.2172172172172173       -1.7946545455352871       -8.9133759430778947E-002
  -2.2072072072072073       -1.7644442637484909       0.11201673498696130     
  -2.1971971971971973       -1.6948540490471951       0.33404422720678301     
  -2.1871871871871873       -1.5650842012278217       0.57441267181955102     
  -2.1771771771771773       -1.3396555591329664       0.81668250716142710     
  -2.1671671671671673      -0.96880046068583003       0.99135577834999944     
  -2.1571571571571573      -0.52412802287548976       0.91602857257615700     
  -2.1471471471471473      -0.28461189702175249       0.67443902873896400     
  -2.1371371371371373      -0.18553120456735347       0.47720986896157624     
  -2.1271271271271273      -0.13571852591282885       0.32965643680267581     
  -2.1171171171171173      -0.10644975851022384       0.21445818519892293     
  -2.1071071071071072       -8.7481671697866872E-002  0.12060765639589544     
  -2.0970970970970972       -7.4376592316320003E-002   4.1512142372360575E-002
  -2.0870870870870872       -6.4920259138008723E-002  -2.6972624136023551E-002
  -2.0770770770770772       -5.7890369122041707E-002  -8.7596588111890875E-002
  -2.0670670670670672       -5.2561266901009998E-002 -0.14227382148395890     
  -2.0570570570570572       -4.8477659871761503E-002 -0.19239248801420691     
  -2.0470470470470472       -4.5341613928916905E-002 -0.23899746421538001     
  -2.0370370370370372       -4.2955805602208338E-002 -0.28290439509016346     
  -2.0270270270270272       -4.1184214564066263E-002 -0.32475740349490140     
  -2.0170170170170172       -3.9901535949842755E-002 -0.36513361914478465     
  -2.0070070070070072       -3.9162879127160419E-002 -0.40455166643281953     
  -1.9969969969969972       -3.8904960968319892E-002 -0.44333279267096570     
  -1.9869869869869872       -3.9338365544754124E-002 -0.48198195995515686     
  -1.9769769769769772       -4.1003456545414985E-002 -0.52004385421977384     
  -1.9669669669669672       -4.1242004566587713E-002 -0.55709378594056658     
  -1.9569569569569571       -4.1291786147240613E-002 -0.59701857011319970     
  -1.9469469469469471       -4.2575789453677355E-002 -0.63855160869715544     
  -1.9369369369369371       -4.4711302937002234E-002 -0.68188210709078889     
  -1.9269269269269271       -4.7778131350346260E-002 -0.72771257713657611     
  -1.9169169169169171       -5.2223976062497131E-002 -0.77698046264672127     
  -1.9069069069069071       -5.9336346579794412E-002 -0.83095248079126427     
  -1.8968968968968971       -7.3502277920097434E-002 -0.89017626633722513     
  -1.8868868868868871      -0.10000856946708289      -0.93932486534647519     
  -1.8768768768768771       -9.5839174718524864E-002 -0.98525024043882470     
  -1.8668668668668671       -9.6760663590549870E-002  -1.0675258437352015     
  -1.8568568568568571      -0.11343154120121353       -1.1662376176398912     
  -1.8468468468468471      -0.14740028361851162       -1.2862567760990391     
  -1.8368368368368371      -0.21961124012807834       -1.4374950974894867     
  -1.8268268268268271      -0.38707227480938367       -1.5924200240523538     
  -1.8168168168168171      -0.61684260953049519       -1.6422748878242723     
  -1.8068068068068071      -0.81057531992507115       -1.6155857914372695     
  -1.7967967967967970      -0.96589114936627607       -1.5616307292423861     
  -1.7867867867867866       -1.0954662256987220       -1.4974268977679650     
  -1.7767767767767766       -1.2066516073317635       -1.4265882736033120     
  -1.7667667667667666       -1.3031701385625807       -1.3518721411271701     
  -1.7567567567567566       -1.3880400938478701       -1.2745746626266619     
  -1.7467467467467466       -1.4632813533810665       -1.1952762036267452     
  -1.7367367367367366       -1.5304799858800628       -1.1142981056752108     
  -1.7267267267267266       -1.5906756655619236       -1.0314749397070686     
  -1.7167167167167166       -1.6445172620152102      -0.94678554852080432     
  -1.7067067067067065       -1.6925386469072947      -0.86010348548049309     
  -1.6966966966966965       -1.7350910798573298      -0.77121947838967775     
  -1.6866866866866865       -1.7723697046144757      -0.67986845969218390     
  -1.6766766766766765       -1.8044275733358202      -0.58573432772136702     
  -1.6666666666666665       -1.8311766787610444      -0.48844909909874473     
  -1.6566566566566565       -1.8523773227183913      -0.38758950560813182     
  -1.6466466466466465       -1.8676148716332241      -0.28267505474964161     
  -1.6366366366366365       -1.8762783923910238      -0.17316167471752769     
  -1.6266266266266265       -1.8774758126814093       -5.8411761821647264E-002
  -1.6166166166166165       -1.8699547651583597        6.2261217017152308E-002
  -1.6066066066066065       -1.8519842267209874       0.18961196522524476     
  -1.5965965965965965       -1.8211362090773102       0.32442799937786426     
  -1.5865865865865865       -1.7739553825342445       0.46744029127668452     
  -1.5765765765765765       -1.7054094346713524       0.61910550239777706     
  -1.5665665665665665       -1.6079339702422910       0.77905863533671960     
  -1.5565565565565564       -1.4696982306475512       0.94464223705076433     
  -1.5465465465465464       -1.2714696180497012        1.1064376395450899     
  -1.5365365365365364      -0.98344686326826503        1.2322047918255221     
  -1.5265265265265264      -0.60323100733423052        1.2166791558252492     
  -1.5165165165165164      -0.32536784756434461        1.0014520708507362     
  -1.5065065065065064      -0.20856208614015628       0.78751302048481686     
  -1.4964964964964964      -0.15343758034666732       0.62255019841018200     
  -1.4864864864864864      -0.12231749314675039       0.49139501821184584     
  -1.4764764764764764      -0.10270080808967187       0.38231741155656090     
  -1.4664664664664664       -8.9493774586204611E-002  0.28820994875775302     
  -1.4564564564564564       -8.0261697881607544E-002  0.20459641226725883     
  -1.4464464464464464       -7.3706282639808468E-002  0.12847628251448895     
  -1.4364364364364364       -6.9083159490829771E-002   5.7711458833580129E-002
  -1.4264264264264264       -6.5947857284415420E-002  -9.3142178291901086E-003
  -1.4164164164164164       -6.4034383171852879E-002  -7.3897264423992901E-002
  -1.4064064064064064       -6.3194242493878866E-002 -0.13714478687856183     
  -1.3963963963963963       -6.3366665094453795E-002 -0.20006714565356223     
  -1.3863863863863863       -6.4568121643030427E-002 -0.26365241896613817     
  -1.3763763763763763       -6.6891107306214365E-002 -0.32893492688983295     
  -1.3663663663663663       -7.0525577533942133E-002 -0.39709439067812874     
  -1.3563563563563563       -7.5816940760521104E-002 -0.46954033597954115     
  -1.3463463463463463       -8.3335586815091081E-002 -0.54808689010876943     
  -1.3363363363363363       -9.4076273078747233E-002 -0.63521357805774226     
  -1.3263263263263263      -0.10987555706777928      -0.73453443206099700     
  -1.3163163163163163      -0.13449958133280210      -0.85166493212313055     
  -1.3063063063063063      -0.17691765579530438      -0.99568248600553844     
  -1.2962962962962963      -0.26265740052288028       -1.1793006562505399     
  -1.2862862862862863      -0.46578321052490990       -1.3816411784221667     
  -1.2762762762762763      -0.77791428236985560       -1.4480765985500028     
  -1.2662662662662663       -1.0389400889699292       -1.3878040578945132     
  -1.2562562562562563       -1.2344960853729567       -1.2860138659433857     
  -1.2462462462462462       -1.3842779336913940       -1.1716545596948555     
  -1.2362362362362362       -1.5017896656764966       -1.0541442394798213     
  -1.2262262262262262       -1.5954263220770846      -0.93697156263320425     
  -1.2162162162162162       -1.6704901962423271      -0.82156715382393175     
  -1.2062062062062062       -1.7310362048064356      -0.70888729669284922     
  -1.1961961961961962       -1.7799735011785094      -0.59816835581396444     
  -1.1861861861861862       -1.8186150480750560      -0.48941525790514306     
  -1.1761761761761762       -1.8483887378816541      -0.38256766181335927     
  -1.1661661661661662       -1.8703287476365871      -0.27738237159547152     
  -1.1561561561561562       -1.8851682914993928      -0.17359069873221047     
  -1.1461461461461462       -1.8934182325611721       -7.0924822815497945E-002
  -1.1361361361361362       -1.8954120640087164        3.0874621957041333E-002
  -1.1261261261261262       -1.8913323925810528       0.13205491785991266     
  -1.1161161161161162       -1.8812276361659439       0.23284482960908423     
  -1.1061061061061062       -1.8650323923571024       0.33346742267250623     
  -1.0960960960960962       -1.8425245067116942       0.43413604519262783     
  -1.0860860860860861       -1.8133521063659817       0.53502573111734864     
  -1.0760760760760761       -1.7770055401267062       0.63629315610148018     
  -1.0660660660660661       -1.7327792249318223       0.73805919340875270     
  -1.0560560560560561       -1.6797210998009855       0.84038938705476007     
  -1.0460460460460461       -1.6165529875063769       0.94326067749083309     
  -1.0360360360360361       -1.5415449970870154        1.0465001350788521     
  -1.0260260260260261       -1.4523112752226064        1.1496662605876289     
  -1.0160160160160161       -1.3454626788069457        1.2518017749384387     
  -1.0060060060060061       -1.2159850333356457        1.3508643266871354     
 -0.99599599599599564       -1.0560869472504770        1.4422204597615913     
 -0.98598598598598564      -0.85334198817634710        1.5138479824180995     
 -0.97597597597597563      -0.59386492885015663        1.5284526695768246     
 -0.96596596596596562      -0.33314032793786552        1.4068866553119821     
 -0.95595595595595562      -0.19941311047100088        1.2213165718621437     
 -0.94594594594594561      -0.14062632692542740        1.0712854153788902     
 -0.93593593593593560      -0.10904443729969668       0.95380502834704339     
 -0.92592592592592560       -8.9436602786620897E-002  0.85804925109562025     
 -0.91591591591591559       -7.6129920617667088E-002  0.77719018281607455     
 -0.90590590590590558       -6.6566862845523975E-002  0.70701682221718642     
 -0.89589589589589558       -5.9426483878863255E-002  0.64479091832460245     
 -0.88588588588588557       -5.3957791661551423E-002  0.58863271593453281     
 -0.87587587587587556       -4.9703252863111259E-002  0.53718893822708069     
 -0.86586586586586556       -4.6369877847898408E-002  0.48944374086254450     
 -0.85585585585585555       -4.3763551949182238E-002  0.44460493849706095     
 -0.84584584584584555       -4.1753268877276643E-002  0.40203182072225069     
 -0.83583583583583554       -4.0250691745541300E-002  0.36118692873178770     
 -0.82582582582582553       -3.9198156291566151E-002  0.32160203775415774     
 -0.81581581581581553       -3.8561676105783246E-002  0.28285261444945792     
 -0.80580580580580552       -3.8327187078535649E-002  0.24453713167670704     
 -0.79579579579579551       -3.8499166782113937E-002  0.20625871975826715     
 -0.78578578578578551       -3.9101320976474598E-002  0.16760713005727806     
 -0.77577577577577550       -4.0179468424397284E-002  0.12813905968133951     
 -0.76576576576576549       -4.1807232637880679E-002   8.7354565119315358E-002
 -0.75575575575575549       -4.4095837839437706E-002   4.4666477740649531E-002
 -0.74574574574574548       -4.7210492168925929E-002  -6.4185037480891537E-004
 -0.73573573573573547       -5.1398108110941025E-002  -4.9478087047034658E-002
 -0.72572572572572547       -5.7035792782272825E-002 -0.10303490739449250     
 -0.71571571571571546       -6.4719967389951311E-002 -0.16294038612575845     
 -0.70570570570570545       -7.5441258264778960E-002 -0.23151067485203475     
 -0.69569569569569545       -9.0958034506183325E-002 -0.31219648378851972     
 -0.68568568568568544      -0.11467703492084878      -0.41041138021042078     
 -0.67567567567567544      -0.15409335474715713      -0.53514803190454130     
 -0.66566566566566543      -0.22895329854985161      -0.70130629719091031     
 -0.65565565565565542      -0.40194335086440258      -0.92043749125066754     
 -0.64564564564564542      -0.78653599124510420       -1.0669036661933342     
 -0.63563563563563541       -1.1935060159312134      -0.94549874912584841     
 -0.62562562562562540       -1.4610776654092934      -0.70391781570613354     
 -0.61561561561561540       -1.6201454193748468      -0.43876251217130485     
 -0.60560560560560539       -1.7046373702610325      -0.17737390621019281     
 -0.59559559559559538       -1.7349408534238713        7.2455756641719313E-002
 -0.58558558558558538       -1.7229059286559099       0.30879362583308179     
 -0.57557557557557537       -1.6751847567863773       0.53151107422246535     
 -0.56556556556556536       -1.5948187992514504       0.74084086453012254     
 -0.55555555555555536       -1.4818752368871893       0.93641932457394972     
 -0.54554554554554535       -1.3333479215928634        1.1163899676074318     
 -0.53553553553553535       -1.1420648099984654        1.2751927172924968     
 -0.52552552552552534      -0.89493575368904643        1.3964357859831762     
 -0.51551551551551533      -0.58303772089421446        1.4270098777639468     
 -0.50550550550550533      -0.30769483980015144        1.2892935308528315     
 -0.49549549549549532      -0.18112365000124148        1.1124250417254640     
 -0.48548548548548531      -0.12428470630968026       0.97790164485634612     
 -0.47547547547547531       -9.3223424468770827E-002  0.87622247100819339     
 -0.46546546546546530       -7.3853976999601473E-002  0.79612476463768700     
 -0.45545545545545529       -6.0713210393066180E-002  0.73075916026521914     
 -0.44544544544544529       -5.1270011112914744E-002  0.67593744157056845     
 -0.43543543543543528       -4.4194650611783369E-002  0.62896547808298187     
 -0.42542542542542527       -3.8722505090059457E-002  0.58802483412591522     
 -0.41541541541541527       -3.4383210984339517E-002  0.55183766175912730     
 -0.40540540540540526       -3.0871923771631476E-002  0.51947565653475447     
 -0.39539539539539525       -2.7982694140061139E-002  0.49024558418839337     
 -0.38538538538538525       -2.5571593699388318E-002  0.46361761507441851     
 -0.37537537537537524       -2.3535165931481552E-002  0.43917873562121246     
 -0.36536536536536524       -2.1797255264558155E-002  0.41660146716498980     
 -0.35535535535535523       -2.0300648074232274E-002  0.39562226928862521     
 -0.34534534534534522       -1.9001594846446052E-002  0.37602626419466184     
 -0.33533533533533522       -1.7866119930465326E-002  0.35763620071474467     
 -0.32532532532532521       -1.6867475040722984E-002  0.34030433084429335     
 -0.31531531531531520       -1.5984344498683301E-002  0.32390632994901331     
 -0.30530530530530520       -1.5199556412670737E-002  0.30833667827069683     
 -0.29529529529529519       -1.4499141615788266E-002  0.29350510508266187     
 -0.28528528528528518       -1.3871636192547067E-002  0.27933381739408319     
 -0.27527527527527518       -1.3307557563904331E-002  0.26575531584409529     
 -0.26526526526526517       -1.2799006172584728E-002  0.25271065551857169     
 -0.25525525525525516       -1.2339359377310944E-002  0.24014804764738620     
 -0.24524524524524516       -1.1923033961753454E-002  0.22802172506324658     
 -0.23523523523523515       -1.1545300372005182E-002  0.21629101351998270     
 -0.22522522522522515       -1.1202136470683847E-002  0.20491956484009607     
 -0.21521521521521514       -1.0890111914451812E-002  0.19387471796166297     
 -0.20520520520520513       -1.0606296671641008E-002  0.18312696134091444     
 -0.19519519519519513       -1.0348189002657935E-002  0.17264947555017823     
 -0.18518518518518512       -1.0113659648357184E-002  0.16241773875927987     
 -0.17517517517517511       -9.9009101876880636E-003  0.15240918038680343     
 -0.16516516516516511       -9.7084447053180940E-003  0.14260286968238819     
 -0.15515515515515510       -9.5350552571715260E-003  0.13297922631364109     
 -0.14514514514514509       -9.3798234424361630E-003  0.12351973892400155     
 -0.13513513513513509       -9.2421432151260779E-003  0.11420667449996927     
 -0.12512512512512508       -9.1217749101271985E-003  0.10502275502377059     
 -0.11511511511511507       -9.0189493880029597E-003   9.5950765902454230E-002
 -0.10510510510510507       -8.9345587025765408E-003   8.6973038287368257E-002
  -9.5095095095095061E-002  -8.8705060675628843E-003   7.8070704803034352E-002
  -8.5085085085085055E-002  -8.8303684369315256E-003   6.9222544334985689E-002
  -7.5075075075075048E-002  -8.8207167569704821E-003   6.0403059339369916E-002
  -6.5065065065065042E-002  -8.8539364197124278E-003   5.1579059793201647E-002
  -5.5055055055055035E-002  -8.9548230460420059E-003   4.2703209309201122E-002
  -4.5045045045045029E-002  -9.1779209228922565E-003   3.3701225009142639E-002
  -3.5035035035035023E-002  -9.6605776679633652E-003   2.4447009038520883E-002
  -2.5025025025025016E-002  -1.0818930228355294E-002   1.4738446983948847E-002
  -1.5015015015015010E-002  -1.4149219064413724E-002   4.7094993737246517E-003
  -5.0050050050050032E-003  -2.1158419562982075E-002  -3.7650298473689768E-004
   5.0050050050050032E-003  -2.1167991877180554E-002   3.6524811641892944E-004
   1.5015015015015010E-002  -1.4157326586074589E-002  -4.7057649313195444E-003
   2.5025025025025016E-002  -1.0821658764999643E-002  -1.4734246570894970E-002
   3.5035035035035023E-002  -9.6617203219158242E-003  -2.4443745736725680E-002
   4.5045045045045029E-002  -9.1785234273449763E-003  -3.3698587394373425E-002
   5.5055055055055035E-002  -8.9552067251560761E-003  -4.2700983104415211E-002
   6.5065065065065042E-002  -8.8542222329385627E-003  -5.1577135326006510E-002
   7.5075075075075048E-002  -8.8209582067215898E-003  -6.0401383068872938E-002
   8.5085085085085055E-002  -8.8305924399384554E-003  -6.9221092683792396E-002
   9.5095095095095061E-002  -8.8707277676631450E-003  -7.8069471285075728E-002
  0.10510510510510507       -8.9347875785744223E-003  -8.6972027023657042E-002
  0.11511511511511507       -9.0191920468846529E-003  -9.5949988245793899E-002
  0.12512512512512508       -9.1220364812657096E-003 -0.10502222777600392     
  0.13513513513513509       -9.2424281042625279E-003 -0.11420641899633706     
  0.14514514514514509       -9.3801357740494872E-003 -0.12351978062278578     
  0.15515515515515510       -9.5353991588126939E-003 -0.13297959470435430     
  0.16516516516516511       -9.7088245108213865E-003 -0.14260359841460168     
  0.17517517517517511       -9.9013306005595533E-003 -0.15241030756942839     
  0.18518518518518512       -1.0114125889376798E-002 -0.16241930740754978     
  0.19519519519519513       -1.0348706957220379E-002 -0.17265153417478268     
  0.20520520520520513       -1.0606873048309914E-002 -0.18312956468587194     
  0.21521521521521514       -1.0890754424634530E-002 -0.19387792790741268     
  0.22522522522522515       -1.1202854039332034E-002 -0.20492345149765920     
  0.23523523523523515       -1.1546103390426396E-002 -0.21629565655207270     
  0.24524524524524516       -1.1923934595896303E-002 -0.22802721527998301     
  0.25525525525525516       -1.2340371948393042E-002 -0.24015448893881411     
  0.26526526526526517       -1.2800147631981406E-002 -0.25271816720487900     
  0.27527527527527518       -1.3308848091353563E-002 -0.26576403554888334     
  0.28528528528528518       -1.3873099956795951E-002 -0.27934390457871650     
  0.29529529529529519       -1.4500807751104417E-002 -0.29351674542391387     
  0.30530530530530520       -1.5201460285164520E-002 -0.30835008912447609     
  0.31531531531531520       -1.5986529366230243E-002 -0.32392176722712374     
  0.32532532532532521       -1.6869994254341523E-002 -0.34032209774974737     
  0.33533533533533522       -1.7869039891186520E-002 -0.35765665895068294     
  0.34534534534534522       -1.9004999033005614E-002 -0.37604984850824580     
  0.35535535535535523       -2.0304642615232585E-002 -0.39564950657552234     
  0.36536536536536524       -2.1801976782038955E-002 -0.41663300190924502     
  0.37537537537537524       -2.3540792798781584E-002 -0.43921536429112262     
  0.38538538538538525       -2.5578362559597841E-002 -0.46366033342919094     
  0.39539539539539525       -2.7990924761196627E-002 -0.49029565361141786     
  0.40540540540540526       -3.0882057548245523E-002 -0.51953469911574757     
  0.41541541541541527       -3.4395872633866696E-002 -0.55190780007116658     
  0.42542542542542527       -3.8738605558051975E-002 -0.58810890279750905     
  0.43543543543543528       -4.4215567162763224E-002 -0.62906735511930634     
  0.44544544544544529       -5.1297921556840917E-002 -0.67606258821773091     
  0.45545545545545529       -6.0751760465019684E-002 -0.73091554209153575     
  0.46546546546546530       -7.3909743464009026E-002 -0.79632450533821486     
  0.47547547547547531       -9.3309539819064341E-002 -0.87648496282319222     
  0.48548548548548531      -0.12443142129396628      -0.97825931364510410     
  0.49549549549549532      -0.18141590207635461       -1.1129285579340062     
  0.50550550550550533      -0.30840294987877825       -1.2899193697574598     
  0.51551551551551533      -0.58425791322531062       -1.4271353881190758     
  0.52552552552552534      -0.89600131317016418       -1.3960357508719436     
  0.53553553553553535       -1.1429126617039960       -1.2745697290930815     
  0.54554554554554535       -1.3340271142854876       -1.1156381208967572     
  0.55555555555555536       -1.4824133764559964      -0.93556708193464577     
  0.56556556556556536       -1.5952247977223957      -0.73989605879073916     
  0.57557557557557537       -1.6754535371667758      -0.53047360621059547     
  0.58558558558558538       -1.7230194731756228      -0.30766008106749404     
  0.59559559559559538       -1.7348648929810084       -7.1222945987094249E-002
  0.60560560560560539       -1.7043151049103351       0.17870350454108525     
  0.61561561561561540       -1.6194835376704790       0.44016819030386101     
  0.62562562562562540       -1.4599207981142930       0.70532195924167507     
  0.63563563563563541       -1.1916141296284419       0.94662583150367863     
  0.64564564564564542      -0.78396713255972517        1.0668397525491817     
  0.65565565565565542      -0.40043652037978222       0.91910950457282414     
  0.66566566566566543      -0.22834720166731007       0.70019901896783343     
  0.67567567567567544      -0.15379498843175093       0.53433291290564977     
  0.68568568568568544      -0.11450385877592631       0.40978687040944012     
  0.69569569569569545       -9.0846304660903696E-002  0.31169727383047424     
  0.70570570570570545       -7.5363957509766044E-002  0.23109816037347525     
  0.71571571571571546       -6.4663738615930777E-002  0.16259061335758443     
  0.72572572572572547       -5.6993344530947745E-002  0.10273220079660966     
  0.73573573573573547       -5.1365139321898734E-002   4.9211714688123971E-002
  0.74574574574574548       -4.7184310137067670E-002   4.0417754612995384E-004
  0.75575575575575549       -4.4074676232368021E-002  -4.4881060537352031E-002
  0.76576576576576549       -4.1789888789953232E-002  -8.7550294612435825E-002
  0.77577577577577550       -4.0165098541448715E-002 -0.12831921386354822     
  0.78578578578578551       -3.9089318753873642E-002 -0.16777430076791072     
  0.79579579579579551       -3.8489088574612577E-002 -0.20641499815821968     
  0.80580580580580552       -3.8318704319962073E-002 -0.24468423840368958     
  0.81581581581581553       -3.8554544400021831E-002 -0.28299199380663781     
  0.82582582582582553       -3.9192195181599582E-002 -0.32173492820033878     
  0.83583583583583554       -4.0245771721415635E-002 -0.36131441782246665     
  0.84584584584584555       -4.1749303720209872E-002 -0.40215489027491608     
  0.85585585585585555       -4.3760495565329814E-002 -0.44472450450097695     
  0.86586586586586556       -4.6367725670220891E-002 -0.48956069225661503     
  0.87587587587587556       -4.9702049031254324E-002 -0.53730417913334694     
  0.88588588588588557       -5.3957645058721262E-002 -0.58874721758077631     
  0.89589589589589558       -5.9427599858275997E-002 -0.64490579058677844     
  0.90590590590590558       -6.6569606047162236E-002 -0.70713342249016731     
  0.91591591591591559       -7.6134946112102711E-002 -0.77731029645514194     
  0.92592592592592560       -8.9445155543408816E-002 -0.85817541342752457     
  0.93593593593593560      -0.10905912862758235      -0.95394113038561290     
  0.94594594594594561      -0.14065352377940901       -1.0714377799983519     
  0.95595595595595562      -0.19947187571143218       -1.2214939735210242     
  0.96596596596596562      -0.33328758054163249       -1.4070685433148533     
  0.97597597597597563      -0.59406654286758265       -1.5285157414820485     
  0.98598598598598564      -0.85348845812221430       -1.5138403737289847     
  0.99599599599599564       -1.0561861954182603       -1.4421956808600898     
   1.0060060060060056       -1.2160526720504024       -1.3508383332464875     
   1.0160160160160157       -1.3455088271323150       -1.2517797017005823     
   1.0260260260260257       -1.4523424369563829       -1.1496497921860707     
   1.0360360360360357       -1.5415655467404601       -1.0464896558174157     
   1.0460460460460457       -1.6165659914830748      -0.94325603055519591     
   1.0560560560560557       -1.6797287782245318      -0.84039018335294413     
   1.0660660660660657       -1.7327832255869109      -0.73806494939705747     
   1.0760760760760757       -1.7770071094731330      -0.63630335856268261     
   1.0860860860860857       -1.8133522009885852      -0.53503986792418634     
   1.0960960960960957       -1.8425238685836518      -0.43415361915751782     
   1.1061061061061057       -1.8650316012743717      -0.33348795573766199     
   1.1161161161161157       -1.8812271399462754      -0.23286786270315787     
   1.1261261261261257       -1.8913325464065351      -0.13208001958022331     
   1.1361361361361357       -1.8954131394547531       -3.0901363938805756E-002
   1.1461461461461457       -1.8934204282122298        7.0896855949393267E-002
   1.1561561561561557       -1.8851717433649273       0.17356191785905742     
   1.1661661661661658       -1.8703335309852356       0.27735318966329442     
   1.1761761761761758       -1.8483948643189676       0.38253850050246907     
   1.1861861861861858       -1.8186224565737155       0.48938655562084549     
   1.1961961961961958       -1.7799820388189023       0.59814058743666798     
   1.2062062062062058       -1.7310454348784194       0.70886105159816415     
   1.2162162162162158       -1.6704995799324853       0.82154193230690964     
   1.2262262262262258       -1.5954364001792172       0.93694857119327557     
   1.2362362362362358       -1.5017990261673364        1.0541242992453626     
   1.2462462462462458       -1.3842850584234303        1.1716379664090288     
   1.2562562562562558       -1.2344987596930659        1.2860005548611952     
   1.2662662662662658       -1.0389347731808294        1.3877926445485287     
   1.2762762762762758      -0.77789627336049194        1.4480607460118420     
   1.2862862862862858      -0.46576057346531657        1.3816047772322726     
   1.2962962962962958      -0.26265114666415484        1.1792580319645847     
   1.3063063063063058      -0.17691345848509960       0.99564286058480855     
   1.3163163163163158      -0.13449802881664377       0.85162487372993256     
   1.3263263263263259      -0.10987531231953408       0.73449461659421000     
   1.3363363363363359       -9.4076656631605304E-002  0.63517351978687187     
   1.3463463463463459       -8.3336364015266159E-002  0.54804618846504616     
   1.3563563563563559       -7.5818020979773193E-002  0.46949868225840352     
   1.3663663663663659       -7.0526933662443725E-002  0.39705151690892732     
   1.3763763763763759       -6.6892734771631421E-002  0.32889057493988832     
   1.3863863863863859       -6.4570039860647202E-002  0.26360630399490043     
   1.3963963963963959       -6.3368924246787917E-002  0.20001895932623048     
   1.4064064064064059       -6.3196907010540079E-002  0.13709416857995635     
   1.4164164164164168       -6.4037546643876703E-002   7.3843775912807968E-002
   1.4264264264264268       -6.5951653862697163E-002   9.2573130513273066E-003
   1.4364364364364368       -6.9087784031281935E-002  -5.7772479405378802E-002
   1.4464464464464468       -7.3712026494751393E-002 -0.12854234154251098     
   1.4564564564564568       -8.0269014966337593E-002 -0.20466876690752447     
   1.4664664664664668       -8.9503411549679376E-002 -0.28829037780144662     
   1.4764764764764768      -0.10271408405120708      -0.38240854720944023     
   1.4864864864864868      -0.12233697317105827      -0.49150096556926337     
   1.4964964964964969      -0.15346895953734280      -0.62267771031833019     
   1.5065065065065069      -0.20862057842009832      -0.78767314957299917     
   1.5165165165165169      -0.32550284194073964       -1.0016514899681548     
   1.5265265265265269      -0.60351802361738560       -1.2168013043475410     
   1.5365365365365369      -0.98370281809784099       -1.2321586011785077     
   1.5465465465465469       -1.2716407058120218       -1.1063426875382087     
   1.5565565565565569       -1.4698120803155994      -0.94454289178313533     
   1.5665665665665669       -1.6080108956531323      -0.77896703530593481     
   1.5765765765765769       -1.7054618635570389      -0.61902483673746334     
   1.5865865865865869       -1.7739911477122940      -0.46737091305866330     
   1.5965965965965969       -1.8211604684789477      -0.32436930391874902     
   1.6066066066066069       -1.8520005110112387      -0.18956305176779706     
   1.6166166166166169       -1.8699655718758510       -6.2221139551981948E-002
   1.6266266266266269       -1.8774829597276541        5.8443899025595693E-002
   1.6366366366366369       -1.8762832379485392       0.17318668376544066     
   1.6466466466466469       -1.8676184598083529       0.28269366102820492     
   1.6566566566566570       -1.8523804677366333       0.38760235139346727     
   1.6666666666666670       -1.8311800414998953       0.48845674852266430     
   1.6766766766766770       -1.8044317035306925       0.58573728220879073     
   1.6866866866866870       -1.7723750745727551       0.67986716668648450     
   1.6966966966966970       -1.7350981100648493       0.77121434132486921     
   1.7067067067067070       -1.6925477260903208       0.86009487198689560     
   1.7167167167167170       -1.6445287611983368       0.94677380011899548     
   1.7267267267267270       -1.5906899392137637        1.0314603612081517     
   1.7367367367367370       -1.5304974417741051        1.1142808276633720     
   1.7467467467467470       -1.4633031272933987        1.1952568448945939     
   1.7567567567567570       -1.3880657547713695        1.2745539068305265     
   1.7667667667667670       -1.3032005520908989        1.3518499624332068     
   1.7767767767767770       -1.2066876914379072        1.4265653003208631     
   1.7867867867867870       -1.0955089432625142        1.4974040602491228     
   1.7967967967967970      -0.96594154588785097        1.5616080378651924     
   1.8068068068068071      -0.81063929284029135        1.6155670527964550     
   1.8168168168168171      -0.61692150581972338        1.6422703132329655     
   1.8268268268268271      -0.38715285165335728        1.5924505951829089     
   1.8368368368368371      -0.21965473983765660        1.4375373109126621     
   1.8468468468468471      -0.14742810319794530        1.2862799769012014     
   1.8568568568568571      -0.11346321248505223        1.1662396725672746     
   1.8668668668668671       -9.6823114593907092E-002   1.0675060607560638     
   1.8768768768768771       -9.6006567716978741E-002  0.98527158201648135     
   1.8868868868868871      -0.10000022014361389       0.93956085930249422     
   1.8968968968968971       -7.3437405666245181E-002  0.89021018640777583     
   1.9069069069069071       -5.9319779996480866E-002  0.83096583728300155     
   1.9169169169169171       -5.2220286274372724E-002  0.77699455161868169     
   1.9269269269269271       -4.7778284243092425E-002  0.72772640880071227     
   1.9369369369369371       -4.4712955245836829E-002  0.68189453155234647     
   1.9469469469469471       -4.2578501466162370E-002  0.63856195123047588     
   1.9569569569569571       -4.1296566047908538E-002  0.59702661166790272     
   1.9669669669669672       -4.1251765347446810E-002  0.55710456206764070     
   1.9769769769769772       -4.0999320557461472E-002  0.52005754225168177     
   1.9869869869869872       -3.9336388269505258E-002  0.48198435714560001     
   1.9969969969969972       -3.8904430692321662E-002  0.44333228311159689     
   2.0070070070070072       -3.9165506001190689E-002  0.40454396111789231     
   2.0170170170170172       -3.9906711323875840E-002  0.36513251826930104     
   2.0270270270270272       -4.1183776535655844E-002  0.32474742119047739     
   2.0370370370370372       -4.2960438369067974E-002  0.28289160699720373     
   2.0470470470470472       -4.5346302799159653E-002  0.23898145859287037     
   2.0570570570570572       -4.8482982081831251E-002  0.19237175435089204     
   2.0670670670670672       -5.2567639097404542E-002  0.14224740299920050     
   2.0770770770770772       -5.7898208349175612E-002   8.7563221548206713E-002
   2.0870870870870872       -6.4930245925954685E-002   2.6930403966051300E-002
   2.0970970970970972       -7.4390035978823377E-002  -4.1565538105982194E-002
   2.1071071071071072       -8.7500180055255783E-002 -0.12067588223232423     
   2.1171171171171173      -0.10647679183436856      -0.21454710966258023     
   2.1271271271271273      -0.13576138264844750      -0.32977556875586872     
   2.1371371371371373      -0.18560796463628337      -0.47737529613994356     
   2.1471471471471473      -0.28477786733066868      -0.67467216807672681     
   2.1571571571571573      -0.52454206177242613      -0.91625301274168203     
   2.1671671671671673      -0.96931738570033033      -0.99123699686678113     
   2.1771771771771773       -1.3399946730137031      -0.81639557719677147     
   2.1871871871871873       -1.5652860714264658      -0.57410057944699355     
   2.1971971971971973       -1.6949679074478976      -0.33374458680348029     
   2.2072072072072073       -1.7644999012466762      -0.11173869227127248     
   2.2172172172172173       -1.7946699025488886        8.9389168414884312E-002
   2.2272272272272273       -1.7979430162620094       0.27092807968548444     
   2.2372372372372373       -1.7820772326368461       0.43510614666521935     
   2.2472472472472473       -1.7520487958541648       0.58419331207497982     
   2.2572572572572573       -1.7111114953766713       0.72022762234585591     
   2.2672672672672673       -1.6614029322890946       0.84495110977285437     
   2.2772772772772774       -1.6043092365496088       0.95981618901538801     
   2.2872872872872874       -1.5406655781326390        1.0660175960057674     
   2.2972972972972974       -1.4709599062560867        1.1644743792462429     
   2.3073073073073074       -1.3953140753436295        1.2561164492988992     
   2.3173173173173174       -1.3133393590486677        1.3414511787413435     
   2.3273273273273274       -1.2244805796071518        1.4207875986251515     
   2.3373373373373374       -1.1276992224970301        1.4942173772404204     
   2.3473473473473474       -1.0213048320576277        1.5614147078616398     
   2.3573573573573574      -0.90259193981401475        1.6212760696467847     
   2.3673673673673674      -0.76712359577382783        1.6709080037756618     
   2.3773773773773774      -0.60770771004787760        1.7023155995315389     
   2.3873873873873874      -0.41716784039847454        1.6903971307051913     
   2.3973973973973974      -0.24044873866810479        1.5854641375494380     
   2.4074074074074074      -0.15575785097367426        1.4536718845566721     
   2.4174174174174174      -0.11149223787307275        1.3477833732391025     
   2.4274274274274275       -8.7793082000623343E-002   1.2576193176134174     
   2.4374374374374375       -7.8071941121190536E-002   1.1802589189309050     
   2.4474474474474475       -8.3507618392360414E-002   1.1105373492232185     
   2.4574574574574575      -0.12365133276428883        1.0620601502831317     
   2.4674674674674675      -0.13242342697814846        1.1017091074769192     
   2.4774774774774775       -7.2253632637209200E-002   1.0786587446691163     
   2.4874874874874875       -4.8178265900407670E-002   1.0323173718974032     
   2.4974974974974975       -3.7927382290178932E-002  0.99266180059796827     
   2.5075075075075075       -3.2310057452336782E-002  0.95877560801134798     
   2.5175175175175175       -2.8748441311624701E-002  0.92885486848592569     
   2.5275275275275275       -2.6395909162717373E-002  0.90169147861361854     
   2.5375375375375375       -2.5028942003703539E-002  0.87638866474985233     
   2.5475475475475475       -2.4887700361360003E-002  0.85209835584508153     
   2.5575575575575575       -2.7169149675621809E-002  0.82781583787963031     
   2.5675675675675675       -3.6533840949669640E-002  0.80314596245195402     
   2.5775775775775776       -6.4437153277838555E-002  0.79411822847706637     
   2.5875875875875876       -5.5004229033730756E-002  0.82079423477461000     
   2.5975975975975976       -2.9818275862368238E-002  0.80562643182471894     
   2.6076076076076076       -2.1186804150337395E-002  0.78508494840505361     
   2.6176176176176176       -1.8291794275904761E-002  0.76748263888947421     
   2.6276276276276276       -1.6915782389922834E-002  0.75371061910291282     
   2.6376376376376376       -1.4404719504525701E-002  0.74035612235936110     
   2.6476476476476476       -1.3138787477918922E-002  0.72721043445001687     
   2.6576576576576576       -1.2867093311217239E-002  0.71528269746854467     
   2.6676676676676676       -1.2026490130108120E-002  0.70508461156830315     
   2.6776776776776776       -1.0770909580339934E-002  0.69448679189811602     
   2.6876876876876876       -1.0029224024269576E-002  0.68424012940348544     
   2.6976976976976976       -9.4876147597371310E-003  0.67452807123317582     
   2.7077077077077076       -9.0383446199668715E-003  0.66528532855450373     
   2.7177177177177176       -8.6454328355935733E-003  0.65645427232498188     
   2.7277277277277276       -8.2930780600467113E-003  0.64799155297998645     
   2.7377377377377377       -7.9723653314671943E-003  0.63986328400455783     
   2.7477477477477477       -7.6776238012551444E-003  0.63204083256372390     
   2.7577577577577577       -7.4054289927808275E-003  0.62450051291032116     
   2.7677677677677677       -7.1528535381083364E-003  0.61722176302086840     
   2.7777777777777777       -6.9176654387726544E-003  0.61018631813010227     
   2.7877877877877877       -6.6981165572239489E-003  0.60337781984621031     
   2.7977977977977977       -6.4928153316894171E-003  0.59678144254550158     
   2.8078078078078077       -6.3006612718519272E-003  0.59038358886305053     
   2.8178178178178177       -6.1208166516107700E-003  0.58417162643713927     
   2.8278278278278277       -5.9527108685733087E-003  0.57813363738444579     
   2.8378378378378377       -5.7960857215039324E-003  0.57225814970688649     
   2.8478478478478477       -5.6511086628199241E-003  0.56653380805050080     
   2.8578578578578577       -5.5186261575384775E-003  0.56094891467085317     
   2.8678678678678677       -5.4007742730683463E-003  0.55549074424048850     
   2.8778778778778777       -5.3026042525139167E-003  0.55014497411411301     
   2.8878878878878878       -5.2308686288111044E-003  0.54489740331743164     
   2.8978978978978978       -5.1972522018549645E-003  0.53971275768657490     
   2.9079079079079078       -5.2609170602223639E-003  0.53454607032012580     
   2.9179179179179178       -5.5723723875751655E-003  0.52935244891093580     
   2.9279279279279278       -6.5421885181137290E-003  0.52420067265473813     
   2.9379379379379378       -8.9788266763780097E-003  0.52078209404703957     
   2.9479479479479478       -7.6530325090171389E-003  0.51974249705958109     
   2.9579579579579578       -5.5968187711895575E-003  0.51519324057730675     
   2.9679679679679678       -4.8688427934307950E-003  0.51033344657668844     
   2.9779779779779778       -4.5557678017356289E-003  0.50572055071758937     
   2.9879879879879878       -4.3916783161458087E-003  0.50128580824251512     
   2.9979979979979978       -4.3072482652691760E-003  0.49696319238695186     
   3.0080080080080087       -4.3035575584275849E-003  0.49271057276032237     
   3.0180180180180187       -4.4029073924424112E-003  0.48858020300566035     
   3.0280280280280287       -4.4009337439916661E-003  0.48447614590578175     
   3.0380380380380387       -4.5730172069866851E-003  0.48015683740699366     
   3.0480480480480487       -5.2212441489814018E-003  0.47571940211913194     
   3.0580580580580587       -6.5092875641390210E-003  0.47192555552532456     
   3.0680680680680688       -7.2269734191947920E-003  0.46774133641302157     
   3.0780780780780788       -1.1226662829971687E-002  0.46297498340699433     
   3.0880880880880888       -1.6983060774202943E-002  0.46739329348902192     
   3.0980980980980988       -9.6214469127825046E-003  0.46933916886714533     
   3.1081081081081088       -5.9343578052553046E-003  0.46441628535560814     
   3.1181181181181188       -4.6894864983392298E-003  0.45970595690187649     
   3.1281281281281288       -4.2004565623943047E-003  0.45545941036400184     
   3.1381381381381388       -4.0469466362720767E-003  0.45145285896770931     
   3.1481481481481488       -4.1988709243061060E-003  0.44751631361648231     
   3.1581581581581588       -5.0116688841753054E-003  0.44368624377499488     
   3.1681681681681688       -6.2280520885459427E-003  0.44149726660140665     
   3.1781781781781788       -5.3201851969456836E-003  0.43869537885814769     
   3.1881881881881888       -5.9014416964507715E-003  0.43442141742611995     
   3.1981981981981988       -9.1561005448983178E-003  0.43170857932112922     
   3.2082082082082088       -8.5019505409700546E-003  0.43325924825690593     
   3.2182182182182189       -6.0251041381725549E-003  0.42958419005945825     
   3.2282282282282289       -6.3892672344496009E-003  0.42472391902376183     
   3.2382382382382389       -1.0081446261214764E-002  0.42050378634627988     
   3.2482482482482489       -1.5712444183686881E-002  0.42394785782447786     
   3.2582582582582589       -9.5464996265671662E-003  0.42714374716407311     
   3.2682682682682689       -6.1940380434392529E-003  0.42350844833037316     
   3.2782782782782789       -4.4506127430954572E-003  0.42016650915327580     
   3.2882882882882889       -3.5705588283824591E-003  0.41665222653121953     
   3.2982982982982989       -3.2350791805158636E-003  0.41342102070329589     
   3.3083083083083089       -3.2452671106650145E-003  0.41045167484769401     
   3.3183183183183189       -3.3498446584528194E-003  0.40804164228664580     
   3.3283283283283289       -3.1743077996375861E-003  0.40550926090083761     
   3.3383383383383389       -3.3743310291839707E-003  0.40325019129020917     
   3.3483483483483489       -3.0682230403198730E-003  0.40133927376502720     
   3.3583583583583589       -2.6103760017983130E-003  0.39895732085127622     
   3.3683683683683689       -2.4156304067018898E-003  0.39652784737727581     
   3.3783783783783790       -2.3143550505503032E-003  0.39418428865304678     
   3.3883883883883890       -2.2469709480396637E-003  0.39191087134664598     
   3.3983983983983990       -2.1954011894488802E-003  0.38969235885850051     
   3.4084084084084090       -2.1528160246737688E-003  0.38751907250701173     
   3.4184184184184190       -2.1161441349172630E-003  0.38538454952102130     
   3.4284284284284290       -2.0838410521522941E-003  0.38328408020321486     
   3.4384384384384390       -2.0550959643268070E-003  0.38121392389542952     
   3.4484484484484490       -2.0295150313104126E-003  0.37917085745019596     
   3.4584584584584590       -2.0069940351882119E-003  0.37715187603425143     
   3.4684684684684690       -1.9876859528081942E-003  0.37515395159551296     
   3.4784784784784790       -1.9720380680363038E-003  0.37317378679281465     
   3.4884884884884890       -1.9609115377947528E-003  0.37120750416876136     
   3.4984984984984990       -1.9558411357672666E-003  0.36925018508068208     
   3.5085085085085090       -1.9595852149253087E-003  0.36729510523809406     
   3.5185185185185190       -1.9773592861198402E-003  0.36533235847713796     
   3.5285285285285291       -2.0198921556722977E-003  0.36334621507967346     
   3.5385385385385391       -2.1121067411748644E-003  0.36130991610191476     
   3.5485485485485491       -2.3225682312865920E-003  0.35917728200944926     
   3.5585585585585591       -2.8825949583857380E-003  0.35690526671313277     
   3.5685685685685691       -4.4282588182102964E-003  0.35503138394167200     
   3.5785785785785791       -5.5436361084793143E-003  0.35540087003948667     
   3.5885885885885891       -4.0270022732116851E-003  0.35458511367278561     
   3.5985985985985991       -4.1581119065664139E-003  0.35242703787306362     
   3.6086086086086091       -4.3708887578778194E-003  0.35206556657686766     
   3.6186186186186191       -2.9779614197901210E-003  0.35070378746841696     
   3.6286286286286291       -2.3805995326221462E-003  0.34847902608111214     
   3.6386386386386391       -2.2361182678714256E-003  0.34630064337534244     
   3.6486486486486491       -2.3380678624346381E-003  0.34413336333451588     
   3.6586586586586591       -2.8477460199393284E-003  0.34191224821057975     
   3.6686686686686691       -4.2815926566008291E-003  0.34037034737389427     
   3.6786786786786791       -4.1016097521276119E-003  0.34016197640217022     
   3.6886886886886892       -3.9577886807087423E-003  0.33785913331830375     
   3.6986986986986992       -6.2975532949952149E-003  0.33635161833403526     
   3.7087087087087092       -6.0712532279171292E-003  0.33892583387436687     
   3.7187187187187192       -3.3590591346368028E-003  0.33750437311189180     
   3.7287287287287292       -2.4344629459746845E-003  0.33518533559357461     
   3.7387387387387392       -2.1223690078334963E-003  0.33306238516462511     
   3.7487487487487492       -2.0503560910864610E-003  0.33105678341378475     
   3.7587587587587592       -2.1797327075366449E-003  0.32905790389706457     
   3.7687687687687692       -2.7402507791898833E-003  0.32701669523100102     
   3.7787787787787792       -4.3202213629175684E-003  0.32585001090663268     
   3.7887887887887892       -3.7798608937890154E-003  0.32638578912038840     
   3.7987987987987992       -2.6692859811595433E-003  0.32459179060428817     
   3.8088088088088092       -2.5083429128428675E-003  0.32254514462062278     
   3.8188188188188192       -2.6692599953141920E-003  0.32036864429648532     
   3.8288288288288292       -3.6415596712544461E-003  0.31787939339441945     
   3.8388388388388393       -6.9340184887170097E-003  0.31595492795764080     
   3.8488488488488493       -9.4683296784206263E-003  0.32054578421350371     
   3.8588588588588593       -4.8507130582379106E-003  0.32118178941440634     
   3.8688688688688693       -3.1518957882489050E-003  0.31868195456492576     
   3.8788788788788793       -3.0888625238852424E-003  0.31669288224112607     
   3.8888888888888893       -2.7008824661070370E-003  0.31569244307268024     
   3.8988988988988993       -2.1998933227063131E-003  0.31394463890846452     
   3.9089089089089093       -2.4294318240218856E-003  0.31223975373614726     
   3.9189189189189193       -2.8234123774342184E-003  0.31145922097029766     
   3.9289289289289293       -2.1974652201598218E-003  0.31074417475648330     
   3.9389389389389393       -1.6660416066422317E-003  0.30927773161660660     
   3.9489489489489493       -1.4693748384991070E-003  0.30780103791334795     
   3.9589589589589593       -1.3828353877119229E-003  0.30640290574808515     
   3.9689689689689693       -1.3434851528341886E-003  0.30505439025233566     
   3.9789789789789793       -1.3406333762336427E-003  0.30372945529490419     
   3.9889889889889893       -1.3994403744164890E-003  0.30240528139972467     
   3.9989989989989994       -1.6387292750690641E-003  0.30110708102089723     
   4.0090090090090094       -2.0500045321728065E-003  0.30031984436970199     
   4.0190190190190194       -1.6724519702682617E-003  0.29964193397310140     
   4.0290290290290294       -1.3485765571419586E-003  0.29842741330893330     
   4.0390390390390394       -1.2309844190317571E-003  0.29719301098032702     
   4.0490490490490494       -1.1774462680340500E-003  0.29600363297926485     
   4.0590590590590594       -1.1465689056802729E-003  0.29484670094263105     
   4.0690690690690694       -1.1257870526747535E-003  0.29371243464494745     
   4.0790790790790794       -1.1104687804761760E-003  0.29259498437289938     
   4.0890890890890894       -1.0986769465336453E-003  0.29149056964309100     
   4.0990990990990994       -1.0896033603090549E-003  0.29039640231916075     
   4.1091091091091094       -1.0830595199943904E-003  0.28931008032653471     
   4.1191191191191194       -1.0793857158514959E-003  0.28822915437988383     
   4.1291291291291294       -1.0797023050763506E-003  0.28715066696060015     
   4.1391391391391394       -1.0868846746598841E-003  0.28607045983644519     
   4.1491491491491495       -1.1090853606953331E-003  0.28498219106450806     
   4.1591591591591595       -1.1744956821309388E-003  0.28388047352201495     
   4.1691691691691695       -1.3654769184670605E-003  0.28284237009413271     
   4.1791791791791795       -1.3779616334927821E-003  0.28207568114419995     
   4.1891891891891895       -1.2135195631746171E-003  0.28101641087364548     
   4.1991991991991995       -1.1878467804472591E-003  0.27986444267936228     
   4.2092092092092095       -1.2363765629767099E-003  0.27868224298377575     
   4.2192192192192195       -1.3763142545946795E-003  0.27743463750795416     
   4.2292292292292295       -1.7485951403407563E-003  0.27608115569817471     
   4.2392392392392395       -2.8119613609721337E-003  0.27494038951154326     
   4.2492492492492495       -3.3422695805550465E-003  0.27521646315097592     
   4.2592592592592595       -3.3806728893397988E-003  0.27440394161073950     
   4.2692692692692695       -3.5009588751287947E-003  0.27445558356201144     
   4.2792792792792795       -3.2457092760319189E-003  0.27428785582123832     
   4.2892892892892895       -2.0917542125190067E-003  0.27362744075998074     
   4.2992992992992995       -1.5779929467108788E-003  0.27220085697376423     
   4.3093093093093096       -1.4827330274310038E-003  0.27080369681353483     
   4.3193193193193196       -1.6841097427992330E-003  0.26942326072348000     
   4.3293293293293296       -2.4570065859005883E-003  0.26834511063282851     
   4.3393393393393396       -2.5363973130835714E-003  0.26833398073499515     
   4.3493493493493496       -2.1318757733280345E-003  0.26708527493606299     
   4.3593593593593596       -2.9285037001814430E-003  0.26559842919141380     
   4.3693693693693696       -4.5685507269066306E-003  0.26628094497818999     
   4.3793793793793796       -2.8497407388833203E-003  0.26695403417555646     
   4.3893893893893896       -1.8137117497044573E-003  0.26569450496966501     
   4.3993993993993996       -1.4361155837437399E-003  0.26432970255290078     
   4.4094094094094096       -1.3509398756195170E-003  0.26302857788658485     
   4.4194194194194196       -1.4624437217532434E-003  0.26172546456126444     
   4.4294294294294296       -1.9444797358693768E-003  0.26034901929773058     
   4.4394394394394396       -3.5036618011205600E-003  0.25944294616420649     
   4.4494494494494496       -3.9024051155259211E-003  0.26125584312574723     
   4.4594594594594597       -2.0886624376564534E-003  0.26076535445381693     
   4.4694694694694697       -1.4577279330663764E-003  0.25943191378393915     
   4.4794794794794797       -1.2922996763203790E-003  0.25819096904168104     
   4.4894894894894897       -1.3954259618423901E-003  0.25701225447723403     
   4.4994994994994997       -1.9627586823091777E-003  0.25610139182985781     
   4.5095095095095097       -2.0196387473584336E-003  0.25615479223481102     
   4.5195195195195197       -1.5606461210484126E-003  0.25542193716726813     
   4.5295295295295297       -1.2747676199462382E-003  0.25468952862982153     
   4.5395395395395397       -1.0388385762933894E-003  0.25373895741926605     
   4.5495495495495497       -9.6277107723745131E-004  0.25278664815590346     
   4.5595595595595597       -9.6521434672659442E-004  0.25185594826648983     
   4.5695695695695697       -1.0736824463861816E-003  0.25092558879636478     
   4.5795795795795797       -1.4494208953523160E-003  0.25015181857462226     
   4.5895895895895897       -1.4546622141256127E-003  0.24996376772899873     
   4.5995995995995997       -1.1145592477918914E-003  0.24919509182273616     
   4.6096096096096097       -1.1417640925925458E-003  0.24834932879155250     
   4.6196196196196198       -1.1123213723546602E-003  0.24781352484631974     
   4.6296296296296298       -9.0435468725629789E-004  0.24705486773269017     
   4.6396396396396398       -8.3098966661585114E-004  0.24623454825615934     
   4.6496496496496498       -8.1805825024773105E-004  0.24543228478075654     
   4.6596596596596598       -8.6760625367762539E-004  0.24464788792721531     
   4.6696696696696698       -9.9409856842694625E-004  0.24401183795277084     
   4.6796796796796798       -8.6954579758365634E-004  0.24343560249027899     
   4.6896896896896898       -7.7579456949029737E-004  0.24269046716095496     
   4.6996996996996998       -7.4275625221230206E-004  0.24194639970342394     
   4.7097097097097098       -7.2982035531495091E-004  0.24121520843717104     
   4.7197197197197198       -7.2800030035486503E-004  0.24049043998606359     
   4.7297297297297298       -7.4091897136259932E-004  0.23976532726998240     
   4.7397397397397398       -7.9327531391624952E-004  0.23903752134012646     
   4.7497497497497498       -9.4430291016050659E-004  0.23839775689723500     
   4.7597597597597598       -8.8543521131137829E-004  0.23793617400415709     
   4.7697697697697699       -7.5718791714659433E-004  0.23725072667529093     
   4.7797797797797799       -7.1414751430892535E-004  0.23653900196739250     
   4.7897897897897899       -6.9833954778450089E-004  0.23583906213888595     
   4.7997997997997999       -6.9311557474410616E-004  0.23514599871306360     
   4.8098098098098099       -6.9483194118907451E-004  0.23445431376481921     
   4.8198198198198199       -7.0493322572349657E-004  0.23375850081415286     
   4.8298298298298299       -7.3173639769217853E-004  0.23305152932235304     
   4.8398398398398399       -8.0635269073918621E-004  0.23232981896985502     
   4.8498498498498499       -9.9594831425829557E-004  0.23169569928482542     
   4.8598598598598599       -9.6239338138458285E-004  0.23121905220229358     
   4.8698698698698699       -9.2295613333498374E-004  0.23046413554037673     
   4.8798798798798799       -1.1514096650470269E-003  0.22970493851424784     
   4.8898898898898899       -1.3833082426952966E-003  0.22943759028988839     
   4.8998998998998999       -1.0749798009023043E-003  0.22886116968400219     
   4.9099099099099099       -1.0706978882048951E-003  0.22797350488602777     
   4.9199199199199199       -1.4424622250388162E-003  0.22710956144929004     
   4.9299299299299300       -1.9639160236314774E-003  0.22681871347953420     
   4.9399399399399400       -2.2044604292348600E-003  0.22669705557749817     
   4.9499499499499500       -1.9911143351398946E-003  0.22652419255560757     
   4.9599599599599600       -1.6618225882000823E-003  0.22642462944133840     
   4.9699699699699700       -1.1026469998263438E-003  0.22568379708604300     
   4.9799799799799800       -9.2994083213552431E-004  0.22479701499351754     
   4.9899899899899900       -9.3225997283700969E-004  0.22393411486655593     
   5.0000000000000000       -1.1293041515717456E-003  0.22307668400043495     
