       1       1
       4       1
       7       1
      13       1
      61       1
     121       1
     241       1
       2       2
       4       2
       9       2
      15       2
      62       2
     122       2
     242       2
       3       3
       4       3
      10       3
      16       3
      63       3
     123       3
     243       3
       1       4
       2       4
       3       4
       4       4
      64       4
     124       4
     244       4
       5       5
       7       5
       9       5
      18       5
      65       5
     125       5
     245       5
       6       6
       7       6
      10       6
      19       6
      66       6
     126       6
     246       6
       1       7
       5       7
       6       7
       7       7
      67       7
     127       7
     247       7
       8       8
       9       8
      10       8
      20       8
      68       8
     128       8
     248       8
       2       9
       5       9
       8       9
       9       9
      69       9
     129       9
     249       9
       3      10
       6      10
       8      10
      10      10
      70      10
     130      10
     250      10
      11      11
      13      11
      15      11
      18      11
      71      11
     131      11
     251      11
      12      12
      13      12
      16      12
      19      12
      72      12
     132      12
     252      12
       1      13
      11      13
      12      13
      13      13
      73      13
     133      13
     253      13
      14      14
      15      14
      16      14
      20      14
      74      14
     134      14
     254      14
       2      15
      11      15
      14      15
      15      15
      75      15
     135      15
     255      15
       3      16
      12      16
      14      16
      16      16
      76      16
     136      16
     256      16
      17      17
      18      17
      19      17
      20      17
      77      17
     137      17
     257      17
       5      18
      11      18
      17      18
      18      18
      78      18
     138      18
     258      18
       6      19
      12      19
      17      19
      19      19
      79      19
     139      19
     259      19
       8      20
      14      20
      17      20
      20      20
      80      20
     140      20
     260      20
      21      21
      24      21
      27      21
      33      21
      61      21
     161      21
     281      21
      22      22
      24      22
      29      22
      35      22
      62      22
     162      22
     282      22
      23      23
      24      23
      30      23
      36      23
      63      23
     163      23
     283      23
      21      24
      22      24
      23      24
      24      24
      64      24
     164      24
     284      24
      25      25
      27      25
      29      25
      38      25
      65      25
     165      25
     285      25
      26      26
      27      26
      30      26
      39      26
      66      26
     166      26
     286      26
      21      27
      25      27
      26      27
      27      27
      67      27
     167      27
     287      27
      28      28
      29      28
      30      28
      40      28
      68      28
     168      28
     288      28
      22      29
      25      29
      28      29
      29      29
      69      29
     169      29
     289      29
      23      30
      26      30
      28      30
      30      30
      70      30
     170      30
     290      30
      31      31
      33      31
      35      31
      38      31
      71      31
     171      31
     291      31
      32      32
      33      32
      36      32
      39      32
      72      32
     172      32
     292      32
      21      33
      31      33
      32      33
      33      33
      73      33
     173      33
     293      33
      34      34
      35      34
      36      34
      40      34
      74      34
     174      34
     294      34
      22      35
      31      35
      34      35
      35      35
      75      35
     175      35
     295      35
      23      36
      32      36
      34      36
      36      36
      76      36
     176      36
     296      36
      37      37
      38      37
      39      37
      40      37
      77      37
     177      37
     297      37
      25      38
      31      38
      37      38
      38      38
      78      38
     178      38
     298      38
      26      39
      32      39
      37      39
      39      39
      79      39
     179      39
     299      39
      28      40
      34      40
      37      40
      40      40
      80      40
     180      40
     300      40
      41      41
      44      41
      47      41
      53      41
      61      41
     181      41
     301      41
      42      42
      44      42
      49      42
      55      42
      62      42
     182      42
     302      42
      43      43
      44      43
      50      43
      56      43
      63      43
     183      43
     303      43
      41      44
      42      44
      43      44
      44      44
      64      44
     184      44
     304      44
      45      45
      47      45
      49      45
      58      45
      65      45
     185      45
     305      45
      46      46
      47      46
      50      46
      59      46
      66      46
     186      46
     306      46
      41      47
      45      47
      46      47
      47      47
      67      47
     187      47
     307      47
      48      48
      49      48
      50      48
      60      48
      68      48
     188      48
     308      48
      42      49
      45      49
      48      49
      49      49
      69      49
     189      49
     309      49
      43      50
      46      50
      48      50
      50      50
      70      50
     190      50
     310      50
      51      51
      53      51
      55      51
      58      51
      71      51
     191      51
     311      51
      52      52
      53      52
      56      52
      59      52
      72      52
     192      52
     312      52
      41      53
      51      53
      52      53
      53      53
      73      53
     193      53
     313      53
      54      54
      55      54
      56      54
      60      54
      74      54
     194      54
     314      54
      42      55
      51      55
      54      55
      55      55
      75      55
     195      55
     315      55
      43      56
      52      56
      54      56
      56      56
      76      56
     196      56
     316      56
      57      57
      58      57
      59      57
      60      57
      77      57
     197      57
     317      57
      45      58
      51      58
      57      58
      58      58
      78      58
     198      58
     318      58
      46      59
      52      59
      57      59
      59      59
      79      59
     199      59
     319      59
      48      60
      54      60
      57      60
      60      60
      80      60
     200      60
     320      60
       1      61
      21      61
      41      61
      61      61
      64      61
      67      61
      73      61
       2      62
      22      62
      42      62
      62      62
      64      62
      69      62
      75      62
       3      63
      23      63
      43      63
      63      63
      64      63
      70      63
      76      63
       4      64
      24      64
      44      64
      61      64
      62      64
      63      64
      64      64
       5      65
      25      65
      45      65
      65      65
      67      65
      69      65
      78      65
       6      66
      26      66
      46      66
      66      66
      67      66
      70      66
      79      66
       7      67
      27      67
      47      67
      61      67
      65      67
      66      67
      67      67
       8      68
      28      68
      48      68
      68      68
      69      68
      70      68
      80      68
       9      69
      29      69
      49      69
      62      69
      65      69
      68      69
      69      69
      10      70
      30      70
      50      70
      63      70
      66      70
      68      70
      70      70
      11      71
      31      71
      51      71
      71      71
      73      71
      75      71
      78      71
      12      72
      32      72
      52      72
      72      72
      73      72
      76      72
      79      72
      13      73
      33      73
      53      73
      61      73
      71      73
      72      73
      73      73
      14      74
      34      74
      54      74
      74      74
      75      74
      76      74
      80      74
      15      75
      35      75
      55      75
      62      75
      71      75
      74      75
      75      75
      16      76
      36      76
      56      76
      63      76
      72      76
      74      76
      76      76
      17      77
      37      77
      57      77
      77      77
      78      77
      79      77
      80      77
      18      78
      38      78
      58      78
      65      78
      71      78
      77      78
      78      78
      19      79
      39      79
      59      79
      66      79
      72      79
      77      79
      79      79
      20      80
      40      80
      60      80
      68      80
      74      80
      77      80
      80      80
      81      81
      84      81
      87      81
      93      81
     121      81
     161      81
     341      81
      82      82
      84      82
      89      82
      95      82
     122      82
     162      82
     342      82
      83      83
      84      83
      90      83
      96      83
     123      83
     163      83
     343      83
      81      84
      82      84
      83      84
      84      84
     124      84
     164      84
     344      84
      85      85
      87      85
      89      85
      98      85
     125      85
     165      85
     345      85
      86      86
      87      86
      90      86
      99      86
     126      86
     166      86
     346      86
      81      87
      85      87
      86      87
      87      87
     127      87
     167      87
     347      87
      88      88
      89      88
      90      88
     100      88
     128      88
     168      88
     348      88
      82      89
      85      89
      88      89
      89      89
     129      89
     169      89
     349      89
      83      90
      86      90
      88      90
      90      90
     130      90
     170      90
     350      90
      91      91
      93      91
      95      91
      98      91
     131      91
     171      91
     351      91
      92      92
      93      92
      96      92
      99      92
     132      92
     172      92
     352      92
      81      93
      91      93
      92      93
      93      93
     133      93
     173      93
     353      93
      94      94
      95      94
      96      94
     100      94
     134      94
     174      94
     354      94
      82      95
      91      95
      94      95
      95      95
     135      95
     175      95
     355      95
      83      96
      92      96
      94      96
      96      96
     136      96
     176      96
     356      96
      97      97
      98      97
      99      97
     100      97
     137      97
     177      97
     357      97
      85      98
      91      98
      97      98
      98      98
     138      98
     178      98
     358      98
      86      99
      92      99
      97      99
      99      99
     139      99
     179      99
     359      99
      88     100
      94     100
      97     100
     100     100
     140     100
     180     100
     360     100
     101     101
     104     101
     107     101
     113     101
     121     101
     181     101
     361     101
     102     102
     104     102
     109     102
     115     102
     122     102
     182     102
     362     102
     103     103
     104     103
     110     103
     116     103
     123     103
     183     103
     363     103
     101     104
     102     104
     103     104
     104     104
     124     104
     184     104
     364     104
     105     105
     107     105
     109     105
     118     105
     125     105
     185     105
     365     105
     106     106
     107     106
     110     106
     119     106
     126     106
     186     106
     366     106
     101     107
     105     107
     106     107
     107     107
     127     107
     187     107
     367     107
     108     108
     109     108
     110     108
     120     108
     128     108
     188     108
     368     108
     102     109
     105     109
     108     109
     109     109
     129     109
     189     109
     369     109
     103     110
     106     110
     108     110
     110     110
     130     110
     190     110
     370     110
     111     111
     113     111
     115     111
     118     111
     131     111
     191     111
     371     111
     112     112
     113     112
     116     112
     119     112
     132     112
     192     112
     372     112
     101     113
     111     113
     112     113
     113     113
     133     113
     193     113
     373     113
     114     114
     115     114
     116     114
     120     114
     134     114
     194     114
     374     114
     102     115
     111     115
     114     115
     115     115
     135     115
     195     115
     375     115
     103     116
     112     116
     114     116
     116     116
     136     116
     196     116
     376     116
     117     117
     118     117
     119     117
     120     117
     137     117
     197     117
     377     117
     105     118
     111     118
     117     118
     118     118
     138     118
     198     118
     378     118
     106     119
     112     119
     117     119
     119     119
     139     119
     199     119
     379     119
     108     120
     114     120
     117     120
     120     120
     140     120
     200     120
     380     120
       1     121
      81     121
     101     121
     121     121
     124     121
     127     121
     133     121
       2     122
      82     122
     102     122
     122     122
     124     122
     129     122
     135     122
       3     123
      83     123
     103     123
     123     123
     124     123
     130     123
     136     123
       4     124
      84     124
     104     124
     121     124
     122     124
     123     124
     124     124
       5     125
      85     125
     105     125
     125     125
     127     125
     129     125
     138     125
       6     126
      86     126
     106     126
     126     126
     127     126
     130     126
     139     126
       7     127
      87     127
     107     127
     121     127
     125     127
     126     127
     127     127
       8     128
      88     128
     108     128
     128     128
     129     128
     130     128
     140     128
       9     129
      89     129
     109     129
     122     129
     125     129
     128     129
     129     129
      10     130
      90     130
     110     130
     123     130
     126     130
     128     130
     130     130
      11     131
      91     131
     111     131
     131     131
     133     131
     135     131
     138     131
      12     132
      92     132
     112     132
     132     132
     133     132
     136     132
     139     132
      13     133
      93     133
     113     133
     121     133
     131     133
     132     133
     133     133
      14     134
      94     134
     114     134
     134     134
     135     134
     136     134
     140     134
      15     135
      95     135
     115     135
     122     135
     131     135
     134     135
     135     135
      16     136
      96     136
     116     136
     123     136
     132     136
     134     136
     136     136
      17     137
      97     137
     117     137
     137     137
     138     137
     139     137
     140     137
      18     138
      98     138
     118     138
     125     138
     131     138
     137     138
     138     138
      19     139
      99     139
     119     139
     126     139
     132     139
     137     139
     139     139
      20     140
     100     140
     120     140
     128     140
     134     140
     137     140
     140     140
     141     141
     144     141
     147     141
     153     141
     161     141
     181     141
     381     141
     142     142
     144     142
     149     142
     155     142
     162     142
     182     142
     382     142
     143     143
     144     143
     150     143
     156     143
     163     143
     183     143
     383     143
     141     144
     142     144
     143     144
     144     144
     164     144
     184     144
     384     144
     145     145
     147     145
     149     145
     158     145
     165     145
     185     145
     385     145
     146     146
     147     146
     150     146
     159     146
     166     146
     186     146
     386     146
     141     147
     145     147
     146     147
     147     147
     167     147
     187     147
     387     147
     148     148
     149     148
     150     148
     160     148
     168     148
     188     148
     388     148
     142     149
     145     149
     148     149
     149     149
     169     149
     189     149
     389     149
     143     150
     146     150
     148     150
     150     150
     170     150
     190     150
     390     150
     151     151
     153     151
     155     151
     158     151
     171     151
     191     151
     391     151
     152     152
     153     152
     156     152
     159     152
     172     152
     192     152
     392     152
     141     153
     151     153
     152     153
     153     153
     173     153
     193     153
     393     153
     154     154
     155     154
     156     154
     160     154
     174     154
     194     154
     394     154
     142     155
     151     155
     154     155
     155     155
     175     155
     195     155
     395     155
     143     156
     152     156
     154     156
     156     156
     176     156
     196     156
     396     156
     157     157
     158     157
     159     157
     160     157
     177     157
     197     157
     397     157
     145     158
     151     158
     157     158
     158     158
     178     158
     198     158
     398     158
     146     159
     152     159
     157     159
     159     159
     179     159
     199     159
     399     159
     148     160
     154     160
     157     160
     160     160
     180     160
     200     160
     400     160
      21     161
      81     161
     141     161
     161     161
     164     161
     167     161
     173     161
      22     162
      82     162
     142     162
     162     162
     164     162
     169     162
     175     162
      23     163
      83     163
     143     163
     163     163
     164     163
     170     163
     176     163
      24     164
      84     164
     144     164
     161     164
     162     164
     163     164
     164     164
      25     165
      85     165
     145     165
     165     165
     167     165
     169     165
     178     165
      26     166
      86     166
     146     166
     166     166
     167     166
     170     166
     179     166
      27     167
      87     167
     147     167
     161     167
     165     167
     166     167
     167     167
      28     168
      88     168
     148     168
     168     168
     169     168
     170     168
     180     168
      29     169
      89     169
     149     169
     162     169
     165     169
     168     169
     169     169
      30     170
      90     170
     150     170
     163     170
     166     170
     168     170
     170     170
      31     171
      91     171
     151     171
     171     171
     173     171
     175     171
     178     171
      32     172
      92     172
     152     172
     172     172
     173     172
     176     172
     179     172
      33     173
      93     173
     153     173
     161     173
     171     173
     172     173
     173     173
      34     174
      94     174
     154     174
     174     174
     175     174
     176     174
     180     174
      35     175
      95     175
     155     175
     162     175
     171     175
     174     175
     175     175
      36     176
      96     176
     156     176
     163     176
     172     176
     174     176
     176     176
      37     177
      97     177
     157     177
     177     177
     178     177
     179     177
     180     177
      38     178
      98     178
     158     178
     165     178
     171     178
     177     178
     178     178
      39     179
      99     179
     159     179
     166     179
     172     179
     177     179
     179     179
      40     180
     100     180
     160     180
     168     180
     174     180
     177     180
     180     180
      41     181
     101     181
     141     181
     181     181
     184     181
     187     181
     193     181
      42     182
     102     182
     142     182
     182     182
     184     182
     189     182
     195     182
      43     183
     103     183
     143     183
     183     183
     184     183
     190     183
     196     183
      44     184
     104     184
     144     184
     181     184
     182     184
     183     184
     184     184
      45     185
     105     185
     145     185
     185     185
     187     185
     189     185
     198     185
      46     186
     106     186
     146     186
     186     186
     187     186
     190     186
     199     186
      47     187
     107     187
     147     187
     181     187
     185     187
     186     187
     187     187
      48     188
     108     188
     148     188
     188     188
     189     188
     190     188
     200     188
      49     189
     109     189
     149     189
     182     189
     185     189
     188     189
     189     189
      50     190
     110     190
     150     190
     183     190
     186     190
     188     190
     190     190
      51     191
     111     191
     151     191
     191     191
     193     191
     195     191
     198     191
      52     192
     112     192
     152     192
     192     192
     193     192
     196     192
     199     192
      53     193
     113     193
     153     193
     181     193
     191     193
     192     193
     193     193
      54     194
     114     194
     154     194
     194     194
     195     194
     196     194
     200     194
      55     195
     115     195
     155     195
     182     195
     191     195
     194     195
     195     195
      56     196
     116     196
     156     196
     183     196
     192     196
     194     196
     196     196
      57     197
     117     197
     157     197
     197     197
     198     197
     199     197
     200     197
      58     198
     118     198
     158     198
     185     198
     191     198
     197     198
     198     198
      59     199
     119     199
     159     199
     186     199
     192     199
     197     199
     199     199
      60     200
     120     200
     160     200
     188     200
     194     200
     197     200
     200     200
     201     201
     204     201
     207     201
     213     201
     241     201
     281     201
     341     201
     202     202
     204     202
     209     202
     215     202
     242     202
     282     202
     342     202
     203     203
     204     203
     210     203
     216     203
     243     203
     283     203
     343     203
     201     204
     202     204
     203     204
     204     204
     244     204
     284     204
     344     204
     205     205
     207     205
     209     205
     218     205
     245     205
     285     205
     345     205
     206     206
     207     206
     210     206
     219     206
     246     206
     286     206
     346     206
     201     207
     205     207
     206     207
     207     207
     247     207
     287     207
     347     207
     208     208
     209     208
     210     208
     220     208
     248     208
     288     208
     348     208
     202     209
     205     209
     208     209
     209     209
     249     209
     289     209
     349     209
     203     210
     206     210
     208     210
     210     210
     250     210
     290     210
     350     210
     211     211
     213     211
     215     211
     218     211
     251     211
     291     211
     351     211
     212     212
     213     212
     216     212
     219     212
     252     212
     292     212
     352     212
     201     213
     211     213
     212     213
     213     213
     253     213
     293     213
     353     213
     214     214
     215     214
     216     214
     220     214
     254     214
     294     214
     354     214
     202     215
     211     215
     214     215
     215     215
     255     215
     295     215
     355     215
     203     216
     212     216
     214     216
     216     216
     256     216
     296     216
     356     216
     217     217
     218     217
     219     217
     220     217
     257     217
     297     217
     357     217
     205     218
     211     218
     217     218
     218     218
     258     218
     298     218
     358     218
     206     219
     212     219
     217     219
     219     219
     259     219
     299     219
     359     219
     208     220
     214     220
     217     220
     220     220
     260     220
     300     220
     360     220
     221     221
     224     221
     227     221
     233     221
     241     221
     301     221
     361     221
     222     222
     224     222
     229     222
     235     222
     242     222
     302     222
     362     222
     223     223
     224     223
     230     223
     236     223
     243     223
     303     223
     363     223
     221     224
     222     224
     223     224
     224     224
     244     224
     304     224
     364     224
     225     225
     227     225
     229     225
     238     225
     245     225
     305     225
     365     225
     226     226
     227     226
     230     226
     239     226
     246     226
     306     226
     366     226
     221     227
     225     227
     226     227
     227     227
     247     227
     307     227
     367     227
     228     228
     229     228
     230     228
     240     228
     248     228
     308     228
     368     228
     222     229
     225     229
     228     229
     229     229
     249     229
     309     229
     369     229
     223     230
     226     230
     228     230
     230     230
     250     230
     310     230
     370     230
     231     231
     233     231
     235     231
     238     231
     251     231
     311     231
     371     231
     232     232
     233     232
     236     232
     239     232
     252     232
     312     232
     372     232
     221     233
     231     233
     232     233
     233     233
     253     233
     313     233
     373     233
     234     234
     235     234
     236     234
     240     234
     254     234
     314     234
     374     234
     222     235
     231     235
     234     235
     235     235
     255     235
     315     235
     375     235
     223     236
     232     236
     234     236
     236     236
     256     236
     316     236
     376     236
     237     237
     238     237
     239     237
     240     237
     257     237
     317     237
     377     237
     225     238
     231     238
     237     238
     238     238
     258     238
     318     238
     378     238
     226     239
     232     239
     237     239
     239     239
     259     239
     319     239
     379     239
     228     240
     234     240
     237     240
     240     240
     260     240
     320     240
     380     240
       1     241
     201     241
     221     241
     241     241
     244     241
     247     241
     253     241
       2     242
     202     242
     222     242
     242     242
     244     242
     249     242
     255     242
       3     243
     203     243
     223     243
     243     243
     244     243
     250     243
     256     243
       4     244
     204     244
     224     244
     241     244
     242     244
     243     244
     244     244
       5     245
     205     245
     225     245
     245     245
     247     245
     249     245
     258     245
       6     246
     206     246
     226     246
     246     246
     247     246
     250     246
     259     246
       7     247
     207     247
     227     247
     241     247
     245     247
     246     247
     247     247
       8     248
     208     248
     228     248
     248     248
     249     248
     250     248
     260     248
       9     249
     209     249
     229     249
     242     249
     245     249
     248     249
     249     249
      10     250
     210     250
     230     250
     243     250
     246     250
     248     250
     250     250
      11     251
     211     251
     231     251
     251     251
     253     251
     255     251
     258     251
      12     252
     212     252
     232     252
     252     252
     253     252
     256     252
     259     252
      13     253
     213     253
     233     253
     241     253
     251     253
     252     253
     253     253
      14     254
     214     254
     234     254
     254     254
     255     254
     256     254
     260     254
      15     255
     215     255
     235     255
     242     255
     251     255
     254     255
     255     255
      16     256
     216     256
     236     256
     243     256
     252     256
     254     256
     256     256
      17     257
     217     257
     237     257
     257     257
     258     257
     259     257
     260     257
      18     258
     218     258
     238     258
     245     258
     251     258
     257     258
     258     258
      19     259
     219     259
     239     259
     246     259
     252     259
     257     259
     259     259
      20     260
     220     260
     240     260
     248     260
     254     260
     257     260
     260     260
     261     261
     264     261
     267     261
     273     261
     281     261
     301     261
     381     261
     262     262
     264     262
     269     262
     275     262
     282     262
     302     262
     382     262
     263     263
     264     263
     270     263
     276     263
     283     263
     303     263
     383     263
     261     264
     262     264
     263     264
     264     264
     284     264
     304     264
     384     264
     265     265
     267     265
     269     265
     278     265
     285     265
     305     265
     385     265
     266     266
     267     266
     270     266
     279     266
     286     266
     306     266
     386     266
     261     267
     265     267
     266     267
     267     267
     287     267
     307     267
     387     267
     268     268
     269     268
     270     268
     280     268
     288     268
     308     268
     388     268
     262     269
     265     269
     268     269
     269     269
     289     269
     309     269
     389     269
     263     270
     266     270
     268     270
     270     270
     290     270
     310     270
     390     270
     271     271
     273     271
     275     271
     278     271
     291     271
     311     271
     391     271
     272     272
     273     272
     276     272
     279     272
     292     272
     312     272
     392     272
     261     273
     271     273
     272     273
     273     273
     293     273
     313     273
     393     273
     274     274
     275     274
     276     274
     280     274
     294     274
     314     274
     394     274
     262     275
     271     275
     274     275
     275     275
     295     275
     315     275
     395     275
     263     276
     272     276
     274     276
     276     276
     296     276
     316     276
     396     276
     277     277
     278     277
     279     277
     280     277
     297     277
     317     277
     397     277
     265     278
     271     278
     277     278
     278     278
     298     278
     318     278
     398     278
     266     279
     272     279
     277     279
     279     279
     299     279
     319     279
     399     279
     268     280
     274     280
     277     280
     280     280
     300     280
     320     280
     400     280
      21     281
     201     281
     261     281
     281     281
     284     281
     287     281
     293     281
      22     282
     202     282
     262     282
     282     282
     284     282
     289     282
     295     282
      23     283
     203     283
     263     283
     283     283
     284     283
     290     283
     296     283
      24     284
     204     284
     264     284
     281     284
     282     284
     283     284
     284     284
      25     285
     205     285
     265     285
     285     285
     287     285
     289     285
     298     285
      26     286
     206     286
     266     286
     286     286
     287     286
     290     286
     299     286
      27     287
     207     287
     267     287
     281     287
     285     287
     286     287
     287     287
      28     288
     208     288
     268     288
     288     288
     289     288
     290     288
     300     288
      29     289
     209     289
     269     289
     282     289
     285     289
     288     289
     289     289
      30     290
     210     290
     270     290
     283     290
     286     290
     288     290
     290     290
      31     291
     211     291
     271     291
     291     291
     293     291
     295     291
     298     291
      32     292
     212     292
     272     292
     292     292
     293     292
     296     292
     299     292
      33     293
     213     293
     273     293
     281     293
     291     293
     292     293
     293     293
      34     294
     214     294
     274     294
     294     294
     295     294
     296     294
     300     294
      35     295
     215     295
     275     295
     282     295
     291     295
     294     295
     295     295
      36     296
     216     296
     276     296
     283     296
     292     296
     294     296
     296     296
      37     297
     217     297
     277     297
     297     297
     298     297
     299     297
     300     297
      38     298
     218     298
     278     298
     285     298
     291     298
     297     298
     298     298
      39     299
     219     299
     279     299
     286     299
     292     299
     297     299
     299     299
      40     300
     220     300
     280     300
     288     300
     294     300
     297     300
     300     300
      41     301
     221     301
     261     301
     301     301
     304     301
     307     301
     313     301
      42     302
     222     302
     262     302
     302     302
     304     302
     309     302
     315     302
      43     303
     223     303
     263     303
     303     303
     304     303
     310     303
     316     303
      44     304
     224     304
     264     304
     301     304
     302     304
     303     304
     304     304
      45     305
     225     305
     265     305
     305     305
     307     305
     309     305
     318     305
      46     306
     226     306
     266     306
     306     306
     307     306
     310     306
     319     306
      47     307
     227     307
     267     307
     301     307
     305     307
     306     307
     307     307
      48     308
     228     308
     268     308
     308     308
     309     308
     310     308
     320     308
      49     309
     229     309
     269     309
     302     309
     305     309
     308     309
     309     309
      50     310
     230     310
     270     310
     303     310
     306     310
     308     310
     310     310
      51     311
     231     311
     271     311
     311     311
     313     311
     315     311
     318     311
      52     312
     232     312
     272     312
     312     312
     313     312
     316     312
     319     312
      53     313
     233     313
     273     313
     301     313
     311     313
     312     313
     313     313
      54     314
     234     314
     274     314
     314     314
     315     314
     316     314
     320     314
      55     315
     235     315
     275     315
     302     315
     311     315
     314     315
     315     315
      56     316
     236     316
     276     316
     303     316
     312     316
     314     316
     316     316
      57     317
     237     317
     277     317
     317     317
     318     317
     319     317
     320     317
      58     318
     238     318
     278     318
     305     318
     311     318
     317     318
     318     318
      59     319
     239     319
     279     319
     306     319
     312     319
     317     319
     319     319
      60     320
     240     320
     280     320
     308     320
     314     320
     317     320
     320     320
     321     321
     324     321
     327     321
     333     321
     341     321
     361     321
     381     321
     322     322
     324     322
     329     322
     335     322
     342     322
     362     322
     382     322
     323     323
     324     323
     330     323
     336     323
     343     323
     363     323
     383     323
     321     324
     322     324
     323     324
     324     324
     344     324
     364     324
     384     324
     325     325
     327     325
     329     325
     338     325
     345     325
     365     325
     385     325
     326     326
     327     326
     330     326
     339     326
     346     326
     366     326
     386     326
     321     327
     325     327
     326     327
     327     327
     347     327
     367     327
     387     327
     328     328
     329     328
     330     328
     340     328
     348     328
     368     328
     388     328
     322     329
     325     329
     328     329
     329     329
     349     329
     369     329
     389     329
     323     330
     326     330
     328     330
     330     330
     350     330
     370     330
     390     330
     331     331
     333     331
     335     331
     338     331
     351     331
     371     331
     391     331
     332     332
     333     332
     336     332
     339     332
     352     332
     372     332
     392     332
     321     333
     331     333
     332     333
     333     333
     353     333
     373     333
     393     333
     334     334
     335     334
     336     334
     340     334
     354     334
     374     334
     394     334
     322     335
     331     335
     334     335
     335     335
     355     335
     375     335
     395     335
     323     336
     332     336
     334     336
     336     336
     356     336
     376     336
     396     336
     337     337
     338     337
     339     337
     340     337
     357     337
     377     337
     397     337
     325     338
     331     338
     337     338
     338     338
     358     338
     378     338
     398     338
     326     339
     332     339
     337     339
     339     339
     359     339
     379     339
     399     339
     328     340
     334     340
     337     340
     340     340
     360     340
     380     340
     400     340
      81     341
     201     341
     321     341
     341     341
     344     341
     347     341
     353     341
      82     342
     202     342
     322     342
     342     342
     344     342
     349     342
     355     342
      83     343
     203     343
     323     343
     343     343
     344     343
     350     343
     356     343
      84     344
     204     344
     324     344
     341     344
     342     344
     343     344
     344     344
      85     345
     205     345
     325     345
     345     345
     347     345
     349     345
     358     345
      86     346
     206     346
     326     346
     346     346
     347     346
     350     346
     359     346
      87     347
     207     347
     327     347
     341     347
     345     347
     346     347
     347     347
      88     348
     208     348
     328     348
     348     348
     349     348
     350     348
     360     348
      89     349
     209     349
     329     349
     342     349
     345     349
     348     349
     349     349
      90     350
     210     350
     330     350
     343     350
     346     350
     348     350
     350     350
      91     351
     211     351
     331     351
     351     351
     353     351
     355     351
     358     351
      92     352
     212     352
     332     352
     352     352
     353     352
     356     352
     359     352
      93     353
     213     353
     333     353
     341     353
     351     353
     352     353
     353     353
      94     354
     214     354
     334     354
     354     354
     355     354
     356     354
     360     354
      95     355
     215     355
     335     355
     342     355
     351     355
     354     355
     355     355
      96     356
     216     356
     336     356
     343     356
     352     356
     354     356
     356     356
      97     357
     217     357
     337     357
     357     357
     358     357
     359     357
     360     357
      98     358
     218     358
     338     358
     345     358
     351     358
     357     358
     358     358
      99     359
     219     359
     339     359
     346     359
     352     359
     357     359
     359     359
     100     360
     220     360
     340     360
     348     360
     354     360
     357     360
     360     360
     101     361
     221     361
     321     361
     361     361
     364     361
     367     361
     373     361
     102     362
     222     362
     322     362
     362     362
     364     362
     369     362
     375     362
     103     363
     223     363
     323     363
     363     363
     364     363
     370     363
     376     363
     104     364
     224     364
     324     364
     361     364
     362     364
     363     364
     364     364
     105     365
     225     365
     325     365
     365     365
     367     365
     369     365
     378     365
     106     366
     226     366
     326     366
     366     366
     367     366
     370     366
     379     366
     107     367
     227     367
     327     367
     361     367
     365     367
     366     367
     367     367
     108     368
     228     368
     328     368
     368     368
     369     368
     370     368
     380     368
     109     369
     229     369
     329     369
     362     369
     365     369
     368     369
     369     369
     110     370
     230     370
     330     370
     363     370
     366     370
     368     370
     370     370
     111     371
     231     371
     331     371
     371     371
     373     371
     375     371
     378     371
     112     372
     232     372
     332     372
     372     372
     373     372
     376     372
     379     372
     113     373
     233     373
     333     373
     361     373
     371     373
     372     373
     373     373
     114     374
     234     374
     334     374
     374     374
     375     374
     376     374
     380     374
     115     375
     235     375
     335     375
     362     375
     371     375
     374     375
     375     375
     116     376
     236     376
     336     376
     363     376
     372     376
     374     376
     376     376
     117     377
     237     377
     337     377
     377     377
     378     377
     379     377
     380     377
     118     378
     238     378
     338     378
     365     378
     371     378
     377     378
     378     378
     119     379
     239     379
     339     379
     366     379
     372     379
     377     379
     379     379
     120     380
     240     380
     340     380
     368     380
     374     380
     377     380
     380     380
     141     381
     261     381
     321     381
     381     381
     384     381
     387     381
     393     381
     142     382
     262     382
     322     382
     382     382
     384     382
     389     382
     395     382
     143     383
     263     383
     323     383
     383     383
     384     383
     390     383
     396     383
     144     384
     264     384
     324     384
     381     384
     382     384
     383     384
     384     384
     145     385
     265     385
     325     385
     385     385
     387     385
     389     385
     398     385
     146     386
     266     386
     326     386
     386     386
     387     386
     390     386
     399     386
     147     387
     267     387
     327     387
     381     387
     385     387
     386     387
     387     387
     148     388
     268     388
     328     388
     388     388
     389     388
     390     388
     400     388
     149     389
     269     389
     329     389
     382     389
     385     389
     388     389
     389     389
     150     390
     270     390
     330     390
     383     390
     386     390
     388     390
     390     390
     151     391
     271     391
     331     391
     391     391
     393     391
     395     391
     398     391
     152     392
     272     392
     332     392
     392     392
     393     392
     396     392
     399     392
     153     393
     273     393
     333     393
     381     393
     391     393
     392     393
     393     393
     154     394
     274     394
     334     394
     394     394
     395     394
     396     394
     400     394
     155     395
     275     395
     335     395
     382     395
     391     395
     394     395
     395     395
     156     396
     276     396
     336     396
     383     396
     392     396
     394     396
     396     396
     157     397
     277     397
     337     397
     397     397
     398     397
     399     397
     400     397
     158     398
     278     398
     338     398
     385     398
     391     398
     397     398
     398     398
     159     399
     279     399
     339     399
     386     399
     392     399
     397     399
     399     399
     160     400
     280     400
     340     400
     388     400
     394     400
     397     400
     400     400
