   4.5354382649031057E-003
  -1.2355477190983117E-003
  -1.1443256436670895E-003
   3.7213922243895720E-002
  -1.6332145525422240E-002
   8.0837091561689652E-004
  -4.2131024914961899E-003
   2.5209076478557237E-003
  -4.6328497023578122E-003
  -1.2730705700341272E-003
  -2.8828383595481686E-003
  -1.0976296210567728E-003
   2.8441871688799337E-003
  -7.4992161424360809E-004
   1.3638306555039651E-002
  -1.4008844436459024E-003
   1.4718866452603388E-002
  -3.1363854705975219E-002
   5.5514277749321723E-002
   1.2301867973671512E-004
   5.1580340777832044E-002
  -2.5639196643769235E-002
  -4.8976162502096007E-002
   9.9092906622160089E-003
  0.24088773164875318     
  -4.4933833308926164E-003
  -2.1521149387472190E-003
   1.5949763302374901E-004
   3.6197077611848493E-003
  -1.6138941560136521E-002
   1.3960211969595647E-002
   5.8446287910431730E-003
  -9.5799889051714649E-003
  -3.3523167167602869E-002
   1.7280716877411319E-002
  -5.9397490488155309E-003
  -7.9316674512000280E-004
  -1.8875003028232765E-003
   5.2338202198123325E-003
  -1.4994199312627819E-002
  -8.0052505465660130E-005
  -4.7592784876897276E-004
   4.4415511400053417E-003
  -3.5418835709289604E-003
  -1.3968833298867806E-004
  -2.7084153203340718E-003
   2.8209600791887586E-004
   8.4612170510722068E-004
  -9.3521079355305672E-004
  -6.2515064395343729E-003
   7.9589868320203774E-003
  -8.3416568962928889E-004
  -2.1103736530966814E-003
  -5.3852805243156856E-003
  -4.2030691315704848E-003
   3.7245853254835426E-002
  -2.3809248768846727E-002
  -1.2810151648354898E-003
  -7.0237008398982639E-004
   2.8839422889881013E-002
  -7.8269448695676659E-004
  -1.2026933216565418E-004
  -6.4525142911267428E-003
  -7.0117992409050780E-004
   1.0407531846544169E-003
   6.2421121098429977E-003
   2.3297435333671148E-003
  -1.3852736224256440E-003
  -1.3657257205427207E-002
   1.1862585461956523E-004
   2.6102936858783147E-003
  -6.9950043092360630E-003
   3.8526648917113640E-003
   2.6752030390519458E-003
   1.2587050999648646E-002
   8.8718639080220059E-005
  -3.2267076083103327E-004
   1.6632021240154488E-005
   1.3546236173267092E-003
  -9.7288794613401263E-005
  -1.6942845241011133E-004
  -2.0596335165690063E-003
   2.6339124245483843E-003
   1.0373283855962486E-003
  -1.0552647142030140E-003
   1.2091161187987450E-003
   6.5356217212721797E-004
  -7.2762234787246052E-003
   5.7867820436933006E-003
  -5.6745679753414000E-004
   9.2137588626041815E-003
  -8.6076565170306509E-003
  -1.0480410306039804E-002
   4.0016738960452708E-003
   3.8430340540282742E-002
  -1.4847910664891631E-004
  -7.4176823173087030E-005
  -3.4381294196362346E-004
   8.1398511195644892E-004
  -1.6965693875023607E-003
   1.8691362229639298E-003
  -4.3912542592647530E-004
   1.1395420449631325E-003
  -2.8311020841675560E-003
   5.9742281434975045E-003
  -9.6455362728397904E-003
   4.8114081165041359E-003
  -2.6744090757804570E-003
  -1.7990055343326154E-002
  -2.7566663157742545E-003
  -5.4490437862400327E-004
   2.1942847136130332E-003
   7.9522313794101653E-004
  -4.9439703213931502E-004
   9.7572821368566631E-004
   1.0994903163112879E-004
   1.2037691420936929E-003
  -2.9513292041026405E-003
  -3.5721606243534643E-004
  -5.5707429602599497E-003
   4.0338295035873290E-003
  -8.3716981683177091E-003
   2.2129960922326556E-002
  -1.9084352340265436E-002
  -1.9264675266740564E-003
  -1.5692084261757219E-002
   3.4116174271693160E-003
   4.1084861280639408E-002
  -5.7200636670224087E-003
  -6.7838890698876164E-002
   1.8061054929972662E-003
   1.5985465124093835E-003
  -1.8059926926825873E-003
  -4.0213692066689323E-003
   5.6184046270363469E-003
  -3.2648283133800832E-003
  -1.0534809815092312E-003
   2.0795900903038795E-003
   6.6856294884211995E-003
  -8.3842318152184975E-003
  -6.2025912575779368E-003
   6.2784760144216615E-005
  -9.8113971806081134E-004
   5.0667780462265548E-002
  -2.3028287672602683E-002
   6.3434556478370149E-004
  -2.4846374086050070E-004
  -4.4330980748644990E-003
  -2.6005332572957849E-003
  -5.3695266383976413E-004
   7.2034019306700730E-003
  -4.1126236463352303E-003
  -8.9214895076022375E-003
   4.7820124501668556E-003
   6.6943038309907194E-002
   5.1990918449072079E-003
  -5.2050908464647177E-003
  -7.1937774666970726E-003
  -1.5304181087688971E-002
  -1.3676994313758307E-003
   1.0496452889778587E-002
  -1.7768370674287964E-002
   8.1325339283222046E-003
  -1.3201524024989203E-003
   2.8106147313483799E-002
  -1.5300279009812170E-004
   1.6098794535259024E-003
  -1.4356526904685271E-003
  -5.8026287600693224E-003
   3.6140955861146177E-003
   8.9245676950788846E-003
   2.5300720590598225E-003
  -4.7019226256821388E-003
  -1.6209455167195464E-003
  -1.0625918111200144E-002
   1.4945560088842982E-003
  -6.7160210219905389E-004
  -4.0933469102782065E-004
   1.0298303138359497E-003
   8.2274074127608855E-004
  -3.9389065243033863E-004
   7.0408959550415421E-004
   8.3075597925331415E-004
   1.4492273756686277E-003
  -1.3433320143948246E-003
  -7.1097893690896669E-003
   1.3920943921707800E-003
   5.2568501691038459E-003
  -7.2131594682100309E-003
  -1.0485172379710039E-002
   2.4763202400818031E-003
   1.5192059243470213E-003
  -3.2296025667443717E-003
   2.2588980933308982E-003
   4.4004163246488603E-004
   8.9509557671695449E-003
  -7.4344775578463014E-003
  -1.8079229883814014E-002
   4.3713770899654657E-003
   2.6446615922052951E-002
  -1.2867782788438945E-003
  -3.0242494312564777E-003
  -2.8670586449540002E-004
   4.8773860824307255E-003
  -2.3420686613960778E-003
  -1.6002420342145654E-003
   2.6050225246701903E-003
  -4.8756404080559637E-003
  -2.7792911743634890E-002
   1.6191563111741292E-002
  -8.1490071978900860E-003
   1.2892432631686848E-003
  -1.9485300820920682E-004
   7.0631867128829735E-004
  -2.4499846691132397E-003
   2.1288769716302277E-004
   1.3951612394078198E-003
  -4.3033044393215045E-003
  -2.8780473895721789E-006
   1.1150022515447652E-003
   8.3231512862697865E-003
  -1.4400032067028896E-003
  -1.2765306994079984E-002
   3.8614912753433539E-003
   1.7355767258003727E-002
   2.9486580143122769E-003
  -1.3469086848249370E-002
   2.0279588723724391E-002
  -2.0714697727001127E-002
  -1.3149924846988048E-003
  -2.8327791900003438E-002
   5.2268506601922532E-003
   5.2772626966687719E-002
  -6.1610209908371247E-003
  -6.5244305182722770E-002
   3.9566715037699842E-003
   4.0763446833204540E-003
  -4.8513477655633537E-004
  -1.0017935369482821E-002
   7.1135839042143316E-003
  -1.4402552665322699E-003
  -3.1958804797786850E-003
   2.9650107165572820E-003
   1.7327055338862436E-002
  -1.5021437180472195E-002
  -2.2228436490806195E-003
  -3.9460925066836310E-004
  -1.4612486394830124E-003
  -5.9953422704225065E-004
  -4.3271578831011364E-003
  -2.0435926400678517E-004
   5.5587653147959933E-004
   2.5944529233708487E-003
  -2.6003141020313277E-003
  -2.9650476152000765E-004
  -2.7945855383619237E-003
   2.4161185654194900E-003
   2.5207247699966374E-003
  -4.1717462279310582E-003
  -9.0113468544898139E-003
   1.0496770101783217E-003
   2.9445392938700097E-004
  -1.4440812390609360E-003
  -2.3187517530739532E-004
  -6.1376896047028186E-004
   3.7625607818929634E-003
  -4.7033416200510554E-003
  -6.6868839577624150E-004
  -6.4583005121704646E-004
   6.2109790488201321E-003
  -3.6316981958672758E-004
   1.2443835153380778E-004
  -1.9152016281126201E-003
   2.3717251192691695E-005
   3.4938728447867771E-005
   8.7983547964866739E-004
   7.4408369682165602E-004
  -4.9761705463604591E-004
  -4.2841565100168837E-003
   2.0416951430625237E-004
   4.1663004400600834E-004
   9.2457751317836850E-004
   8.8796085714684745E-004
   2.3362590929880314E-002
  -2.2033569494130044E-003
   6.3453739533992086E-004
  -1.4370708431623775E-004
  -8.1336733089048263E-003
   1.3155448409278823E-003
  -2.9498645727479826E-005
   6.2438423809379777E-003
  -2.0310057068687218E-003
  -6.4771791085126759E-003
   2.8816694017300033E-003
   2.2955476743947829E-002
  -1.4166685929718687E-003
  -2.3259054564958265E-003
  -9.6060238758793469E-004
  -2.3889781994354776E-003
   1.7330914461084193E-003
  -1.6178441110060893E-002
   3.8058510033168033E-003
   4.8597911879308970E-003
   1.1844098880353081E-005
  -1.5483999664895796E-003
   7.9961407452717277E-004
   9.2868854544786992E-004
   1.8351849396477170E-003
  -3.1999889950929577E-003
   9.7691364635398752E-004
   2.7995319543587944E-004
  -3.0905572388176939E-004
  -7.3919646043028582E-004
   5.3856851179323473E-003
  -3.5214906294588942E-003
   1.9519204798661120E-004
   3.7563970107166145E-003
  -1.4427105118630891E-003
  -7.4659382356951341E-004
  -2.0910819312616601E-003
  -1.7211099760827380E-004
   2.6842330593829960E-004
  -8.1448690027777703E-004
   7.5257545872057846E-004
  -4.7647926754048041E-004
  -2.7477408542050425E-003
   6.0325917826633635E-004
   5.4205660783426270E-004
  -1.1687839869950836E-003
  -2.8367912387052430E-004
  -3.9771611430537727E-005
   1.5934040177849353E-004
   2.4872425268900088E-003
  -9.3820438687001551E-004
   1.0733516588275268E-003
  -1.6914963289112405E-003
   1.8302307698383393E-003
  -2.0815790346599221E-003
   3.3961037155900276E-004
  -4.6943177723065329E-003
  -3.3506250179045447E-004
  -2.5061449496188151E-003
   6.0518247410184416E-004
   1.7834240282635914E-003
  -2.8147926217466973E-004
  -1.5068101100560408E-003
   1.0311933889770686E-003
  -1.5378662467770540E-003
  -5.4107248799768332E-003
   2.6842342068621890E-003
   8.8368670190639171E-003
   9.0202251522750524E-004
   1.7011112932735023E-002
 -0.21883563999352332     
  0.11418670305226059     
   2.8602568472867917E-004
   3.3803675180947308E-004
   5.8131322844922964E-003
   6.5332718435027765E-004
  -8.4300427171390621E-004
  -3.8854521021766406E-003
   1.5490897517470297E-003
   6.3808143344575097E-003
   3.2284530234137957E-003
  -7.8852288102783538E-002
  -2.0704514070237847E-002
  -6.4579313704597558E-003
   5.3417646063820025E-002
  -2.5065263586508454E-002
   1.5821527173760071E-002
 -0.15450870666013208     
  0.13416802720175491     
   4.7439956646332680E-002
  -6.2225415100224599E-003
 -0.45766292036547940     
  -1.9437074534022237E-004
   1.7493556340374473E-003
   5.1498743691927688E-003
   3.5935317488297925E-003
   1.5956568074316445E-003
  -3.4440380568170954E-002
  -3.8619163433098471E-003
  -8.1625682589811701E-003
   5.0787712025551261E-002
  -1.5552507018596354E-002
  -5.0026560482976223E-003
   4.1335328929027184E-003
  -5.7786266365742406E-003
   3.6281984876381984E-002
  -4.8314340422227708E-002
   5.9204278624509852E-004
  -1.1260521767535883E-003
  -2.2177559904682158E-003
  -4.4540643158234149E-003
   3.6382694043724404E-003
   2.9852841901004653E-003
   1.0803613275143823E-003
  -7.5969355106876536E-003
   2.6360722140872446E-003
   3.0451759499499267E-002
  -7.6036961392243437E-006
   1.2929247842180535E-003
  -1.1284231074147586E-002
   4.6405529049572880E-003
  -5.8111980104887211E-003
   1.5301728919169302E-002
  -1.2735810510638778E-002
  -1.4903827586578646E-002
   1.1453386694182369E-003
   7.9290072542724285E-002
   2.2651728010043069E-003
  -2.3758402109965923E-004
   2.1682430572045421E-003
   4.5085470064609067E-004
  -2.7330472714233115E-003
   3.4149829202658926E-003
  -1.1584533867209786E-003
   1.1734505163953511E-002
  -1.9546539172469075E-003
   3.9270782370029872E-003
   6.7471632889025525E-003
  -1.5221387539151410E-003
   1.8724393790917483E-002
 -0.19955320194647980     
   5.7193554105829561E-002
  -4.9173077516012512E-004
   3.4385699073223490E-003
   3.4479386472998736E-003
   2.8306856217216298E-003
  -1.2547323504640713E-003
  -3.2124347946974590E-003
   4.4211411668284152E-004
   7.0828366340819886E-003
   7.2137972820577028E-004
  -4.2522157768190454E-002
  -1.1365317854754963E-002
  -1.3616610042447070E-002
   6.7778115838771413E-002
  -2.4768080154078890E-002
   1.5041995566739191E-002
 -0.11897465783377996     
   5.1023061657945401E-002
   9.4026193876104489E-002
  -6.9034285292904167E-003
 -0.22065486825286121     
   9.8272175947152840E-004
   3.4132267756851273E-003
   1.1735108654472332E-003
  -4.1919377929360046E-004
   6.1300055731676826E-003
  -1.6285173797473153E-002
  -4.0152316827203414E-003
  -3.2009882264489053E-003
   2.8363189360208752E-002
  -1.3803610655456348E-002
   4.0351772534245748E-003
  -6.3744507959559828E-003
   1.1882379802445140E-002
   1.3940085936392120E-004
   1.4860333185738421E-002
  -1.8416283068896716E-004
  -1.6163394907366447E-003
   9.9361598659019994E-004
   1.5397268334059182E-003
   4.8599879953607257E-004
  -8.5264373138490104E-004
  -4.3448619280348141E-003
   2.3955490776816305E-003
   7.6385808327082199E-003
  -6.1924034261468929E-003
   7.8466105177472430E-003
  -9.5546173595688756E-004
  -5.7423185771709531E-003
   2.0024746204138711E-004
  -4.9715382604385927E-003
   2.7974069033078169E-002
  -2.5639276663809732E-002
  -1.3699158899918009E-002
   1.4474967347602960E-002
   4.9497331478619788E-002
  -2.9674626057961525E-004
   8.4466444355287137E-004
  -4.4794897953125065E-003
  -5.7333688350027411E-005
  -2.2727480091486681E-004
   7.7510885067809268E-003
  -4.4993580411441784E-004
   1.4384370263772319E-003
  -5.8094061747391481E-003
   5.3007107216838526E-003
   5.5783024197726457E-003
   6.1512319807937839E-003
   5.9910844665789558E-003
  -8.8989588451794888E-002
   3.3755413123178805E-002
   4.1359180762946959E-004
   1.5474879266351570E-003
   9.5460396014242623E-004
   9.8249121402135342E-004
  -5.0621890085823633E-004
   6.4858428702601963E-005
   1.6866337608193104E-003
   2.1161386179299885E-003
  -7.6494585523663591E-004
  -2.1676384883367525E-002
  -2.5209152968943598E-002
  -1.5226692409007624E-003
   3.3336571379543455E-002
  -5.1828801920208714E-003
   1.9405897486666986E-002
 -0.13826218463632139     
   5.6297813503519874E-002
   4.1737724354995349E-002
  -5.8096608219152419E-003
 -0.15045487973790614     
   8.1031693333869273E-004
   1.0895469551976114E-003
   5.4199055386598763E-003
   1.9813203569798658E-003
   3.0070722957521002E-004
  -1.3926748675783395E-002
  -3.7307943743767778E-003
  -2.9037683207419362E-003
   2.5482303957994053E-002
  -7.1157768337996342E-003
  -7.2499355850261082E-003
   1.1450432363041387E-002
  -1.3767233033393941E-002
   1.2472052127317038E-002
  -2.1389118493790021E-002
   3.8189696592595511E-004
   2.1061490751621815E-004
  -1.9203169313985007E-003
  -2.1381762096055012E-003
   1.3388933436729515E-003
   3.5751814098946974E-003
   2.3576131284607821E-003
  -8.7334717876374583E-003
  -1.7231406393112456E-003
   1.0884833014498677E-002
  -6.1012007662672443E-003
   9.5266808075632561E-004
   9.6729234044142941E-004
  -4.0043575745540367E-004
  -2.7982657861869820E-004
  -7.5087289179966866E-003
   6.7421096438104620E-003
   5.5254149098776543E-003
  -5.4632052167834415E-003
  -2.2385239960065629E-003
   1.1641501240159723E-003
  -7.8266165445256932E-004
   2.2122341588324793E-003
  -1.8211192232047937E-004
  -1.6810861910412383E-004
  -1.7411488820225937E-003
  -3.0432176020218221E-004
   2.4546020003567461E-003
   2.2571199410862980E-003
  -2.6187013503712300E-003
  -6.2926199244061395E-003
  -2.3794261684001055E-003
  -7.5151642669925483E-003
   4.1945604225866545E-002
  -3.7229642953899307E-002
   4.2406906483839014E-005
   9.9132589037773350E-004
   1.2404135302801722E-004
  -2.8388011020756844E-003
  -1.3966071835278429E-003
  -2.7556049732911968E-003
  -1.7793658022040025E-004
  -6.3623114108028451E-004
  -6.9864537953776276E-003
   1.6761064907508380E-002
   1.1088134520869000E-002
   7.5930364116122342E-004
  -1.6274786180229595E-002
  -3.4408632132384948E-004
  -4.5598697510169971E-003
   3.1789778622628745E-002
  -5.4087950901848550E-002
  -3.9970611366445053E-003
  -9.6760832762644577E-003
   7.0743679774728882E-002
  -7.8273420957462728E-004
  -2.9307154000749042E-003
  -2.4552792819296921E-003
  -3.6462285273618192E-003
   2.5211454498218376E-003
   1.2780740374493029E-002
   7.5233415630388779E-003
  -4.8603934970473063E-003
  -4.9228746006387998E-002
  -4.7894286184985840E-003
   1.4980955979201710E-002
   1.8818847376722402E-003
   1.4049311340923149E-002
 -0.20142159880257923     
   5.6212067969195333E-002
  -1.8358272984939103E-004
  -2.5648750970359775E-004
   7.3754644909892796E-003
   1.9381929949099177E-003
   6.8051058266331923E-004
  -7.2147116565156851E-003
   2.0102629601472131E-003
   9.0117819657534650E-003
   1.6869886980851541E-003
  -5.3050873992598079E-002
  -2.3213410326077211E-002
  -9.4766349087899073E-004
   5.5748602695113621E-002
  -3.3775140624996724E-003
   1.3221006481428826E-002
 -0.10359431934160741     
   5.9261638045034357E-002
   2.6063514234358747E-002
   1.3100238176377485E-003
 -0.16027223736133081     
   5.7299499427460434E-004
   2.0483396330298323E-003
   3.4536333052222353E-003
   9.7477240892764709E-003
  -1.6039329623237987E-003
  -1.7118387425199850E-002
  -8.5493736724111119E-003
   1.5871316414823561E-004
   3.1293049768144093E-002
   3.5121680288248292E-005
  -3.5938965574800147E-004
   4.4466198698243954E-003
   1.2688874140033455E-003
  -2.2720142010356995E-003
  -3.0390025833562390E-003
   4.6859905302580216E-004
  -2.1424210109129904E-003
  -2.7984354294733854E-003
  -7.7356570583345986E-004
   4.6636742170835903E-003
   6.4463301072539740E-003
   8.8836821858228406E-005
  -6.8665533059038622E-003
   5.0288643020939619E-003
   6.7974606513466389E-003
  -9.0659831326372550E-003
  -2.9837451878607558E-004
   4.3521637227963237E-003
   9.0529981823389419E-004
   1.2863657216569338E-004
  -1.3149611352901019E-002
   1.3653927965378752E-002
   4.4724846692814190E-003
   1.4534867679265708E-003
  -5.8121565661891396E-003
   1.9499752500486290E-003
   3.5841341840031791E-003
   1.6638797264517916E-003
  -2.4309739611740413E-004
  -7.0658128210545235E-004
  -2.1209611230320374E-003
  -6.4613437982446618E-003
   6.0733070421064971E-003
   2.0364428351517545E-002
  -2.1485919039828929E-003
   8.9686025041629865E-003
  -2.8088042898706750E-003
   1.1797200704292103E-002
  -2.2031609734346792E-002
   1.6603510493872448E-002
  -2.3958811511263258E-005
  -2.2321375851639836E-003
  -9.2201830335037253E-004
   2.1674633524183576E-003
   1.5038346430261617E-003
   3.8524924805665439E-003
  -1.9269160431868101E-003
   5.1066934976163009E-004
   5.5222823632904827E-003
  -4.4647902880663075E-003
  -2.0129195859096972E-003
  -1.3047063461142580E-003
   5.2960926168386657E-003
   4.3734200996769026E-004
   1.2450973423857761E-003
  -4.9475624491094553E-003
   8.5653547239250699E-003
  -4.2356117964651597E-003
   7.2162931672410443E-003
  -8.4059308575873647E-003
   5.2880127339498717E-004
   1.9472300772281326E-003
   4.5790534574660612E-006
   2.2630076154423369E-003
  -8.4205161261081984E-004
  -1.8369396190138288E-003
  -5.0673246844060221E-003
   2.0202692638933229E-003
   1.2772967535007789E-002
   3.1368032116971677E-003
  -3.1226042453935550E-003
   1.6370631168059761E-003
  -1.4218027599683306E-002
   6.9922878023223153E-002
  -3.8242033336830294E-002
  -1.8201728909053342E-003
   3.2527633619346334E-003
  -1.1754061279447692E-002
   1.3016415531872036E-002
   3.4340062821042712E-003
   2.9952207102679398E-003
   3.8960670837431825E-003
  -4.0068719366982393E-003
  -7.7851680150846439E-003
   3.6644561047194241E-002
   4.0796096529894278E-003
  -1.3715239409187753E-003
  -7.2721215830747372E-003
  -2.5015540563050535E-003
  -1.3707876715979414E-002
   2.2538675355182225E-002
  -3.6635020537460948E-002
  -1.3198654108396287E-002
  -4.7155383092130900E-003
  0.10446333475213886     
   6.2849556168181669E-003
  -1.4618583409852599E-003
   6.7099241575226121E-004
  -1.0140484163736822E-004
   6.6366266835439086E-003
  -1.0081475869800041E-003
  -4.0415550319443244E-003
   3.2040510137659448E-002
  -9.2426274092792266E-003
   4.1897094875292477E-003
   4.8290451970939320E-003
   7.2335347808064391E-004
   2.6637509796175666E-003
  -6.8402884432888853E-004
   4.1524932493888084E-003
   5.8269061312527513E-004
  -2.8476350184547293E-003
   4.8866514089714571E-003
  -4.4322669777165551E-003
  -2.5804663651043795E-003
  -2.0572171866391591E-004
  -1.2729412823095641E-003
   9.8673787551129748E-004
   1.1692105020032692E-003
  -4.3165065122311910E-003
  -3.6248661800458936E-003
   9.5370483773859864E-003
  -1.6580618317036767E-002
   3.5354510321282819E-002
   5.0250644965262395E-003
   6.4220881815158113E-003
   3.7724265383651482E-003
  -4.1650638398083280E-003
   8.1813045555712287E-004
   2.7670177258087063E-002
  -5.4809158395646386E-003
   1.2360831094023470E-003
  -1.4459162052723189E-003
  -1.8350990778469435E-003
  -5.0021884509620492E-003
   1.0615917283062258E-002
   2.9605866832908318E-003
  -1.9517298131451710E-002
  -2.2874009686625184E-003
  -1.4153230074605773E-003
  -6.0098874477460523E-003
   1.3496151209222290E-003
  -9.8132344630516757E-003
   1.5595281096568308E-002
  -8.3213419852954020E-003
  -2.4533964556902130E-003
   7.3206952574715921E-003
  -1.1281772489754800E-002
   6.3424947388135214E-003
   4.7335575090920049E-003
   3.3189365132530145E-003
   1.8527169692709215E-003
  -5.3975064086051001E-003
  -2.4351907170274620E-003
   8.7928261797004768E-003
   6.4315747986160941E-003
  -1.7529311936859002E-002
   2.6159296511053420E-002
  -2.6401893331792652E-002
  -1.4006364693370525E-002
  -2.0229875191895164E-002
  -3.6182646794658104E-003
   2.4649729595244342E-002
  -5.5721183547272346E-003
  -4.3995610567168421E-002
   1.2015639904963184E-002
  -3.6689843854594137E-004
   6.8266586236452001E-004
  -1.3602952300205749E-003
   9.0527797215164702E-003
  -8.4069559141802218E-003
  -1.0021141713701947E-002
   1.7511588287591313E-002
   8.4715946306272768E-003
  -4.1011663208178279E-003
  -3.3485889782625200E-003
   1.1899378736356125E-003
  -6.6996868954936825E-003
   1.0060825500032570E-002
  -1.1199394591149082E-002
   6.3708808634521078E-004
   2.1391442762995480E-004
   9.9706527688587653E-004
  -1.7579397182711208E-003
  -4.0691101872495440E-004
   3.8468428511520309E-004
  -2.1734992275179976E-004
  -1.0184278874912662E-003
  -2.4896816566611813E-003
   4.4622135593738567E-003
  -3.8464479020890386E-004
   5.1434311922647061E-004
  -1.2749059352016913E-003
  -2.9318415287500458E-004
  -1.5752347724824577E-004
   7.3614066605724761E-003
   7.2274454304333173E-005
   7.0057533073675671E-004
  -8.0261812436198659E-003
   1.3451804917470831E-002
  -1.5538806823465624E-004
  -1.2088353813771763E-003
   7.0668584521046496E-004
   5.6857820503284661E-005
  -4.1128062565767891E-004
   6.0410345624604966E-004
   8.4760020348333576E-004
  -1.3199665971023586E-003
  -4.8981481705457353E-003
  -9.1544684968081853E-004
   3.0979800343482870E-003
   7.1588098639113989E-004
  -2.4157438016150405E-003
   2.4032680661045577E-002
  -4.3432601120500323E-003
  -1.7859518642382719E-003
   2.3567320437288945E-003
  -1.1866579938502961E-002
   5.6298354430579633E-003
   2.0318681914142950E-003
   2.7794697458312697E-003
   1.0528082690051549E-003
  -1.8836199972110581E-003
  -1.1347392730326894E-003
   1.1839444453518796E-002
  -1.2011302840219866E-003
  -5.3490127181552740E-004
  -2.3053016536343832E-003
   1.1298467517900212E-003
  -5.0077914299697934E-003
  -1.0014597300682628E-002
  -2.8301746295591006E-003
  -6.3646496291547804E-003
   9.7130062569633809E-004
   1.6762640251612781E-002
   3.4722116718335543E-003
  -1.3656304287378360E-004
   1.7680591745726539E-003
   3.9068816898713671E-004
   1.8300783999272209E-003
  -2.5196571037031717E-003
  -3.9546722754581478E-003
   9.4675002579895900E-003
   3.2463507736771183E-003
   1.7344411712706723E-003
   3.7576126623320365E-003
   3.2411965906796198E-003
   3.1645047240512997E-003
  -6.9736993491867679E-003
   1.2823196436581152E-003
  -4.2796259270688674E-005
  -1.4658165706379145E-003
   2.1959453917491170E-003
  -9.9672171716729159E-004
  -1.1588424119434158E-003
  -3.1044513413105106E-004
   3.8587713368429721E-004
  -2.7080273967537959E-004
   8.6186335834912949E-004
  -2.4380828769672521E-003
  -3.5248342223339730E-003
   4.8089114012178419E-003
  -3.8387730156041948E-003
   8.3311469649945177E-003
   2.5410274760099085E-003
  -4.7682253629553186E-003
   3.8518254709300035E-003
   2.2372162768943215E-003
   1.1326782709876668E-003
  -6.6005797808723976E-003
  -2.1600043436279452E-003
   1.9329818993443256E-003
  -4.8494577995557238E-004
  -1.8107190250122084E-003
  -1.0902633701314699E-003
   2.5742748319488788E-003
   1.4217770147964168E-003
  -5.2260780864448429E-003
   1.6332531858030610E-003
  -1.9335428139016996E-003
  -1.1213682756657062E-003
   8.2377178185152899E-004
   2.8833672685234625E-003
   1.7056111518650369E-003
  -1.0182788436437381E-003
   7.4139004919628374E-005
  -8.1274855121146793E-005
  -2.0268019246747634E-003
  -4.3204164456609590E-004
  -3.3114545104888404E-004
   1.3718394539233324E-003
  -4.2462673007225677E-004
  -3.8451112551475184E-004
   1.3809346934091572E-003
   7.6078447983910875E-003
   6.1556093702310266E-005
  -2.7631796361936730E-003
   2.5317482559033353E-003
  -1.2061146511916761E-002
   3.4953287017403280E-003
  -1.4872868859555971E-003
   5.9522595247411270E-003
  -4.7199311797193940E-003
   1.3575661645664525E-002
   6.4214813822137447E-003
  -1.2798271981751084E-003
   6.7992856094022374E-004
  -8.3179421610542973E-004
   1.5546509406868349E-003
  -6.5515163377339995E-004
  -5.6672789106164412E-003
  -6.3002786225638773E-004
  -5.2243473470129911E-003
   8.5813938327796158E-003
   6.6904373521057261E-003
   1.7803719752560274E-003
   2.5743632917937494E-004
  -1.1025526835524822E-002
   8.2183524548187677E-003
  -4.5253443817516647E-003
  -1.5299806859138622E-003
   1.9233604301120790E-003
  -1.4123337888816247E-003
   4.3710140012096386E-003
   2.0455664849564005E-003
  -3.6813017728658083E-003
   2.5207122334916458E-003
   4.3479711460507704E-003
  -4.3262186376029112E-003
  -9.3611124646169712E-003
  -5.6533425041250087E-004
   3.8003066397700120E-003
  -2.5658644480041687E-003
   6.6835691703547931E-003
  -8.6499677477735997E-003
   6.9043261378325142E-003
  -7.0074350001056024E-003
  -9.8096333895933297E-003
  -4.9916243855323639E-003
   1.8965876791272644E-002
   4.3717594611544178E-003
  -1.6184612889935425E-003
   1.0122895825060291E-003
   1.8643020660030075E-003
   9.5195969755699204E-004
  -1.1930398362304914E-003
  -4.2819938373415386E-003
   1.1539512393017494E-002
  -4.4804525445836622E-003
   3.1557585323593131E-003
   2.4865337952039313E-003
   2.1860560204051184E-004
  -1.2486342279394023E-004
  -1.5438521052493124E-003
   1.2891992722639987E-003
   4.3188420450070391E-004
  -1.9277446679316311E-003
   3.5430219793055580E-003
  -1.5487168442996425E-003
  -6.3887324926816165E-004
   2.5781820830802164E-003
  -7.4947658210268778E-004
  -2.5022025539638013E-003
   1.9495543868743191E-003
  -3.5915611172638310E-004
  -3.0086368923036913E-003
   6.8834403334692490E-003
  -9.8790808556885774E-003
   1.2496671356549962E-002
   2.6874980552311505E-004
  -8.9939656475593744E-004
   1.5546559604109843E-003
   1.0144551384291517E-002
  -5.2100888061834662E-003
  -1.4466349861109308E-003
  -1.1379345044371409E-003
   2.3961658104650597E-003
  -8.6835145772109435E-005
  -4.3479192854741786E-003
  -8.1160935885438135E-004
   5.5808763023753594E-003
   1.0697615723174784E-003
  -2.5211824541343962E-003
   4.4866592373706089E-003
  -7.0629091809506581E-003
   1.9806022809607798E-004
   4.9427677900358352E-004
  -3.6647341030183445E-003
   3.2867906449575005E-003
  -1.8628285431218372E-003
   3.2952659329390816E-004
  -6.1875145917178676E-005
   9.6179844323263650E-005
   3.0160402566446509E-004
   1.6806690532761463E-004
   9.9713035303017382E-004
  -5.8765128949539338E-004
  -1.9574106821338972E-003
  -7.1570912992947136E-006
   1.8043901950581230E-003
  -1.1429658568877625E-003
   2.1978898572983991E-003
  -1.7031466801997216E-003
   3.2833936758384133E-003
  -2.5305009340188854E-003
   1.7919099938234148E-003
  -4.4279864984401182E-004
   4.5203260059209875E-003
  -5.9432014128104373E-003
   3.3014213603907856E-004
   7.2233950418053923E-004
  -1.3857509983962633E-003
   1.0603146789356429E-003
  -1.1018044593795471E-003
   2.7841456529723964E-005
   1.4284864742246874E-003
   5.4011810020231999E-004
   1.2577847044113158E-003
  -2.4438882373699596E-003
  -2.3990241231054586E-003
   4.1978462130281158E-003
  -8.2723068146380325E-003
   1.3572532052026237E-002
  -7.7015559546723261E-002
   6.2155417320986887E-002
   6.9949425847017457E-004
  -1.2424062453239132E-003
   5.5042875796132576E-003
  -3.6456480405260721E-003
   5.6052553028095432E-004
  -5.5635887911802918E-003
  -9.2094777981237557E-004
   4.6683586777889431E-003
   6.3140510195371152E-003
  -4.5746627815465582E-002
   2.9490128903798932E-004
  -3.3588367389745626E-003
   1.7583498860904000E-002
  -2.0715266550163904E-002
   1.5791918150369496E-003
  -3.8750014243687264E-002
   1.5306237737356444E-002
   1.9809009939763318E-002
  -7.5980398818279327E-004
 -0.19078474126358413     
   8.3621411979611655E-004
   2.2950502319530922E-004
   6.7672769290590834E-004
  -3.9334097210427593E-004
   1.4737375272909877E-003
  -4.7178906636072071E-003
   2.9378650199265327E-004
  -8.7108612138213056E-004
   8.1519944321968209E-003
  -8.5301250160283691E-003
  -8.6467997297354285E-003
   6.9739874540997258E-003
  -3.1824858173846775E-002
  0.24544120035445952     
  -6.9798909213238336E-002
  -1.4488016111791542E-003
   2.7433219589715254E-003
  -1.5010776792309923E-002
   4.5786102311690833E-003
   2.1568727612009363E-003
   6.6863008472397012E-003
   1.0314136623147863E-003
  -1.3230358547573050E-002
  -5.3874829083661434E-003
   5.5804038939251309E-002
   1.3584663262761998E-002
   6.0136797897291719E-003
  -4.3308283999975133E-002
   1.2297522117765447E-002
  -1.5588325991066550E-002
  0.12066122588950304     
  -5.4349562206590686E-002
  -6.4407088943946589E-002
   1.1762812343004069E-003
  0.21407716846369279     
   2.8868614237500391E-003
  -2.4563179832126129E-003
  -1.8246775165028397E-003
  -1.2696158961140983E-003
   9.3865087309858396E-004
   1.1020002233955254E-002
   1.0751042495486440E-005
   1.1387778740998522E-002
  -2.3479323428689979E-002
   9.8256525533004149E-003
   3.6603871591447523E-003
   1.8918768965680863E-003
  -3.1988642834547593E-003
   1.6640927836238200E-002
  -3.4212542550674501E-003
  -4.2140380192289185E-004
  -1.7716240235562591E-005
   4.7509603055757822E-004
   1.1140743990322348E-003
  -3.9111568231571412E-003
   8.0935973599263245E-004
  -4.9107925789327721E-004
   1.4205192125106437E-003
  -2.4136424936391614E-003
   3.6027294463829370E-003
  -2.4475650180870866E-003
   7.1317118157451804E-003
  -1.5240243365304627E-002
   1.4406755705673076E-002
   4.1102408848351464E-003
   1.4321237032698667E-002
  -2.7143202437628483E-005
  -9.2955680581080398E-003
   2.7901444448428527E-004
   3.7783523039153166E-002
  -6.0258581123364746E-003
   8.1903614196832445E-004
  -1.3379492343496412E-003
  -1.1190182009375952E-003
  -1.6041657157563588E-003
   3.9540057563244007E-003
   1.9975551266702253E-003
  -8.4671200500274282E-003
  -2.9329515208024524E-003
   1.2177017974361807E-003
  -7.2350649898234570E-003
   8.7897865286365243E-003
  -2.2547993703894837E-002
   6.0246745957051699E-002
  -2.7492754359929834E-002
   6.9602430718586098E-005
   1.9493972471502934E-003
  -3.9216516014216043E-003
   6.9590798811743145E-006
  -1.1451555539210747E-003
   4.1067763853653129E-003
   1.4516490051448604E-003
  -4.0453710882241084E-003
  -5.3012443940232733E-003
   1.8086456307565456E-002
  -5.4831651630159956E-003
   2.4568578101184751E-003
  -9.8471890734646867E-003
   5.6287379067777197E-003
   8.3101442297563014E-004
   9.1567337249113256E-003
   2.9251198006917676E-003
  -4.2881779019127509E-003
  -6.5270586473522747E-003
   4.3227037280673682E-002
  -2.3950763007814647E-004
  -1.7719035766902286E-003
   1.5185861139345349E-003
   3.2909258310918953E-004
  -4.7317722030724052E-004
  -3.9271387245378461E-004
   7.9018195079948292E-004
  -6.3782297307836682E-004
  -2.2288366228801482E-003
   5.6473480535090099E-004
   8.1807599246594659E-005
   4.9550130760508890E-003
  -1.1543349323735403E-003
   1.7130535490582691E-002
  -7.7569573049242994E-003
  -3.8273254942125420E-004
   4.8208068838378360E-005
  -4.6480543382683296E-003
   1.7961450440124494E-003
   2.9662609829723448E-004
   5.7693747791015522E-003
   1.6058178255163482E-004
  -1.9315192969117194E-003
   5.6899243392585731E-004
   1.0763744286068383E-002
  -6.0064075750196986E-003
  -2.7118949801463075E-004
  -2.8662176319794613E-003
   2.7266056824330090E-003
   4.1258616570777592E-003
   3.2995670827528339E-003
   1.1808514521404610E-002
  -1.5365744010631279E-002
   7.0219442760374355E-003
   3.3679692706956248E-002
  -4.8902123443340050E-004
   2.8543401158462002E-003
   3.6295281604457050E-004
   2.6523106883791993E-003
  -1.3163457551554796E-003
  -3.5109249548397402E-003
  -4.5112958099711442E-003
   1.3717521698447229E-004
   1.2927474268335638E-002
   6.1350622064206125E-003
