  -5.0000000000000000       -1.6608692219590277E-003 -0.23354997739013536     
  -4.9899899899899900       -1.8074406644187286E-003 -0.23424193071290128     
  -4.9799799799799800       -1.6151184755815347E-003 -0.23443508606798200     
  -4.9699699699699700       -1.1145131912018347E-003 -0.23512997190132223     
  -4.9599599599599600       -9.0839248892989088E-004 -0.23601419578496838     
  -4.9499499499499500       -8.2975027534410914E-004 -0.23685180668459216     
  -4.9399399399399400       -7.9559679149134792E-004 -0.23765261903291002     
  -4.9299299299299300       -7.8394647736197047E-004 -0.23843462595999185     
  -4.9199199199199199       -7.9472202377850595E-004 -0.23921021334970166     
  -4.9099099099099099       -8.5656283782411993E-004 -0.23997390045852290     
  -4.8998998998998999       -9.4303639321987839E-004 -0.24059355993595241     
  -4.8898898898898899       -8.3137702241340491E-004 -0.24125080119793882     
  -4.8798798798798799       -7.7645470584789249E-004 -0.24201204963231290     
  -4.8698698698698699       -7.5899697723211354E-004 -0.24277120892174925     
  -4.8598598598598599       -7.5316446467299058E-004 -0.24352501617426736     
  -4.8498498498498499       -7.5191456349635571E-004 -0.24427698164306666     
  -4.8398398398398399       -7.5294093062194497E-004 -0.24502944151465891     
  -4.8298298298298299       -7.5532125668254435E-004 -0.24578386642600702     
  -4.8198198198198199       -7.5863030992696847E-004 -0.24654126418663605     
  -4.8098098098098099       -7.6265572223607801E-004 -0.24730239596260933     
  -4.7997997997997999       -7.6729243760722502E-004 -0.24806789215464298     
  -4.7897897897897899       -7.7250041560939799E-004 -0.24883832160717642     
  -4.7797797797797799       -7.7828952279462155E-004 -0.24961424080522646     
  -4.7697697697697699       -7.8472040881286587E-004 -0.25039623808757033     
  -4.7597597597597598       -7.9192106404366968E-004 -0.25118498479282048     
  -4.7497497497497498       -8.0012878937311721E-004 -0.25198130826112841     
  -4.7397397397397398       -8.0978763791685060E-004 -0.25278631266838270     
  -4.7297297297297298       -8.2179123002597927E-004 -0.25360159968720114     
  -4.7197197197197198       -8.3817699870140222E-004 -0.25442968579784947     
  -4.7097097097097098       -8.6452039380638694E-004 -0.25527459204673852     
  -4.6996996996996998       -9.1958886332818731E-004 -0.25613877909962984     
  -4.6896896896896898       -1.0381692943196962E-003 -0.25696899159418329     
  -4.6796796796796798       -1.1033867793039886E-003 -0.25773790370563232     
  -4.6696696696696698       -1.1057771548881959E-003 -0.25850859838460488     
  -4.6596596596596598       -1.1551128782930084E-003 -0.25941840163758090     
  -4.6496496496496498       -1.3259633211773348E-003 -0.26010385218929533     
  -4.6396396396396398       -1.1345398334293728E-003 -0.26085879614330520     
  -4.6296296296296298       -1.0847049117833248E-003 -0.26184970898913712     
  -4.6196196196196198       -1.2128167645016974E-003 -0.26281999859887673     
  -4.6096096096096097       -1.3366038193281845E-003 -0.26356774464326826     
  -4.5995995995995997       -1.2350178053736423E-003 -0.26433695474132879     
  -4.5895895895895897       -1.1070422607629389E-003 -0.26533410956915410     
  -4.5795795795795797       -1.0913578621327090E-003 -0.26639667575951076     
  -4.5695695695695697       -1.1287942086692770E-003 -0.26748854548974071     
  -4.5595595595595597       -1.2140898503468060E-003 -0.26863575033589115     
  -4.5495495495495497       -1.3844298775075451E-003 -0.26987966523656132     
  -4.5395395395395397       -1.7745404466253409E-003 -0.27127854938397084     
  -4.5295295295295297       -2.8843409047281964E-003 -0.27271797671714565     
  -4.5195195195195197       -4.6636967204259786E-003 -0.27213569909534219     
  -4.5095095095095097       -3.1345734764097332E-003 -0.27180503522171351     
  -4.4994994994994997       -2.5784282513448744E-003 -0.27364572079385152     
  -4.4894894894894897       -3.3318848528703380E-003 -0.27565657084165301     
  -4.4794794794794797       -6.1896116326385156E-003 -0.27662169390858754     
  -4.4694694694694697       -6.4152856833296842E-003 -0.27302432794579878     
  -4.4594594594594597       -3.7788924771954874E-003 -0.27384078387736516     
  -4.4494494494494496       -3.3655521118148017E-003 -0.27492695770551562     
  -4.4394394394394396       -2.2848775910698292E-003 -0.27597021739752503     
  -4.4294294294294296       -1.7781485611358390E-003 -0.27762666319351320     
  -4.4194194194194196       -1.6513030987731553E-003 -0.27923289044689914     
  -4.4094094094094096       -1.7189202641449146E-003 -0.28083801150167398     
  -4.3993993993993996       -2.0239530265247960E-003 -0.28256011202074399     
  -4.3893893893893896       -2.9097466012658743E-003 -0.28452411450090764     
  -4.3793793793793796       -5.6884698856290057E-003 -0.28614425453301512     
  -4.3693693693693696       -8.3786289916023167E-003 -0.28220301114228802     
  -4.3593593593593596       -4.2533141699664266E-003 -0.28100613891662685     
  -4.3493493493493496       -2.4918036869949543E-003 -0.28299519863181821     
  -4.3393393393393396       -2.0040087377115774E-003 -0.28472159924321394     
  -4.3293293293293296       -1.6617063169564194E-003 -0.28609896861676953     
  -4.3193193193193196       -1.4398972859947935E-003 -0.28752026915183909     
  -4.3093093093093096       -1.3464522043340136E-003 -0.28887634627948128     
  -4.2992992992992995       -1.3178088530784360E-003 -0.29018256621949734     
  -4.2892892892892895       -1.3657562745335232E-003 -0.29145330389431306     
  -4.2792792792792795       -1.4887633595066028E-003 -0.29254378858612790     
  -4.2692692692692695       -1.3446307604534644E-003 -0.29360428320740367     
  -4.2592592592592595       -1.2537310395374073E-003 -0.29483022952969912     
  -4.2492492492492495       -1.2236937832338743E-003 -0.29605451017525924     
  -4.2392392392392395       -1.2131466463690063E-003 -0.29726898777653210     
  -4.2292292292292295       -1.2105616200224194E-003 -0.29847969629451626     
  -4.2192192192192195       -1.2121228824461957E-003 -0.29969090934070725     
  -4.2092092092092095       -1.2162525137859122E-003 -0.30090542655709052     
  -4.1991991991991995       -1.2221803021303004E-003 -0.30212521335080150     
  -4.1891891891891895       -1.2294856491695913E-003 -0.30335175686244403     
  -4.1791791791791795       -1.2379234796217249E-003 -0.30458625867030092     
  -4.1691691691691695       -1.2473490369710365E-003 -0.30582974669979002     
  -4.1591591591591595       -1.2576827685402562E-003 -0.30708314670069486     
  -4.1491491491491495       -1.2688942297352263E-003 -0.30834733352015853     
  -4.1391391391391394       -1.2809973603088547E-003 -0.30962317364916764     
  -4.1291291291291294       -1.2940560269414970E-003 -0.31091156735919689     
  -4.1191191191191194       -1.3082056701632443E-003 -0.31221349911244867     
  -4.1091091091091094       -1.3237152566053770E-003 -0.31353010775953472     
  -4.0990990990990994       -1.3411905915793098E-003 -0.31486277451073746     
  -4.0890890890890894       -1.3623579781063247E-003 -0.31621285748832045     
  -4.0790790790790794       -1.3892823691385738E-003 -0.31757698390934902     
  -4.0690690690690694       -1.4096891095914362E-003 -0.31896024166842557     
  -4.0590590590590594       -1.4376918387925802E-003 -0.32037770514313374     
  -4.0490490490490494       -1.4827523613875494E-003 -0.32182888572324714     
  -4.0390390390390394       -1.5667004498447496E-003 -0.32332228747069985     
  -4.0290290290290294       -1.7674809950281375E-003 -0.32482391337409311     
  -4.0190190190190194       -1.9525120155181636E-003 -0.32609576920500027     
  -4.0090090090090094       -2.0019972193990685E-003 -0.32754580560872115     
  -3.9989989989989989       -2.0809439831955246E-003 -0.32886094781134817     
  -3.9889889889889889       -2.0975295564148086E-003 -0.33029465522248153     
  -3.9789789789789789       -1.9355243161611726E-003 -0.33179019285925870     
  -3.9689689689689689       -1.9057494803316763E-003 -0.33356954301886960     
  -3.9589589589589589       -2.0892560737616282E-003 -0.33542651626924752     
  -3.9489489489489489       -2.5768126086246294E-003 -0.33711714767504664     
  -3.9389389389389389       -2.5883644658001820E-003 -0.33856476327180574     
  -3.9289289289289289       -2.7006304563587905E-003 -0.34076718869086564     
  -3.9189189189189189       -3.6023311015698431E-003 -0.34332086700568798     
  -3.9089089089089089       -6.4809639918171902E-003 -0.34531992100345171     
  -3.8988988988988988       -8.0189614321104895E-003 -0.34228637659999844     
  -3.8888888888888888       -4.8397537950278166E-003 -0.34321134115939794     
  -3.8788788788788788       -4.4516005466979491E-003 -0.34633130173177895     
  -3.8688688688688688       -6.6874096642582674E-003 -0.34821457120832822     
  -3.8588588588588588       -6.2695684215332099E-003 -0.34617325601953208     
  -3.8488488488488488       -3.7086549789701263E-003 -0.34808827446135121     
  -3.8388388388388388       -2.8974149399895502E-003 -0.35083502289177243     
  -3.8288288288288288       -2.7163009605205551E-003 -0.35346544289888809     
  -3.8188188188188188       -2.8684602893723691E-003 -0.35611035799634999     
  -3.8088088088088088       -3.4925634765628467E-003 -0.35895007501989912     
  -3.7987987987987988       -5.4648020153827111E-003 -0.36191650665482672     
  -3.7887887887887888       -9.7097722477088311E-003 -0.36130133924651514     
  -3.7787787787787788       -6.7491483001956920E-003 -0.35871509966297255     
  -3.7687687687687688       -4.4636061056093764E-003 -0.36169369177332555     
  -3.7587587587587588       -4.6848350444606435E-003 -0.36493050153322915     
  -3.7487487487487487       -6.0724198204993125E-003 -0.36605264322526937     
  -3.7387387387387387       -5.1782015574496172E-003 -0.36722197272719692     
  -3.7287287287287287       -5.1337491652978882E-003 -0.36884491362070271     
  -3.7187187187187187       -4.0728584885451214E-003 -0.37058355285009320     
  -3.7087087087087087       -3.7885642872699916E-003 -0.37361549366314351     
  -3.6986986986986987       -5.0645988414087960E-003 -0.37658304240328533     
  -3.6886886886886887       -7.3977697482564457E-003 -0.37656512905900191     
  -3.6786786786786787       -5.4340348131249154E-003 -0.37596942242377596     
  -3.6686686686686687       -3.5006007444246825E-003 -0.37843852739167594     
  -3.6586586586586587       -2.8302228079313788E-003 -0.38123038203217752     
  -3.6486486486486487       -2.5726823669199907E-003 -0.38383164130611758     
  -3.6386386386386387       -2.4578406879190700E-003 -0.38631069316487876     
  -3.6286286286286287       -2.4042188382279806E-003 -0.38872577208385695     
  -3.6186186186186187       -2.3809315668859720E-003 -0.39111034333022932     
  -3.6086086086086087       -2.3751197649579041E-003 -0.39348480176769490     
  -3.5985985985985987       -2.3804266367754502E-003 -0.39586118078422211     
  -3.5885885885885886       -2.3932030337949469E-003 -0.39824776079688146     
  -3.5785785785785786       -2.4113615286687432E-003 -0.40065049877177211     
  -3.5685685685685686       -2.4336366590242630E-003 -0.40307389187844717     
  -3.5585585585585586       -2.4592296964181751E-003 -0.40552151038236522     
  -3.5485485485485486       -2.4876248113658490E-003 -0.40799632341861053     
  -3.5385385385385386       -2.5184874592471384E-003 -0.41050090665262401     
  -3.5285285285285286       -2.5516056537899017E-003 -0.41303758106199517     
  -3.5185185185185186       -2.5868551504860371E-003 -0.41560851055252818     
  -3.5085085085085086       -2.6241788392117093E-003 -0.41821577477358651     
  -3.4984984984984986       -2.6635752480662438E-003 -0.42086142740377908     
  -3.4884884884884886       -2.7050935538878783E-003 -0.42354754692062774     
  -3.4784784784784786       -2.7488340404202170E-003 -0.42627628528428807     
  -3.4684684684684686       -2.7949541721075635E-003 -0.42904991954801625     
  -3.4584584584584586       -2.8436818676499066E-003 -0.43187091207098449     
  -3.4484484484484486       -2.8953399255359853E-003 -0.43474198707937745     
  -3.4384384384384385       -2.9503907453640238E-003 -0.43766623574833075     
  -3.4284284284284285       -3.0095246381400091E-003 -0.44064727058462932     
  -3.4184184184184185       -3.0738634684984363E-003 -0.44368946127122999     
  -3.4084084084084085       -3.1455539424014049E-003 -0.44679820991699021     
  -3.3983983983983985       -3.2291525644978672E-003 -0.44997866140667675     
  -3.3883883883883881       -3.3229826173310391E-003 -0.45323557874355314     
  -3.3783783783783781       -3.4407060435647343E-003 -0.45659581434240260     
  -3.3683683683683681       -3.6333755715197429E-003 -0.46006206642571623     
  -3.3583583583583581       -3.9317480853368041E-003 -0.46351244853482398     
  -3.3483483483483480       -4.1340262788075064E-003 -0.46707759172779734     
  -3.3383383383383380       -4.5406537639363070E-003 -0.47064242586264188     
  -3.3283283283283280       -4.6392758153376030E-003 -0.47422252061756315     
  -3.3183183183183180       -4.7448377072768031E-003 -0.47844613226891242     
  -3.3083083083083080       -5.4439576277416513E-003 -0.48308902576832380     
  -3.2982982982982980       -6.9142504229018501E-003 -0.48748964719897281     
  -3.2882882882882880       -8.2293626219280304E-003 -0.49242145346617272     
  -3.2782782782782780       -1.3385269742285802E-002 -0.49799921714492507     
  -3.2682682682682680       -2.0162811839212706E-002 -0.49305566063825051     
  -3.2582582582582580       -1.2592046204653918E-002 -0.49221418434797060     
  -3.2482482482482480       -1.0966593886778160E-002 -0.49912620495876725     
  -3.2382382382382380       -1.4655795066134455E-002 -0.50160648780436101     
  -3.2282282282282280       -1.0520190818127852E-002 -0.50123396950667443     
  -3.2182182182182180       -7.2298586685181970E-003 -0.50711310275981158     
  -3.2082082082082080       -6.2451697985166765E-003 -0.51323910411289331     
  -3.1981981981981980       -6.0376363725353184E-003 -0.51915876873582001     
  -3.1881881881881879       -6.2585554257794575E-003 -0.52513134452309773     
  -3.1781781781781779       -7.0048137310450660E-003 -0.53144260296290224     
  -3.1681681681681679       -8.9894004834084520E-003 -0.53840780313626158     
  -3.1581581581581579       -1.5012691029478642E-002 -0.54513816392498871     
  -3.1481481481481479       -2.3194769453565387E-002 -0.53987591783231648     
  -3.1381381381381379       -1.3875016592243954E-002 -0.53785009721052901     
  -3.1281281281281279       -9.6493273737222069E-003 -0.54503901720445913     
  -3.1181181181181179       -8.1630890903630869E-003 -0.55144842126701854     
  -3.1081081081081079       -7.1081962835671296E-003 -0.55790329250236714     
  -3.0980980980980979       -6.6549660421100542E-003 -0.56448492167962738     
  -3.0880880880880879       -6.5438371468067484E-003 -0.57099202817715178     
  -3.0780780780780779       -6.5957422473456370E-003 -0.57751221610645975     
  -3.0680680680680679       -6.7734532710102954E-003 -0.58414459361116566     
  -3.0580580580580579       -7.1304966057136217E-003 -0.59098524003117103     
  -3.0480480480480479       -7.8971538580421136E-003 -0.59809881925418695     
  -3.0380380380380378       -9.7842281886739314E-003 -0.60522418619264318     
  -3.0280280280280278       -1.2350242561932080E-002 -0.60927576147389706     
  -3.0180180180180178       -1.0080252726276011E-002 -0.61364278752106960     
  -3.0080080080080078       -8.5195801293675537E-003 -0.62129994779290598     
  -2.9979979979979978       -8.1231296121886711E-003 -0.62929967221944294     
  -2.9879879879879878       -8.1042116283472562E-003 -0.63732449017184534     
  -2.9779779779779778       -8.2268994911602264E-003 -0.64545758491243233     
  -2.9679679679679678       -8.4192259821756904E-003 -0.65376653280200725     
  -2.9579579579579578       -8.6550110364204368E-003 -0.66229674749813350     
  -2.9479479479479478       -8.9235873168521281E-003 -0.67108229820389964     
  -2.9379379379379378       -9.2205488874071533E-003 -0.68015203162411875     
  -2.9279279279279278       -9.5444241118242956E-003 -0.68953273693280703     
  -2.9179179179179178       -9.8953255792213705E-003 -0.69925089677205077     
  -2.9079079079079078       -1.0274357354478915E-002 -0.70933376987980401     
  -2.8978978978978978       -1.0683348116062464E-002 -0.71981015645708957     
  -2.8878878878878878       -1.1124740803273055E-002 -0.73071102077331229     
  -2.8778778778778777       -1.1601567193939122E-002 -0.74207006566503386     
  -2.8678678678678677       -1.2117476232003576E-002 -0.75392431700093654     
  -2.8578578578578577       -1.2676803433172673E-002 -0.76631476006849364     
  -2.8478478478478477       -1.3284678387465641E-002 -0.77928706436229156     
  -2.8378378378378377       -1.3947173573831231E-002 -0.79289243423329314     
  -2.8278278278278277       -1.4671502882277010E-002 -0.80718862876526931     
  -2.8178178178178177       -1.5466283857084671E-002 -0.82224120502487685     
  -2.8078078078078077       -1.6341884954872803E-002 -0.83812505552634287     
  -2.7977977977977977       -1.7310889531718675E-002 -0.85492633556118558     
  -2.7877877877877877       -1.8388724061844778E-002 -0.87274491277451960     
  -2.7777777777777777       -1.9594522996538105E-002 -0.89169752637680277     
  -2.7677677677677677       -2.0952343460963075E-002 -0.91192192735551214     
  -2.7577577577577577       -2.2492912760206051E-002 -0.93358240228462230     
  -2.7477477477477477       -2.4256218562105393E-002 -0.95687729191881643     
  -2.7377377377377377       -2.6295485712319135E-002 -0.98204941959893177     
  -2.7277277277277276       -2.8683148440559844E-002  -1.0094010090583767     
  -2.7177177177177176       -3.1521885383105006E-002  -1.0393167963052472     
  -2.7077077077077076       -3.4964585602492229E-002  -1.0722968979199197     
  -2.6976976976976976       -3.9254979448572341E-002  -1.1090113095294343     
  -2.6876876876876876       -4.4836582478745918E-002  -1.1503726522364177     
  -2.6776776776776776       -5.2595772188522676E-002  -1.1973999389006338     
  -2.6676676676676676       -6.2684614927132426E-002  -1.2513154854458093     
  -2.6576576576576576       -7.7934747776367941E-002  -1.3167444501256873     
  -2.6476476476476476      -0.10412911922501723       -1.3944021755307889     
  -2.6376376376376376      -0.14814434925620407       -1.4946622573686188     
  -2.6276276276276276      -0.26009831312141518       -1.6122705173844518     
  -2.6176176176176176      -0.45512581124805135       -1.6383804549649896     
  -2.6076076076076076      -0.57260643778003673       -1.5139915596821498     
  -2.5975975975975976      -0.47323099138037789       -1.4929271119161782     
  -2.5875875875875876      -0.54088517899950284       -1.6478156029809912     
  -2.5775775775775776      -0.70458301732308293       -1.6859093707927983     
  -2.5675675675675675      -0.84101442239445834       -1.6626056400218234     
  -2.5575575575575575      -0.95336974853544088       -1.6194743186736609     
  -2.5475475475475475       -1.0504858179959449       -1.5658023768243428     
  -2.5375375375375375       -1.1363694890903555       -1.5010798087940653     
  -2.5275275275275275       -1.2064926343033844       -1.4171391057359906     
  -2.5175175175175175       -1.2154327251285120       -1.3130486783656392     
  -2.5075075075075075       -1.1795082788024629       -1.3392325990687919     
  -2.4974974974974975       -1.2813614244145133       -1.3556249548507295     
  -2.4874874874874875       -1.3710087913643454       -1.3077812403564264     
  -2.4774774774774775       -1.4402139440648281       -1.2483343512016265     
  -2.4674674674674675       -1.4995888511072970       -1.1857826474710018     
  -2.4574574574574575       -1.5525315908086739       -1.1209007938549906     
  -2.4474474474474475       -1.6003977748125500       -1.0540970301790216     
  -2.4374374374374375       -1.6441658648644080      -0.98544279822571923     
  -2.4274274274274275       -1.6843604212766781      -0.91476215645671688     
  -2.4174174174174174       -1.7212333043606050      -0.84183806277138329     
  -2.4074074074074074       -1.7548904130394407      -0.76644030626871751     
  -2.3973973973973974       -1.7853017338329160      -0.68830014902972025     
  -2.3873873873873874       -1.8123156888096870      -0.60720227148837602     
  -2.3773773773773774       -1.8359041817857358      -0.52291646994685470     
  -2.3673673673673674       -1.8557279343284212      -0.43491313392278574     
  -2.3573573573573574       -1.8713192393044396      -0.34291725309578086     
  -2.3473473473473474       -1.8821852733931737      -0.24655224154011257     
  -2.3373373373373374       -1.8876633490199126      -0.14537667069342297     
  -2.3273273273273274       -1.8868831138132265       -3.8901110668529276E-002
  -2.3173173173173174       -1.8787051511334396        7.3408948338120436E-002
  -2.3073073073073074       -1.8616271882450921       0.19212449301044424     
  -2.2972972972972974       -1.8336431322066724       0.31782892360484311     
  -2.2872872872872874       -1.7920265785254892       0.45106125920100620     
  -2.2772772772772774       -1.7329866121607000       0.59218821484425643     
  -2.2672672672672673       -1.6510963699408991       0.74111240724193683     
  -2.2572572572572573       -1.5382962819392516       0.89656864373684442     
  -2.2472472472472473       -1.3820803811916065        1.0542475365263455     
  -2.2372372372372373       -1.1623675870206898        1.2009626203691672     
  -2.2272272272272273      -0.85137672535264086        1.2931537495131811     
  -2.2172172172172173      -0.48589535631112857        1.2122421846392033     
  -2.2072072072072073      -0.27114552572140199       0.98844323944533918     
  -2.1971971971971973      -0.18094425021981062       0.79743397279980155     
  -2.1871871871871873      -0.13538218171298538       0.65108146387175603     
  -2.1771771771771773      -0.10830404632520044       0.53452068654707174     
  -2.1671671671671673       -9.0500514700336723E-002  0.43791869081209828     
  -2.1571571571571573       -7.8008086504858687E-002  0.35532159496470356     
  -2.1471471471471473       -6.8850297564848353E-002  0.28295141975700300     
  -2.1371371371371373       -6.1933100358134222E-002  0.21827622362430155     
  -2.1271271271271273       -5.6603081538852094E-002  0.15951517716041960     
  -2.1171171171171173       -5.2447320883148942E-002  0.10536250647220592     
  -2.1071071071071072       -4.9193701430597585E-002   5.4824987299373726E-002
  -2.0970970970970972       -4.6657473886652284E-002   7.1213311386594830E-003
  -2.0870870870870872       -4.4710941243141684E-002  -3.8383070637072164E-002
  -2.0770770770770772       -4.3265527360696436E-002  -8.2220398519804394E-002
  -2.0670670670670672       -4.2260926493546187E-002 -0.12485182549681081     
  -2.0570570570570572       -4.1658670316756852E-002 -0.16669094864938275     
  -2.0470470470470472       -4.1438479018394085E-002 -0.20812162265859688     
  -2.0370370370370372       -4.1593098591869486E-002 -0.24951427553391042     
  -2.0270270270270272       -4.2134488826964508E-002 -0.29124926391051770     
  -2.0170170170170172       -4.3101349489593592E-002 -0.33372130220807555     
  -2.0070070070070072       -4.4576219229807867E-002 -0.37736090963445523     
  -1.9969969969969972       -4.6722615684145416E-002 -0.42263366390477974     
  -1.9869869869869872       -4.9927319143552376E-002 -0.46972300586805593     
  -1.9769769769769772       -5.3024592518946631E-002 -0.51875018071056478     
  -1.9669669669669672       -5.6675191775428325E-002 -0.57247455125484303     
  -1.9569569569569571       -6.2093102869726614E-002 -0.63111718768934377     
  -1.9469469469469471       -6.9621692666551924E-002 -0.69597204504562327     
  -1.9369369369369371       -8.0385129107880260E-002 -0.76922630061032748     
  -1.9269269269269271       -9.7233509717795527E-002 -0.85401529106572827     
  -1.9169169169169171      -0.12842148619749724      -0.95196775545353507     
  -1.9069069069069071      -0.17166026745982055       -1.0461601248634282     
  -1.8968968968968971      -0.20850827907440153       -1.1830255016184315     
  -1.8868868868868871      -0.32480624676507974       -1.3727996836313017     
  -1.8768768768768771      -0.57844250540875464       -1.5117220440924073     
  -1.8668668668668671      -0.84622947081465438       -1.5055747577005907     
  -1.8568568568568571       -1.0555146842299479       -1.4338432416110218     
  -1.8468468468468471       -1.2190005594127873       -1.3401470405921370     
  -1.8368368368368371       -1.3512327829248447       -1.2381680056763498     
  -1.8268268268268271       -1.4600379244056749       -1.1320368252310558     
  -1.8168168168168171       -1.5504437125006059       -1.0242432279022218     
  -1.8068068068068071       -1.6261196361735151      -0.91582211775373179     
  -1.7967967967967970       -1.6894680149432182      -0.80708078258261695     
  -1.7867867867867866       -1.7421819873280766      -0.69816538156170305     
  -1.7767767767767766       -1.7854907898123726      -0.58903773357326972     
  -1.7667667667667666       -1.8202562862287281      -0.47956237056674217     
  -1.7567567567567566       -1.8470584401338699      -0.36954808983140708     
  -1.7467467467467466       -1.8662467851789262      -0.25876789733367367     
  -1.7367367367367366       -1.8779686456974720      -0.14697061305986692     
  -1.7267267267267266       -1.8821828121783111       -3.3892026269995240E-002
  -1.7167167167167166       -1.8786669610971680        8.0752627664397197E-002
  -1.7067067067067065       -1.8669718029319700       0.19725594299324148     
  -1.6966966966966965       -1.8464166004909996       0.31589719842940045     
  -1.6866866866866865       -1.8160273404627088       0.43694303306545773     
  -1.6766766766766765       -1.7744487732028089       0.56061644336087568     
  -1.6666666666666665       -1.7198111454613840       0.68704580573537632     
  -1.6566566566566565       -1.6495167335065173       0.81616607323485402     
  -1.6466466466466465       -1.5598868187738255       0.94751502580253855     
  -1.6366366366366365       -1.4455503519553101        1.0797799082001491     
  -1.6266266266266265       -1.2983339300833692        1.2096725669770727     
  -1.6166166166166165       -1.1052558928606291        1.3286734243044895     
  -1.6066066066066065      -0.84662343391740624        1.4115994315311715     
  -1.5965965965965965      -0.52322089243945413        1.3802397388197540     
  -1.5865865865865865      -0.28569955463070684        1.1890030434752656     
  -1.5765765765765765      -0.18414338990641099       0.99976761038947659     
  -1.5665665665665665      -0.13558106618058197       0.85371782717887057     
  -1.5565565565565564      -0.10772503512149297       0.73787115421855787     
  -1.5465465465465464       -8.9825342575948361E-002  0.64206772137367452     
  -1.5365365365365364       -7.7480953618062995E-002  0.56013736644787659     
  -1.5265265265265264       -6.8571739602425866E-002  0.48819938487474945     
  -1.5165165165165164       -6.1953159241845919E-002  0.42367002902534728     
  -1.5065065065065064       -5.6955404281307763E-002  0.36473572464105902     
  -1.4964964964964964       -5.3163390845781165E-002  0.31006218962621085     
  -1.4864864864864864       -5.0309815611517393E-002  0.25862450121458302     
  -1.4764764764764764       -4.8219079457198090E-002  0.20960205490531633     
  -1.4664664664664664       -4.6776258809367935E-002  0.16230988353025214     
  -1.4564564564564564       -4.5909433028531267E-002  0.11615096835752181     
  -1.4464464464464464       -4.5579737974184062E-002   7.0580716746229594E-002
  -1.4364364364364364       -4.5776369371962382E-002   2.5078115203999381E-002
  -1.4264264264264264       -4.6515260599361417E-002  -2.0880274360575407E-002
  -1.4164164164164164       -4.7841105757227373E-002  -6.7846638552131328E-002
  -1.4064064064064064       -4.9833211201710449E-002 -0.11643178172171374     
  -1.3963963963963963       -5.2616686170369235E-002 -0.16734256484025248     
  -1.3863863863863863       -5.6382249002418783E-002 -0.22143257360688878     
  -1.3763763763763763       -6.1419096280177166E-002 -0.27977384396607563     
  -1.3663663663663663       -6.8172104687155455E-002 -0.34377844364345134     
  -1.3563563563563563       -7.7373507197863040E-002 -0.41537658596568600     
  -1.3463463463463463       -9.0266174635979177E-002 -0.49733186747359187     
  -1.3363363363363363      -0.10915875393746621      -0.59382140888228452     
  -1.3263263263263263      -0.13883850917848467      -0.71151554911102055     
  -1.3163163163163163      -0.19094347429244951      -0.86142664907667166     
  -1.3063063063063063      -0.29991985505619578       -1.0582055395646246     
  -1.2962962962962963      -0.55929236844785546       -1.2622286017749800     
  -1.2862862862862863      -0.92648384651181004       -1.2830324272653657     
  -1.2762762762762763       -1.2148373772164838       -1.1624817317536409     
  -1.2662662662662663       -1.4196842646022965      -0.99971566015673863     
  -1.2562562562562563       -1.5663760058103657      -0.82670303473358864     
  -1.2462462462462462       -1.6716404319915741      -0.65369207718313860     
  -1.2362362362362362       -1.7458481407045858      -0.48450106599816711     
  -1.2262262262262262       -1.7961998865022772      -0.32021817787762691     
  -1.2162162162162162       -1.8267781295819463      -0.16073142037562824     
  -1.2062062062062062       -1.8405346257656321       -6.0627319093825988E-003
  -1.1961961961961962       -1.8395347416687113       0.14411537854963166     
  -1.1861861861861862       -1.8250902519229599       0.29020039377953055     
  -1.1761761761761762       -1.7979468463564221       0.43256808820033144     
  -1.1661661661661662       -1.7583657441897593       0.57155942749575595     
  -1.1561561561561562       -1.7061362860835356       0.70740598520081144     
  -1.1461461461461462       -1.6405837158205088       0.84020734542865771     
  -1.1361361361361362       -1.5604640873665216       0.96986526399497119     
  -1.1261261261261262       -1.4637841923583379        1.0959483878978236     
  -1.1161161161161162       -1.3474619799521079        1.2174169551059522     
  -1.1061061061061062       -1.2066868374262045        1.3319773657367211     
  -1.0960960960960962       -1.0337126395788923        1.4343261896965409     
  -1.0860860860860861      -0.81608763784535376        1.5103547209455475     
  -1.0760760760760761      -0.54371111049792087        1.5157795430222258     
  -1.0660660660660661      -0.29650270943665763        1.3790530638784029     
  -1.0560560560560561      -0.17964656935590723        1.2040641693820171     
  -1.0460460460460461      -0.12675101092980504        1.0676150166744371     
  -1.0360360360360361       -9.7519025075049781E-002  0.96196778618798651     
  -1.0260260260260261       -7.9043228187497191E-002  0.87685083504079342     
  -1.0160160160160161       -6.6338887798478033E-002  0.80593554040855908     
  -1.0060060060060061       -5.7096905331751671E-002  0.74531078389546856     
 -0.99599599599599564       -5.0100654368933115E-002  0.69243017828923581     
 -0.98598598598598564       -4.4647195055816928E-002  0.64555138226052200     
 -0.97597597597597563       -4.0301632369002770E-002  0.60343127261635499     
 -0.96596596596596562       -3.6780462568572814E-002  0.56515144146620289     
 -0.95595595595595562       -3.3891172277376910E-002  0.53001305567799928     
 -0.94594594594594561       -3.1498759122575569E-002  0.49747056313490701     
 -0.93593593593593560       -2.9506130993098068E-002  0.46708820283487684     
 -0.92592592592592560       -2.7842109382484340E-002  0.43851046049558773     
 -0.91591591591591559       -2.6453817743181715E-002  0.41144135334260873     
 -0.90590590590590558       -2.5301713081635702E-002  0.38562946640781870     
 -0.89589589589589558       -2.4356276015644038E-002  0.36085681848677142     
 -0.88588588588588557       -2.3595782538759477E-002  0.33693031374581850     
 -0.87587587587587556       -2.3004811075649979E-002  0.31367494313025751     
 -0.86586586586586556       -2.2573274611279059E-002  0.29092814935085454     
 -0.85585585585585555       -2.2295852674353637E-002  0.26853492128923406     
 -0.84584584584584555       -2.2171755105820184E-002  0.24634327197709815     
 -0.83583583583583554       -2.2204792574504979E-002  0.22419979707455348     
 -0.82582582582582553       -2.2403766915088091E-002  0.20194501632594444     
 -0.81581581581581553       -2.2783235231408735E-002  0.17940816974391496     
 -0.80580580580580552       -2.3364753789660058E-002  0.15640106710742266     
 -0.79579579579579551       -2.4178782886005060E-002  0.13271045875525325     
 -0.78578578578578551       -2.5267551457664735E-002  0.10808817927743918     
 -0.77577577577577550       -2.6689374575357160E-002   8.2237962783122162E-002
 -0.76576576576576549       -2.8525252670665028E-002   5.4797247932080968E-002
 -0.75575575575575549       -3.0889185659113614E-002   2.5311316198721109E-002
 -0.74574574574574548       -3.3944771241346615E-002  -6.8045768405303299E-003
 -0.73573573573573547       -3.7932899074022933E-002  -4.2322426828743355E-002
 -0.72572572572572547       -4.3220034647899169E-002  -8.2291007152141493E-002
 -0.71571571571571546       -5.0387036518353259E-002 -0.12818150963996341     
 -0.70570570570570545       -6.0403727800832696E-002 -0.18213522067499513     
 -0.69569569569569545       -7.5001904923146595E-002 -0.24740585447023555     
 -0.68568568568568544       -9.7559513715382490E-002 -0.32918780221077310     
 -0.67567567567567544      -0.13551705387392424      -0.43622668904584871     
 -0.66566566566566543      -0.20838509665803540      -0.58333080639039248     
 -0.65565565565565542      -0.37821648761290749      -0.78427038070922606     
 -0.64564564564564542      -0.77575345111679217      -0.91989236278950826     
 -0.63563563563563541       -1.2150772723412808      -0.74262781446903969     
 -0.62562562562562540       -1.4754765000584997      -0.41059882456402319     
 -0.61561561561561540       -1.5866844945308114       -5.2197896330946882E-002
 -0.60560560560560539       -1.5884749274497871       0.29461313471008949     
 -0.59559559559559538       -1.5016515561741535       0.61649072620114265     
 -0.58558558558558538       -1.3324249159607449       0.90398588624594289     
 -0.57557557557557537       -1.0743100659922533        1.1384845351400292     
 -0.56556556556556536      -0.71799315368272876        1.2621653779292021     
 -0.55555555555555536      -0.36813357127018681        1.1667344650583136     
 -0.54554554554554535      -0.19990169991402185       0.98414289596196269     
 -0.53553553553553535      -0.12859007980292253       0.84530605554593830     
 -0.52552552552552534       -9.1815100938193575E-002  0.74440683738239066     
 -0.51551551551551533       -6.9945291244829372E-002  0.66784664452418929     
 -0.50550550550550533       -5.5685622499047523E-002  0.60735018999933121     
 -0.49549549549549532       -4.5781213799600970E-002  0.55798684469070325     
 -0.48548548548548531       -3.8577247458224634E-002  0.51667377577659457     
 -0.47547547547547531       -3.3149581932106306E-002  0.48138618316726112     
 -0.46546546546546530       -2.8944617709446372E-002  0.45073699067069406     
 -0.45545545545545529       -2.5612205257672570E-002  0.42374208069192076     
 -0.44544544544544529       -2.2921061500394788E-002  0.39968247342787927     
 -0.43543543543543528       -2.0712904755230480E-002  0.37801973944011180     
 -0.42542542542542527       -1.8876162406292942E-002  0.35834204689318938     
 -0.41541541541541527       -1.7330190729708796E-002  0.34032858788134596     
 -0.40540540540540526       -1.6015431621826698E-002  0.32372543992330105     
 -0.39539539539539525       -1.4887067468898304E-002  0.30832877200390146     
 -0.38538538538538525       -1.3910813280341430E-002  0.29397290113701413     
 -0.37537537537537524       -1.3060056245815091E-002  0.28052163199950864     
 -0.36536536536536524       -1.2313868395636788E-002  0.26786186766171427     
 -0.35535535535535523       -1.1655598879041981E-002  0.25589882222046267     
 -0.34534534534534522       -1.1071859404022531E-002  0.24455238321564662     
 -0.33533533533533522       -1.0551781559065507E-002  0.23375431241299754     
 -0.32532532532532521       -1.0086465448818287E-002  0.22344606666812017     
 -0.31531531531531520       -9.6685650931359474E-003  0.21357708341498496     
 -0.30530530530530520       -9.2919730126208196E-003  0.20410341844576504     
 -0.29529529529529519       -8.9515777072005521E-003  0.19498665371819782     
 -0.28528528528528518       -8.6430753651543669E-003  0.18619301419785297     
 -0.27527527527527518       -8.3628223831973113E-003  0.17769264798936293     
 -0.26526526526526517       -8.1077189346376102E-003  0.16945903507091509     
 -0.25525525525525516       -7.8751164086933879E-003  0.16146849805628594     
 -0.24524524524524516       -7.6627433987515696E-003  0.15369979441141973     
 -0.23523523523523515       -7.4686462670869175E-003  0.14613377402913716     
 -0.22522522522522515       -7.2911413125610405E-003  0.13875308942019923     
 -0.21521521521521514       -7.1287763238270067E-003  0.13154194829320678     
 -0.20520520520520513       -6.9802998918440679E-003  0.12448590016428855     
 -0.19519519519519513       -6.8446373429150737E-003  0.11757164998932658     
 -0.18518518518518512       -6.7208725902179571E-003  0.11078689272294186     
 -0.17517517517517511       -6.6082356433815161E-003  0.10412016320574327     
 -0.16516516516516511       -6.5060960328118828E-003   9.7560695834589053E-002
 -0.15515515515515510       -6.4139631055047290E-003   9.1098287972590661E-002
 -0.14514514514514509       -6.3314952153513352E-003   8.4723159777007603E-002
 -0.13513513513513509       -6.2585216024529863E-003   7.8425800621698225E-002
 -0.12512512512512508       -6.1950838966464729E-003   7.2196787727857592E-002
 -0.11511511511511507       -6.1415100588131464E-003   6.6026554380587410E-002
 -0.10510510510510507       -6.0985451605081818E-003   5.9905070010965900E-002
  -9.5095095095095061E-002  -6.0675875259859277E-003   5.3821365920745434E-002
  -8.5085085085085055E-002  -6.0511321684647680E-003   4.7762784525184003E-002
  -7.5075075075075048E-002  -6.0536504629062383E-003   4.1713715458193065E-002
  -6.5065065065065042E-002  -6.0834639361514410E-003   3.5653336498256381E-002
  -5.5055055055055035E-002  -6.1571149903386496E-003   2.9551333532553639E-002
  -4.5045045045045029E-002  -6.3108221159610895E-003   2.3359398517003506E-002
  -3.5035035035035023E-002  -6.6353945765450575E-003   1.6994639349419926E-002
  -2.5025025025025016E-002  -7.4046125856009537E-003   1.0322357510236232E-002
  -1.5015015015015010E-002  -9.6029294295889873E-003   3.4115674482425072E-003
  -5.0050050050050032E-003  -1.4399933925274932E-002  -2.9816866449068223E-004
   5.0050050050050032E-003  -1.4404930442275189E-002   2.9240971737524703E-004
   1.5015015015015010E-002  -9.6067813548425737E-003  -3.4100376252239428E-003
   2.5025025025025016E-002  -7.4059159670334983E-003  -1.0320680169178156E-002
   3.5035035035035023E-002  -6.6359524364888638E-003  -1.6993425931183186E-002
   4.5045045045045029E-002  -6.3111274827762198E-003  -2.3358500199425196E-002
   5.5055055055055035E-002  -6.1573201763984436E-003  -2.9550651709069616E-002
   6.5065065065065042E-002  -6.0836265769462980E-003  -3.5652822844694745E-002
   7.5075075075075048E-002  -6.0537961990038596E-003  -4.1713348596931724E-002
   8.5085085085085055E-002  -6.0512740078358341E-003  -4.7762557541879490E-002
   9.5095095095095061E-002  -6.0677328845720087E-003  -5.3821280238781098E-002
  0.10510510510510507       -6.0986987725887174E-003  -5.9905132316145762E-002
  0.11511511511511507       -6.1416753108343904E-003  -6.6026775031571394E-002
  0.12512512512512508       -6.1952634944702316E-003  -7.2197179928855382E-002
  0.13513513513513509       -6.2587179331599916E-003  -7.8426380011112143E-002
  0.14514514514514509       -6.3317105602046135E-003  -8.4723944259179437E-002
  0.15515515515515510       -6.4141997773046978E-003  -9.1099297703342325E-002
  0.16516516516516511       -6.5063564742927982E-003  -9.7561953313634472E-002
  0.17517517517517511       -6.6085225062609085E-003 -0.10412169345174710     
  0.18518518518518512       -6.7211888062100027E-003 -0.11078872351997272     
  0.19519519519519513       -6.8449861938720434E-003 -0.11757381220147031     
  0.20520520520520513       -6.9806850841446673E-003 -0.12448842812070078     
  0.21521521521521514       -7.1292020712265423E-003 -0.13154488025017605     
  0.22522522522522515       -7.2916124314998743E-003 -0.13875646811068154     
  0.23523523523523515       -7.4691682887075032E-003 -0.14613764731417611     
  0.24524524524524516       -7.6633227025201750E-003 -0.15370421605226606     
  0.25525525525525516       -7.8757603835582900E-003 -0.16147352863130743     
  0.26526526526526517       -8.1084361751384611E-003 -0.16946474306783166     
  0.27527527527527518       -8.3636229299843962E-003 -0.17769911111153838     
  0.28528528528528518       -8.6439710021622967E-003 -0.18620032093387343     
  0.29529529529529519       -8.9525823315170193E-003 -0.19499490523761759     
  0.30530530530530520       -9.2931030982881403E-003 -0.20411273090188517     
  0.31531531531531520       -9.6698402773003692E-003 -0.21358759075937792     
  0.32532532532532521       -1.0087909278648607E-002 -0.22345792411365464     
  0.33533533533533522       -1.0553422451972412E-002 -0.23376770072557287     
  0.34534534534534522       -1.1073731893856237E-002 -0.24456751407442789     
  0.35535535535535523       -1.1657745250100758E-002 -0.25591594496915809     
  0.36536536536536524       -1.2316340849142488E-002 -0.26788127788969196     
  0.37537537537537524       -1.3062919807434835E-002 -0.28054368255737722     
  0.38538538538538525       -1.3914149754454730E-002 -0.29399801643113266     
  0.39539539539539525       -1.4890980895760032E-002 -0.30835746676715403     
  0.40540540540540526       -1.6020055931888648E-002 -0.32375834418783750     
  0.41541541541541527       -1.7335700675285587E-002 -0.34036648068611342     
  0.42542542542542527       -1.8882789493064205E-002 -0.35838590251893770     
  0.43543543543543528       -2.0720960997456239E-002 -0.37807079197968158     
  0.44544544544544529       -2.2930975777195915E-002 -0.39974230881057299     
  0.45545545545545529       -2.5624580648825668E-002 -0.42381277088834268     
  0.46546546546546530       -2.8960325129738011E-002 -0.45082129462909371     
  0.47547547547547531       -3.3169919473473884E-002 -0.48148785691432910     
  0.48548548548548531       -3.8604225264661410E-002 -0.51679806807429296     
  0.49549549549549532       -4.5818094974427910E-002 -0.55814132217755863     
  0.50550550550550533       -5.5738030198817630E-002 -0.60754617642535746     
  0.51551551551551533       -7.0023702654947534E-002 -0.66810186133405347     
  0.52552552552552534       -9.1941217934319946E-002 -0.74475045438557297     
  0.53553553553553535      -0.12881605152616038      -0.84578794377541067     
  0.54554554554554535      -0.20038072181980590      -0.98483769680025512     
  0.55555555555555536      -0.36934170542398720       -1.1675231369104382     
  0.56556556556556536      -0.71984471643536330       -1.2619695606236645     
  0.57557557557557537       -1.0757781454349524       -1.1374818404617852     
  0.58558558558558538       -1.3334496446884441      -0.90261327960707671     
  0.59559559559559538       -1.5022711370851474      -0.61488156577695297     
  0.60560560560560539       -1.5886684002764178      -0.29281863747599213     
  0.61561561561561540       -1.5863616771356674        5.4130282610255383E-002
  0.62562562562562540       -1.4744552460168241       0.41255566588272019     
  0.63563563563563541       -1.2130671378420843       0.74423123648834422     
  0.64564564564564542      -0.77295062060641428       0.91996095024737068     
  0.65565565565565542      -0.37670861959342933       0.78301519878079140     
  0.66566566566566543      -0.20778667688055077       0.58232946397023311     
  0.67567567567567544      -0.13522548618101862       0.43551373610737437     
  0.68568568568568544       -9.7392820484267562E-002  0.32865885249030707     
  0.69569569569569545       -7.4896163237122254E-002  0.24699589455159360     
  0.70570570570570545       -6.0331729603630431E-002  0.18180630596980396     
  0.71571571571571546       -5.0335423099712638E-002  0.12791038620286771     
  0.72572572572572547       -4.3181562447629745E-002   8.2062674047095427E-002
  0.73573573573573547       -3.7903329982130717E-002   4.2126763029484794E-002
  0.74574574574574548       -3.3921475254725643E-002   6.6344914353050387E-003
  0.75575575575575549       -3.0870452400358846E-002  -2.5460949947182610E-002
  0.76576576576576549       -2.8509926477854955E-002  -5.4930235976536963E-002
  0.77577577577577550       -2.6676649345257365E-002  -8.2357194707075101E-002
  0.78578578578578551       -2.5256849556183177E-002 -0.10819589156664565     
  0.79579579579579551       -2.4169680699151812E-002 -0.13280841146432776     
  0.80580580580580552       -2.3356934329587846E-002 -0.15649066558023994     
  0.81581581581581553       -2.2776457045363775E-002 -0.17949055043499296     
  0.82582582582582553       -2.2397843146665548E-002 -0.20202110855090222     
  0.83583583583583554       -2.2199576530947489E-002 -0.22427036824354099     
  0.84584584584584555       -2.2167130100894612E-002 -0.24640896125694231     
  0.85585585585585555       -2.2291724743868233E-002 -0.26859626500480899     
  0.86586586586586556       -2.2569567196384196E-002 -0.29098560038538213     
  0.87587587587587556       -2.3001461076683966E-002 -0.31372888589361397     
  0.88588588588588557       -2.3592737336653267E-002 -0.33698107581620346     
  0.89589589589589558       -2.4353491182795384E-002 -0.36090467971309920     
  0.90590590590590558       -2.5299150585394791E-002 -0.38567466603711675     
  0.91591591591591559       -2.6451444497868692E-002 -0.41148409557582277     
  0.92592592592592560       -2.7839896039102925E-002 -0.43855091875457197     
  0.93593593593593560       -2.9504050874439913E-002 -0.46712652292732132     
  0.94594594594594561       -3.1496787216910543E-002 -0.49750686541986855     
  0.95595595595595562       -3.3889284194801382E-002 -0.53004743625036932     
  0.96596596596596562       -3.6778633333990868E-002 -0.56518397227873185     
  0.97597597597597563       -4.0299834859286461E-002 -0.60346200031944175     
  0.98598598598598564       -4.4645397750950118E-002 -0.64558032532199605     
  0.99599599599599564       -5.0098817795546521E-002 -0.69245732157796558     
   1.0060060060060056       -5.7094975925311833E-002 -0.74533606920617390     
   1.0160160160160157       -6.6336786327290134E-002 -0.80595885000123579     
   1.0260260260260257       -7.9040825609839244E-002 -0.87687196234373987     
   1.0360360360360357       -9.7516085503776495E-002 -0.96198638174915185     
   1.0460460460460457      -0.12674703305923932       -1.0676304886119583     
   1.0560560560560557      -0.17964024668403250       -1.2040755681937310     
   1.0660660660660657      -0.29649008211760519       -1.3790601662593927     
   1.0760760760760757      -0.54368909070817173       -1.5157896425772417     
   1.0860860860860857      -0.81606255860409549       -1.5103710075125047     
   1.0960960960960957       -1.0336869431222662       -1.4343472132922552     
   1.1061061061061057       -1.2066615729858077       -1.3320023096813969     
   1.1161161161161157       -1.3474378839248078       -1.2174451849703891     
   1.1261261261261257       -1.4637618113327282       -1.0959793100263828     
   1.1361361361361357       -1.5604438236956877      -0.96989829870960820     
   1.1461461461461457       -1.6405658564897316      -0.84024191929362912     
   1.1561561561561557       -1.7061210212572073      -0.70744152537471305     
   1.1661661661661658       -1.7583531776574353      -0.57159535505312864     
   1.1761761761761758       -1.7979369967205328      -0.43260380770286783     
   1.1861861861861858       -1.8250830435757464      -0.29023529608796816     
   1.1961961961961958       -1.8395300057060786      -0.14414881754796474     
   1.2062062062062058       -1.8405320557851430        6.0314433807899196E-003
   1.2162162162162158       -1.8267772441479477       0.16070301580786001     
   1.2262262262262258       -1.7961999456179454       0.32019345285180945     
   1.2362362362362358       -1.7458478411934766       0.48448071314035557     
   1.2462462462462458       -1.6716386908403438       0.65367652072634397     
   1.2562562562562558       -1.5663703751890610       0.82669329080466536     
   1.2662662662662658       -1.4196707442580641       0.99971156393192828     
   1.2762762762762758       -1.2148096852267238        1.1624807201516956     
   1.2862862862862858      -0.92643335386715464        1.2830232841112563     
   1.2962962962962958      -0.55923138094827141        1.2621801740414880     
   1.3063063063063058      -0.29989311566115806        1.0581394986695358     
   1.3163163163163158      -0.19093124761939373       0.86136935996819541     
   1.3263263263263259      -0.13883208032151731       0.71146390561157802     
   1.3363363363363359      -0.10915496625898914       0.59377388791585095     
   1.3463463463463459       -9.0263726066249272E-002  0.49728711320030539     
   1.3563563563563559       -7.7371843255666595E-002  0.41533372847458178     
   1.3663663663663659       -6.8170950437868874E-002  0.34373691684851632     
   1.3763763763763759       -6.1418299090260454E-002  0.27973325043584873     
   1.3863863863863859       -5.6381720763630835E-002  0.22139261194520141     
   1.3963963963963959       -5.2616375805013209E-002  0.16730300415583751     
   1.4064064064064059       -4.9833085171239778E-002  0.11639242860774340     
   1.4164164164164168       -4.7841144419301262E-002   6.7807323148821735E-002
   1.4264264264264268       -4.6515454028131120E-002   2.0840840312797222E-002
   1.4364364364364368       -4.5776715249681278E-002  -2.5117818717164127E-002
   1.4464464464464468       -4.5580240730974504E-002  -7.0620841764555756E-002
   1.4564564564564568       -4.5910103887042177E-002 -0.11619167456282151     
   1.4664664664664668       -4.6777116674335859E-002 -0.16235134511751689     
   1.4764764764764768       -4.8220152803406614E-002 -0.20964446873117829     
   1.4864864864864868       -5.0311145779506551E-002 -0.25866809729495377     
   1.4964964964964969       -5.3165037566940694E-002 -0.31010724556989006     
   1.5065065065065069       -5.6957455029500302E-002 -0.36478258658721852     
   1.5165165165165169       -6.1955745611881885E-002 -0.42371914351792572     
   1.5265265265265269       -6.8575067508858611E-002 -0.48825134976418216     
   1.5365365365365369       -7.7485362896701410E-002 -0.56019301639647545     
   1.5465465465465469       -8.9831435430060572E-002 -0.64212827948689755     
   1.5565565565565569      -0.10773398655532365      -0.73793851528906451     
   1.5665665665665669      -0.13559549696734557      -0.85379509385240049     
   1.5765765765765769      -0.18417034512173788      -0.99985982377594451     
   1.5865865865865869      -0.28576194994141657       -1.1891127934086227     
   1.5965965965965969      -0.52335064974430123       -1.3803122298585577     
   1.6066066066066069      -0.84673754947131008       -1.4115985865377725     
   1.6166166166166169       -1.1053327239024726       -1.3286513060931469     
   1.6266266266266269       -1.2983850774757832       -1.2096484375211645     
   1.6366366366366369       -1.4455844990284978       -1.0797595231565404     
   1.6466466466466469       -1.5599094899583790      -0.94750022244506660     
   1.6566566566566570       -1.6495315804143333      -0.81615733921431410     
   1.6666666666666670       -1.7198207033683888      -0.68704310394518986     
   1.6766766766766770       -1.7744548795088326      -0.56061952342400989     
   1.6866866866866870       -1.8160313769534127      -0.43695156232289273     
   1.6966966966966970       -1.8464196415380740      -0.31591082042951441     
   1.7067067067067070       -1.8669747109261723      -0.19727430386791289     
   1.7167167167167170       -1.8786704509563139       -8.0775386817008923E-002
   1.7267267267267270       -1.8821874935167309        3.3865193853376364E-002
   1.7367367367367370       -1.8779750610190158       0.14694000984194314     
   1.7467467467467470       -1.8662554344422704       0.25873381918939342     
   1.7567567567567570       -1.8470697981946518       0.36951082319968021     
   1.7667667667667670       -1.8202708234620733       0.47952220075020213     
   1.7767767767767770       -1.7855089884595179       0.58899495415683267     
   1.7867867867867870       -1.7422043567735288       0.69812030589774787     
   1.7967967967967970       -1.6894951039713950       0.80703375363769447     
   1.8068068068068071       -1.6261520467669408       0.91577348040261131     
   1.8168168168168171       -1.5504825380898364        1.0241933884422638     
   1.8268268268268271       -1.4600837220371319        1.1319869552777175     
   1.8368368368368371       -1.3512865349724061        1.2381187138587209     
   1.8468468468468471       -1.2190633805422111        1.3400994139520832     
   1.8568568568568571       -1.0555894777344912        1.4337993416124442     
   1.8668668668668671      -0.84631742560179435        1.5055400359945303     
   1.8768768768768771      -0.57854041458556482        1.5117050729762675     
   1.8868868868868871      -0.32489760482268959        1.3727894336842816     
   1.8968968968968971      -0.20865633470172376        1.1830043373115469     
   1.9069069069069071      -0.17182969525134031        1.0463622914179342     
   1.9169169169169171      -0.12836651481685327       0.95205646839182256     
   1.9269269269269271       -9.7221538849616027E-002  0.85404390479197367     
   1.9369369369369371       -8.0385940301986786E-002  0.76924775545599700     
   1.9469469469469471       -6.9625257230404108E-002  0.69598916156293722     
   1.9569569569569571       -6.2097412627932280E-002  0.63113008770547729     
   1.9669669669669672       -5.6680581912709915E-002  0.57248352960028370     
   1.9769769769769772       -5.3032613204758459E-002  0.51875913602065593     
   1.9869869869869872       -4.9926174445412301E-002  0.46973062143797312     
   1.9969969969969972       -4.6723321639073237E-002  0.42263297140142858     
   2.0070070070070072       -4.4578421943523454E-002  0.37735739997619233     
   2.0170170170170172       -4.3103880433183819E-002  0.33371514060586199     
   2.0270270270270272       -4.2137225947793816E-002  0.29124037642311096     
   2.0370370370370372       -4.1595990457810532E-002  0.24950258357254917     
   2.0470470470470472       -4.1441518611179569E-002  0.20810698789661200     
   2.0570570570570572       -4.1661913123540228E-002  0.16667318913960819     
   2.0670670670670672       -4.2264433079598769E-002  0.12483071629054782     
   2.0770770770770772       -4.3269374596491723E-002   8.2195644756941300E-002
   2.0870870870870872       -4.4715226675666901E-002   3.8354292526269394E-002
   2.0970970970970972       -4.6662323429503584E-002  -7.1546211374724439E-003
   2.1071071071071072       -4.9199281709589274E-002  -5.4863416671908125E-002
   2.1171171171171173       -5.2453858789946267E-002 -0.10540688928512933     
   2.1271271271271273       -5.6610896088807462E-002 -0.15956658345067909     
   2.1371371371371373       -6.1942656859697659E-002 -0.21833608585696182     
   2.1471471471471473       -6.8862304788612008E-002 -0.28302170218617950     
   2.1571571571571573       -7.8023682862958091E-002 -0.35540507486332956     
   2.1671671671671673       -9.0521655656697536E-002 -0.43801944911016588     
   2.1771771771771773      -0.10833440050601430      -0.53464500965879869     
   2.1871871871871873      -0.13542951254869234      -0.65123955841256687     
   2.1971971971971973      -0.18102800731138163      -0.79764285002017110     
   2.2072072072072073      -0.27132590822205410      -0.98872328013871258     
   2.2172172172172173      -0.48632512117078885       -1.2124927640717074     
   2.2272272272272273      -0.85187083629943261       -1.2931006479509271     
   2.2372372372372373       -1.1627282617964716       -1.2007726692159442     
   2.2472472472472473       -1.3823377367386751       -1.0540227586550968     
   2.2572572572572573       -1.5384830835378258      -0.89633943689694051     
   2.2672672672672673       -1.6512332241278171      -0.74088897332710002     
   2.2772772772772774       -1.7330866354874868      -0.59197415522607955     
   2.2872872872872874       -1.7920985220648014      -0.45085765655396454     
   2.2972972972972974       -1.8336930842759107      -0.31763580756838672     
   2.3073073073073074       -1.8616595279460433      -0.19194143873908720     
   2.3173173173173174       -1.8787231102281192       -7.3235342433695422E-002
   2.3273273273273274       -1.8868891237011178        3.9065946275522637E-002
   2.3373373373373374       -1.8876592630798807       0.14553342054081875     
   2.3473473473473474       -1.8821725123862336       0.24670157056743228     
   2.3573573573573574       -1.8712988834480626       0.34305979514304952     
   2.3673673673673674       -1.8557007677443162       0.43504946832677083     
   2.3773773773773774       -1.8358707830921568       0.52304687466351207     
   2.3873873873873874       -1.8122776863094749       0.60732796552926782     
   2.3973973973973974       -1.7852568301833707       0.68842221861665653     
   2.4074074074074074       -1.7548388921306006       0.76655648988224057     
   2.4174174174174174       -1.7211795121504487       0.84195106536122533     
   2.4274274274274275       -1.6842988529935785       0.91487402811750573     
   2.4374374374374375       -1.6440961189555285       0.98555245007701009     
   2.4474474474474475       -1.6003180623164326        1.0542054673145629     
   2.4574574574574575       -1.5524372080395168        1.1210089109708752     
   2.4674674674674675       -1.4994709392814791        1.1858895183864324     
   2.4774774774774775       -1.4400581117606421        1.2484326680777886     
   2.4874874874874875       -1.3707735372126770        1.3078654713468358     
   2.4974974974974975       -1.2809395493736677        1.3555283504402111     
   2.5075075075075075       -1.1794399010594010        1.3383338555993669     
   2.5175175175175175       -1.2162536152574581        1.3133540193118562     
   2.5275275275275275       -1.2065061618999153        1.4175746380707610     
   2.5375375375375375       -1.1362391762094102        1.5013199996245830     
   2.5475475475475475       -1.0503355814156825        1.5659540226064901     
   2.5575575575575575      -0.95321198774319338        1.6195813984257572     
   2.5675675675675675      -0.84084363029562315        1.6626814426984493     
   2.5775775775775776      -0.70438802055722649        1.6859439725301526     
   2.5875875875875876      -0.54068518939970656        1.6477470704372690     
   2.5975975975975976      -0.47322693165345703        1.4928104260193140     
   2.6076076076076076      -0.57255428802232056        1.5141190861879605     
   2.6176176176176176      -0.45490795523198901        1.6384133593279195     
   2.6276276276276276      -0.25991041435311085        1.6121473699797051     
   2.6376376376376376      -0.14807509702031660        1.4945243440310418     
   2.6476476476476476      -0.10409427384422609        1.3943149847477276     
   2.6576576576576576       -7.7908210971168304E-002   1.3166590929224971     
   2.6676676676676676       -6.2679314528850200E-002   1.2512501963810077     
   2.6776776776776776       -5.2581417126069618E-002   1.1973504482429527     
   2.6876876876876876       -4.4827012225125556E-002   1.1503249626092495     
   2.6976976976976976       -3.9248648135288021E-002   1.1089697368439375     
   2.7077077077077076       -3.4959833789148846E-002   1.0722604336515438     
   2.7177177177177176       -3.1518107734651829E-002   1.0392844303854900     
   2.7277277277277276       -2.8680053180335209E-002   1.0093720121303589     
   2.7377377377377377       -2.6292873665222052E-002  0.98202323111433631     
   2.7477477477477477       -2.4253993492715998E-002  0.95685347817978506     
   2.7577577577577577       -2.2490994549631830E-002  0.93356063300755110     
   2.7677677677677677       -2.0950673203841325E-002  0.91190193295501554     
   2.7777777777777777       -1.9593056676307872E-002  0.89167908579213317     
   2.7877877877877877       -1.8387427825923737E-002  0.87272784238152701     
   2.7977977977977977       -1.7309736815269490E-002  0.85491048100516620     
   2.8078078078078077       -1.6340854581708041E-002  0.83811028569141544     
   2.8178178178178177       -1.5465358728015802E-002  0.82222740749221346     
   2.8278278278278277       -1.4670669042486829E-002  0.80717570632799340     
   2.8378378378378377       -1.3946419535542915E-002  0.79288030217648997     
   2.8478478478478477       -1.3283994630312096E-002  0.77927564830604601     
   2.8578578578578577       -1.2676182032017603E-002  0.76630399423033735     
   2.8678678678678677       -1.2116910579193485E-002  0.75391414277242041     
   2.8778778778778777       -1.1601051794527258E-002  0.74206043042274328     
   2.8878878878878878       -1.1124271130279979E-002  0.73070187686096788     
   2.8978978978978978       -1.0682920520207492E-002  0.71980146028457792     
   2.9079079079079078       -1.0273969030952223E-002  0.70932548108724869     
   2.9179179179179178       -9.8949746058959592E-003  0.69924297740122243     
   2.9279279279279278       -9.5441095949147983E-003  0.68952515052939478     
   2.9379379379379378       -9.2202712971844510E-003  0.68014474215255716     
   2.9479479479479478       -8.9233492118486798E-003  0.67107526856783495     
   2.9579579579579578       -8.6548187107011194E-003  0.66228993727956353     
   2.9679679679679678       -8.4190937506921429E-003  0.65375989457037076     
   2.9779779779779778       -8.2268633604715216E-003  0.64545105981672168     
   2.9879879879879878       -8.1043709808773512E-003  0.63731803600758552     
   2.9979979979979978       -8.1234931219292279E-003  0.62929336767934663     
   3.0080080080080087       -8.5204770090905411E-003  0.62129377484737502     
   3.0180180180180187       -1.0073103297367887E-002  0.61363216762418049     
   3.0280280280280287       -1.2382216612819316E-002  0.60928520946980491     
   3.0380380380380387       -9.7677930677667786E-003  0.60522245072089154     
   3.0480480480480487       -7.8919671778699841E-003  0.59809397252245433     
   3.0580580580580587       -7.1274383786996869E-003  0.59097614605106841     
   3.0680680680680688       -6.7731365944609691E-003  0.58413528482621946     
   3.0780780780780788       -6.5972059383855031E-003  0.57750236767442675     
   3.0880880880880888       -6.5484190704124135E-003  0.57098065855741142     
   3.0980980980980988       -6.6694021978064575E-003  0.56447288427797160     
   3.1081081081081088       -7.1426246489501403E-003  0.55792604289555436     
   3.1181181181181188       -8.0856046556414297E-003  0.55146094440327742     
   3.1281281281281288       -9.6417472232527730E-003  0.54495298719467877     
   3.1381381381381388       -1.3995220344586855E-002  0.53778117898876565     
   3.1481481481481488       -2.3276715572537427E-002  0.54009562317167958     
   3.1581581581581588       -1.4897999402051873E-002  0.54515391048778106     
   3.1681681681681688       -8.9531925768589673E-003  0.53837953033515873     
   3.1781781781781788       -6.9926717675211488E-003  0.53142083253808370     
   3.1881881881881888       -6.2546045539526368E-003  0.52511420051588764     
   3.1981981981981988       -6.0386628247655538E-003  0.51914314612901757     
   3.2082082082082088       -6.2526893750944439E-003  0.51322273944199204     
   3.2182182182182189       -7.2574774728415038E-003  0.50709492513565679     
   3.2282282282282289       -1.0609553923048742E-002  0.50127580127191651     
   3.2382382382382389       -1.4472522153842156E-002  0.50177144352509073     
   3.2482482482482489       -1.0857930667453983E-002  0.49895482563947130     
   3.2582582582582589       -1.2713906597482103E-002  0.49204841134631960     
   3.2682682682682689       -2.0327242888295270E-002  0.49324627751675870     
   3.2782782782782789       -1.3288523713453954E-002  0.49803296372192896     
   3.2882882882882889       -8.2000304368661861E-003  0.49240090151647664     
   3.2982982982982989       -6.9018472163559202E-003  0.48747374473452409     
   3.3083083083083089       -5.4406871569270040E-003  0.48306847196821978     
   3.3183183183183189       -4.7545756643366409E-003  0.47842531471676236     
   3.3283283283283289       -4.6696118149863082E-003  0.47421808132933496     
   3.3383383383383389       -4.5480398284844228E-003  0.47067934396902472     
   3.3483483483483489       -4.1143250184771810E-003  0.46707460023676273     
   3.3583583583583589       -3.9275427050243956E-003  0.46350745237101559     
   3.3683683683683689       -3.6312746755537951E-003  0.46005568345655112     
   3.3783783783783790       -3.4429399947587293E-003  0.45658990650854614     
   3.3883883883883890       -3.3275238067756851E-003  0.45323639813267624     
   3.3983983983983990       -3.2276707693426020E-003  0.44997865298758266     
   3.4084084084084090       -3.1449757730226667E-003  0.44679671835051732     
   3.4184184184184190       -3.0736587869200677E-003  0.44368800481196724     
   3.4284284284284290       -3.0094212231369893E-003  0.44064590614694116     
   3.4384384384384390       -2.9503224206498813E-003  0.43766494196201833     
   3.4484484484484490       -2.8952871733880429E-003  0.43474074899906390     
   3.4584584584584590       -2.8436376427838101E-003  0.43186972061995799     
   3.4684684684684690       -2.7949154706851669E-003  0.42904876873386466     
   3.4784784784784790       -2.7487994010815145E-003  0.42627517073331039     
   3.4884884884884890       -2.7050621927358735E-003  0.42354646515687289     
   3.4984984984984990       -2.6635467195939154E-003  0.42086037547387073     
   3.5085085085085090       -2.6241528906733712E-003  0.41821475003279074     
   3.5185185185185190       -2.5868316571777145E-003  0.41560751052751427     
   3.5285285285285291       -2.5515845945999639E-003  0.41303660334824971     
   3.5385385385385391       -2.5184689204925921E-003  0.41049994882115837     
   3.5485485485485491       -2.4876090262720748E-003  0.40799538290971937     
   3.5585585585585591       -2.4592171613247158E-003  0.40552058435524618     
   3.5685685685685691       -2.4336284757940311E-003  0.40307297696202121     
   3.5785785785785791       -2.4113605774001312E-003  0.40064959067311745     
   3.5885885885885891       -2.3932188306298461E-003  0.39824685476084715     
   3.5985985985985991       -2.3804933372710145E-003  0.39586029210983553     
   3.6086086086086091       -2.3751846271191416E-003  0.39348406913520872     
   3.6186186186186191       -2.3807189037572591E-003  0.39110963597756843     
   3.6286286286286291       -2.4038630831285821E-003  0.38872459101062756     
   3.6386386386386391       -2.4578699312443088E-003  0.38630924224019730     
   3.6486486486486491       -2.5730950759195446E-003  0.38383001929908550     
   3.6586586586586591       -2.8315214812711115E-003  0.38122844534399136     
   3.6686686686686691       -3.5051397859211363E-003  0.37843702864271045     
   3.6786786786786791       -5.4431221699798122E-003  0.37598201994524411     
   3.6886886886886892       -7.3667499541464915E-003  0.37658419661433201     
   3.6986986986986992       -5.0397657215972705E-003  0.37653988834929408     
   3.7087087087087092       -3.8163148135689873E-003  0.37356047525597469     
   3.7187187187187192       -4.1971649556455841E-003  0.37057633916463917     
   3.7287287287287292       -5.0851408961609078E-003  0.36910987264305944     
   3.7387387387387392       -4.9806609503719023E-003  0.36700115096590746     
   3.7487487487487492       -6.2198483521457857E-003  0.36607728282656088     
   3.7587587587587592       -4.6631952939307133E-003  0.36491790967972715     
   3.7687687687687692       -4.4950934773882352E-003  0.36164792655047057     
   3.7787787787787792       -6.8789529471378116E-003  0.35872294115700110     
   3.7887887887887892       -9.6362937707703249E-003  0.36150618967014403     
   3.7987987987987992       -5.3637047972145604E-003  0.36188509524630780     
   3.8088088088088092       -3.4626336695746432E-003  0.35890493240424520     
   3.8188188188188192       -2.8615304676500811E-003  0.35607163285855903     
   3.8288288288288292       -2.7229756012373874E-003  0.35342672829493216     
   3.8388388388388393       -2.9264776857541321E-003  0.35078924445964593     
   3.8488488488488493       -3.8085385150928310E-003  0.34804472757330712     
   3.8588588588588593       -6.4767669166913054E-003  0.34639297676649966     
   3.8688688688688693       -6.3178298560672636E-003  0.34831285090726055     
   3.8788788788788793       -4.3429933478636397E-003  0.34612574013379349     
   3.8888888888888893       -4.9462503604034667E-003  0.34302557708684789     
   3.8988988988988993       -8.2539256513176895E-003  0.34240560762041938     
   3.9089089089089093       -6.3712229072356011E-003  0.34539392195572632     
   3.9189189189189193       -3.5681652472109261E-003  0.34329160270781744     
   3.9289289289289293       -2.7105558077126068E-003  0.34073745292501334     
   3.9389389389389393       -2.6435748901313199E-003  0.33858503959733049     
   3.9489489489489493       -2.5017169084223848E-003  0.33716415294000962     
   3.9589589589589593       -2.0551292485078226E-003  0.33538229323533214     
   3.9689689689689693       -1.9156303698905806E-003  0.33352179870857712     
   3.9789789789789793       -1.9997964249417795E-003  0.33177137299410914     
   3.9889889889889893       -2.0881887422918837E-003  0.33035621193153941     
   3.9989989989989994       -2.0731505759564671E-003  0.32886343903752463     
   4.0090090090090094       -1.9855393327245772E-003  0.32753895400296829     
   4.0190190190190194       -1.9602215532111044E-003  0.32609299389021668     
   4.0290290290290294       -1.7627360109650936E-003  0.32482443629227908     
   4.0390390390390394       -1.5649901930387025E-003  0.32331935417347152     
   4.0490490490490494       -1.4826892863342223E-003  0.32182601381775844     
   4.0590590590590594       -1.4392502345710915E-003  0.32037484903640734     
   4.0690690690690694       -1.4143967090627704E-003  0.31896021052883111     
   4.0790790790790794       -1.3878329867498312E-003  0.31758037369085507     
   4.0890890890890894       -1.3610904955578260E-003  0.31621246098748845     
   4.0990990990990994       -1.3408084258465000E-003  0.31486221144622228     
   4.1091091091091094       -1.3235718167801333E-003  0.31352964735231359     
   4.1191191191191194       -1.3081387264705080E-003  0.31221310671626484     
   4.1291291291291294       -1.2940192768052801E-003  0.31091121543994854     
   4.1391391391391394       -1.2809747624518623E-003  0.30962284719609656     
   4.1491491491491495       -1.2688793386688129E-003  0.30834702404191999     
   4.1591591591591595       -1.2576727375427704E-003  0.30708284889231352     
   4.1691691691691695       -1.2473425959343622E-003  0.30582945680063311     
   4.1791791791791795       -1.2379201955577237E-003  0.30458597358733952     
   4.1891891891891895       -1.2294856918079063E-003  0.30335147360049214     
   4.1991991991991995       -1.2221844994526577E-003  0.30212492849938627     
   4.2092092092092095       -1.2162627331569773E-003  0.30090513562583815     
   4.2192192192192195       -1.2121430646899497E-003  0.29969060564371008     
   4.2292292292292295       -1.2106005565087742E-003  0.29847936879775699     
   4.2392392392392395       -1.2132263257004041E-003  0.29726861677038696     
   4.2492492492492495       -1.2238790636082955E-003  0.29605406051543232     
   4.2592592592592595       -1.2542565471361001E-003  0.29482967565611656     
   4.2692692692692695       -1.3463136546331335E-003  0.29360429619288198     
   4.2792792792792795       -1.4879550827209510E-003  0.29254716325647134     
   4.2892892892892895       -1.3637184525263314E-003  0.29145257042550143     
   4.2992992992992995       -1.3171984473630703E-003  0.29018146659738886     
   4.3093093093093096       -1.3463465883828719E-003  0.28887538798265222     
   4.3193193193193196       -1.4402694948349236E-003  0.28751944943706992     
   4.3293293293293296       -1.6628846801269755E-003  0.28609984208486228     
   4.3393393393393396       -1.9975430372391584E-003  0.28472173988899147     
   4.3493493493493496       -2.4915948464342219E-003  0.28298626881701799     
   4.3593593593593596       -4.2654651432672388E-003  0.28099866574580806     
   4.3693693693693696       -8.3913623450529960E-003  0.28222734298668239     
   4.3793793793793796       -5.6707787733905682E-003  0.28614604572297947     
   4.3893893893893896       -2.9041516320465746E-003  0.28451758904263325     
   4.3993993993993996       -2.0226266029078534E-003  0.28255415179947624     
   4.4094094094094096       -1.7195711522995998E-003  0.28083204726785632     
   4.4194194194194196       -1.6543244968420855E-003  0.27922582834102905     
   4.4294294294294296       -1.7872593339979617E-003  0.27761759438120398     
   4.4394394394394396       -2.3140848233380190E-003  0.27596884952882567     
   4.4494494494494496       -3.3574932076339478E-003  0.27498627334374448     
   4.4594594594594597       -3.7565551441912952E-003  0.27381357155447783     
   4.4694694694694697       -6.4535057958105902E-003  0.27304463337767854     
   4.4794794794794797       -6.1377467626493086E-003  0.27661731009407642     
   4.4894894894894897       -3.3220401550177110E-003  0.27565611041792282     
   4.4994994994994997       -2.5685439263933240E-003  0.27360573377466330     
   4.5095095095095097       -3.1872334528022738E-003  0.27177203350501261     
   4.5195195195195197       -4.6870935093676512E-003  0.27222296738120971     
   4.5295295295295297       -2.8444799808794077E-003  0.27272056199519429     
   4.5395395395395397       -1.7622908526521007E-003  0.27126774159042294     
   4.5495495495495497       -1.3804070525834614E-003  0.26987114158959918     
   4.5595595595595597       -1.2129662484778854E-003  0.26862866286044446     
   4.5695695695695697       -1.1295445979040545E-003  0.26748164896720916     
   4.5795795795795797       -1.0950460095147075E-003  0.26638886047680799     
   4.5895895895895897       -1.1193941207992423E-003  0.26532616491690808     
   4.5995995995995997       -1.2585005541460820E-003  0.26435502189633325     
   4.6096096096096097       -1.3265250880085410E-003  0.26358959433885826     
   4.6196196196196198       -1.1827331185852413E-003  0.26281191721549363     
   4.6296296296296298       -1.0819198539477688E-003  0.26182593456651504     
   4.6396396396396398       -1.1596771320664077E-003  0.26084320379234943     
   4.6496496496496498       -1.3313400157944130E-003  0.26014518385818869     
   4.6596596596596598       -1.1352614608749934E-003  0.25940931587359523     
   4.6696696696696698       -1.1111041082472568E-003  0.25849854603800043     
   4.6796796796796798       -1.1083341941728563E-003  0.25773580269648833     
   4.6896896896896898       -1.0383892977273014E-003  0.25697575730741901     
   4.6996996996996998       -9.1751169179270112E-004  0.25613887035950395     
   4.7097097097097098       -8.6391573832252306E-004  0.25527413188182346     
   4.7197197197197198       -8.3796551037785205E-004  0.25442934831819031     
   4.7297297297297298       -8.2169935087309290E-004  0.25360135189337030     
   4.7397397397397398       -8.0974065738677477E-004  0.25278611623214708     
   4.7497497497497498       -8.0010174279572803E-004  0.25198114235404501     
   4.7597597597597598       -7.9190413153955113E-004  0.25118483817659620     
   4.7697697697697699       -7.8470923149640513E-004  0.25039610428096065     
   4.7797797797797799       -7.7828200545037197E-004  0.24961411573898348     
   4.7897897897897899       -7.7249553190804636E-004  0.24883820245722585     
   4.7997997997997999       -7.6728975531743489E-004  0.24806777670402905     
   4.8098098098098099       -7.6265523991643383E-004  0.24730228218552361     
   4.8198198198198199       -7.5863248804326506E-004  0.24654114988328121     
   4.8298298298298299       -7.5532727919368962E-004  0.24578374876214618     
   4.8398398398398399       -7.5295343955626996E-004  0.24502931625256119     
   4.8498498498498499       -7.5193967249029096E-004  0.24427684164196531     
   4.8598598598598599       -7.5321789185175177E-004  0.24352484832703317     
   4.8698698698698699       -7.5912599000919044E-004  0.24277098922330231     
   4.8798798798798799       -7.7683246459435179E-004  0.24201175929642094     
   4.8898898898898899       -8.3265547687477130E-004  0.24125089732481558     
   4.8998998998998999       -9.4266591118932351E-004  0.24059705395452313     
   4.9099099099099099       -8.5395448096617821E-004  0.23997314259644878     
   4.9199199199199199       -7.9392415729363861E-004  0.23920880631356534     
   4.9299299299299300       -7.8376783507862701E-004  0.23843335518639958     
   4.9399399399399400       -7.9575062908242788E-004  0.23765132797001887     
   4.9499499499499500       -8.3033740997571234E-004  0.23685027895312730     
   4.9599599599599600       -9.1005926652770611E-004  0.23601217999606511     
   4.9699699699699700       -1.1198274994649801E-003  0.23512825127877610     
   4.9799799799799800       -1.6236945462994006E-003  0.23444471121785107     
   4.9899899899899900       -1.7877184131159806E-003  0.23425454035123025     
   5.0000000000000000       -1.6609063241376414E-003  0.23353325574720299     
