  -5.0000000000000000       -3.2805421872156276E-003 -0.21958491235451905     
  -4.9899899899899900       -1.8107881308459890E-003 -0.21994793416941844     
  -4.9799799799799800       -1.2631701821704104E-003 -0.22107396969564638     
  -4.9699699699699700       -1.1474578355466698E-003 -0.22215444285987135     
  -4.9599599599599600       -1.2737545486136213E-003 -0.22324535095542877     
  -4.9499499499499500       -1.8111591871797950E-003 -0.22443303249065938     
  -4.9399399399399400       -3.4897222413563002E-003 -0.22517907615413829     
  -4.9299299299299300       -4.5530878654679039E-003 -0.22325604940024027     
  -4.9199199199199199       -2.6349809469078216E-003 -0.22238299429477162     
  -4.9099099099099099       -1.4529207672570536E-003 -0.22343294041951808     
  -4.8998998998998999       -1.0482751162781143E-003 -0.22448360747018975     
  -4.8898898898898899       -8.8245735085214899E-004 -0.22538894368413043     
  -4.8798798798798799       -8.0698957246164887E-004 -0.22620739773918941     
  -4.8698698698698699       -7.8412099577865985E-004 -0.22697851888716955     
  -4.8598598598598599       -8.2952386870407231E-004 -0.22770009214749495     
  -4.8498498498498499       -8.4346598179665781E-004 -0.22826877724005412     
  -4.8398398398398399       -7.4210134565479082E-004 -0.22892710157085774     
  -4.8298298298298299       -7.0221790309370018E-004 -0.22962545608539492     
  -4.8198198198198199       -6.8782395904998554E-004 -0.23031442155771414     
  -4.8098098098098099       -6.8379723036289238E-004 -0.23099745141144098     
  -4.7997997997997999       -6.8753604799711766E-004 -0.23167994843116635     
  -4.7897897897897899       -7.0393004636368673E-004 -0.23236683956724663     
  -4.7797797797797799       -7.5669398548228466E-004 -0.23305343818468899     
  -4.7697697697697699       -8.4133673880546476E-004 -0.23363782637464545     
  -4.7597597597597598       -7.6051478624573248E-004 -0.23423377110399923     
  -4.7497497497497498       -7.2042833695022061E-004 -0.23493228782544875     
  -4.7397397397397398       -7.2296161406776185E-004 -0.23563763163980500     
  -4.7297297297297298       -7.6635727515479224E-004 -0.23633158914505370     
  -4.7197197197197198       -7.9086854520810698E-004 -0.23694339614580784     
  -4.7097097097097098       -7.3782272099826528E-004 -0.23762087140652619     
  -4.6996996996996998       -7.2287148546025894E-004 -0.23833598111404050     
  -4.6896896896896898       -7.2503173541372233E-004 -0.23905561154029112     
  -4.6796796796796798       -7.3693107154867499E-004 -0.23978271956991037     
  -4.6696696696696698       -7.6370425171846240E-004 -0.24052274985039357     
  -4.6596596596596598       -8.3321281675711263E-004 -0.24127238235228052     
  -4.6496496496496498       -9.5802514886683709E-004 -0.24191517055857045     
  -4.6396396396396398       -8.7869516552380818E-004 -0.24254983457351842     
  -4.6296296296296298       -8.4967021735816485E-004 -0.24334232263703318     
  -4.6196196196196198       -9.2309390356391200E-004 -0.24415607565038291     
  -4.6096096096096097       -1.1320839745853019E-003 -0.24483099787487386     
  -4.5995995995995997       -1.0243011743927694E-003 -0.24535013377496503     
  -4.5895895895895897       -8.9542751168996055E-004 -0.24616564956795117     
  -4.5795795795795797       -8.7031012094111802E-004 -0.24701986966261710     
  -4.5695695695695697       -8.8451033418660528E-004 -0.24788503879698057     
  -4.5595595595595597       -9.2915631348709814E-004 -0.24877646012519436     
  -4.5495495495495497       -1.0304227065337287E-003 -0.24971320903296354     
  -4.5395395395395397       -1.3002658062861779E-003 -0.25067324341058095     
  -4.5295295295295297       -1.7069288750692654E-003 -0.25121010768020358     
  -4.5195195195195197       -1.4479678598864566E-003 -0.25188807084540793     
  -4.5095095095095097       -1.5272794888332318E-003 -0.25305478893309497     
  -4.4994994994994997       -2.2197271937758186E-003 -0.25400882069839137     
  -4.4894894894894897       -2.2784668441020741E-003 -0.25396329874928847     
  -4.4794794794794797       -1.7303905765226409E-003 -0.25505782968932456     
  -4.4694694694694697       -1.8051826261930868E-003 -0.25655761137735583     
  -4.4594594594594597       -2.5167650542740698E-003 -0.25821820597168899     
  -4.4494494494494496       -4.7012945523703309E-003 -0.25917825429651914     
  -4.4394394394394396       -4.9458975168419827E-003 -0.25712818693274697     
  -4.4294294294294296       -3.4510078601865677E-003 -0.25842776826337982     
  -4.4194194194194196       -4.4629861751679309E-003 -0.26047544618104562     
  -4.4094094094094096       -6.6173700601036261E-003 -0.25916754975441780     
  -4.3993993993993996       -4.2606083681656828E-003 -0.25874591416348053     
  -4.3893893893893896       -3.9390045730242941E-003 -0.26106383920286597     
  -4.3793793793793796       -6.3595426501971367E-003 -0.26191800453815262     
  -4.3693693693693696       -5.4236611820937296E-003 -0.25928947824809390     
  -4.3593593593593596       -3.1948025049356892E-003 -0.26085140723048872     
  -4.3493493493493496       -2.9689276509415547E-003 -0.26310678819235855     
  -4.3393393393393396       -4.4163257597673216E-003 -0.26468378214179916     
  -4.3293293293293296       -4.7397269919491622E-003 -0.26330638312228632     
  -4.3193193193193196       -2.9090574792566032E-003 -0.26446322473188522     
  -4.3093093093093096       -2.4970980461100291E-003 -0.26661372049922444     
  -4.2992992992992995       -2.9128354525138275E-003 -0.26893108894704099     
  -4.2892892892892895       -4.6065686159033545E-003 -0.27154409165401922     
  -4.2792792792792795       -9.4434384765499074E-003 -0.27239629661589587     
  -4.2692692692692695       -1.1326455603775891E-002 -0.26798225831987077     
  -4.2592592592592595       -9.5986039906521652E-003 -0.26354661292632503     
  -4.2492492492492495       -4.6159270381917420E-003 -0.26414362009304898     
  -4.2392392392392395       -2.7830040068546735E-003 -0.26664265382186381     
  -4.2292292292292295       -2.2483962822650865E-003 -0.26875262382570886     
  -4.2192192192192195       -2.4455881071562104E-003 -0.27031721895175104     
  -4.2092092092092095       -2.2323277951371316E-003 -0.27092241468399841     
  -4.1991991991991995       -1.6329239275337010E-003 -0.27220806145411275     
  -4.1891891891891895       -1.4428562387993539E-003 -0.27358811080692658     
  -4.1791791791791795       -1.4392419703090327E-003 -0.27478112216536166     
  -4.1691691691691695       -1.2964886746322812E-003 -0.27586797878772717     
  -4.1591591591591595       -1.1951648063404032E-003 -0.27704841862971064     
  -4.1491491491491495       -1.1514809958553772E-003 -0.27820715856487249     
  -4.1391391391391394       -1.1292939248468211E-003 -0.27934254148725152     
  -4.1291291291291294       -1.1175022393556501E-003 -0.28046374034894805     
  -4.1191191191191194       -1.1120424859705983E-003 -0.28157742585766959     
  -4.1091091091091094       -1.1111414936416139E-003 -0.28268842182594900     
  -4.0990990990990994       -1.1140710257849390E-003 -0.28380057363812083     
  -4.0890890890890894       -1.1208924636681725E-003 -0.28491736788990885     
  -4.0790790790790794       -1.1328750004428222E-003 -0.28604251279463050     
  -4.0690690690690694       -1.1546083368108358E-003 -0.28718048741555330     
  -4.0590590590590594       -1.2032588299121885E-003 -0.28833307489828536     
  -4.0490490490490494       -1.3114638179813625E-003 -0.28943878784379284     
  -4.0390390390390394       -1.2837579783536617E-003 -0.29047556534146241     
  -4.0290290290290294       -1.2430778371917812E-003 -0.29166507427719590     
  -4.0190190190190194       -1.2675596197249024E-003 -0.29289513980697801     
  -4.0090090090090094       -1.3614065908632940E-003 -0.29415376281006150     
  -3.9989989989989989       -1.6175339182798523E-003 -0.29533766635680009     
  -3.9889889889889889       -1.6293507822189880E-003 -0.29621382904348009     
  -3.9789789789789789       -1.4550511542676383E-003 -0.29747751289544855     
  -3.9689689689689689       -1.4659092895251537E-003 -0.29886462122906421     
  -3.9589589589589589       -1.6373322806342019E-003 -0.30029081760737991     
  -3.9489489489489489       -2.0919165537553203E-003 -0.30150687624079525     
  -3.9389389389389389       -2.0013536736078852E-003 -0.30237076901515575     
  -3.9289289289289289       -1.8959512049640647E-003 -0.30389212663533183     
  -3.9189189189189189       -2.3336789269346198E-003 -0.30537248799333361     
  -3.9089089089089089       -2.4472560456236976E-003 -0.30610528520783142     
  -3.8988988988988988       -2.0222876286145387E-003 -0.30762385175412565     
  -3.8888888888888888       -2.0125645552103960E-003 -0.30948101729587080     
  -3.8788788788788788       -2.2697463152480612E-003 -0.31149835168358575     
  -3.8688688688688688       -2.9351378793345917E-003 -0.31380884929630837     
  -3.8588588588588588       -4.7841669099713251E-003 -0.31647838468659223     
  -3.8488488488488488       -9.8307326932567090E-003 -0.31697437057903932     
  -3.8388388388388388       -9.3526264338152244E-003 -0.31087647224076798     
  -3.8288288288288288       -4.7198876828701674E-003 -0.31207574630834906     
  -3.8188188188188188       -3.2118795770983738E-003 -0.31501159543657747     
  -3.8088088088088088       -2.7943813871424807E-003 -0.31773480787957997     
  -3.7987987987987988       -2.8105038101463374E-003 -0.32039324736231811     
  -3.7887887887887888       -3.1635835146322381E-003 -0.32321660002096775     
  -3.7787787787787788       -4.0528009903685836E-003 -0.32647623642383355     
  -3.7687687687687688       -6.3056967567964159E-003 -0.33052001848317875     
  -3.7587587587587588       -1.3056504674431615E-002 -0.33454454736903499     
  -3.7487487487487487       -2.3988045392356907E-002 -0.32562545090204414     
  -3.7387387387387387       -1.3617162677846585E-002 -0.31638716746256001     
  -3.7287287287287287       -7.0998926425617347E-003 -0.32077559461793442     
  -3.7187187187187187       -5.4972229879904728E-003 -0.32567850646022978     
  -3.7087087087087087       -6.2178729139374051E-003 -0.33034819429566142     
  -3.6986986986986987       -1.0637497736897797E-002 -0.33412669475088802     
  -3.6886886886886887       -1.5690947042047487E-002 -0.32847128486428157     
  -3.6786786786786787       -8.6895439474782583E-003 -0.32621549054666027     
  -3.6686686686686687       -5.4042288713815698E-003 -0.33045400068048802     
  -3.6586586586586587       -4.6742444265447589E-003 -0.33478991763472110     
  -3.6486486486486487       -5.0999722699149016E-003 -0.33920909987367948     
  -3.6386386386386387       -6.8973248111068837E-003 -0.34431298302963287     
  -3.6286286286286287       -1.2211083131697095E-002 -0.35062664642622771     
  -3.6186186186186187       -2.8526513443562742E-002 -0.35273860119525385     
  -3.6086086086086087       -3.4185910357110778E-002 -0.32613629603230188     
  -3.5985985985985987       -1.4864158124145863E-002 -0.32287724570997095     
  -3.5885885885885886       -8.2285201367760276E-003 -0.32925070987151522     
  -3.5785785785785786       -6.5972486214038997E-003 -0.33343264482354917     
  -3.5685685685685686       -4.8989731021312341E-003 -0.33644733580293840     
  -3.5585585585585586       -4.1294913040882683E-003 -0.33927086694879383     
  -3.5485485485485486       -3.1842677070740774E-003 -0.34190622796857534     
  -3.5385385385385386       -2.6969664900225432E-003 -0.34462498655226265     
  -3.5285285285285286       -2.4564252128277952E-003 -0.34713688454538844     
  -3.5185185185185186       -2.3177424247473747E-003 -0.34949623722851003     
  -3.5085085085085086       -2.2314849614043469E-003 -0.35175639905172934     
  -3.4984984984984986       -2.1765721386508004E-003 -0.35395211623655060     
  -3.4884884884884886       -2.1422931676121689E-003 -0.35610653434225065     
  -3.4784784784784786       -2.1225708857748058E-003 -0.35823589160077085     
  -3.4684684684684686       -2.1137110982590700E-003 -0.36035216592205838     
  -3.4584584584584586       -2.1133775698419987E-003 -0.36246461889527654     
  -3.4484484484484486       -2.1200771500023115E-003 -0.36458075156946396     
  -3.4384384384384385       -2.1328886473095869E-003 -0.36670693827736761     
  -3.4284284284284285       -2.1513266297000771E-003 -0.36884888553307893     
  -3.4184184184184185       -2.1752998410835391E-003 -0.37101200903675291     
  -3.4084084084084085       -2.2051699895782439E-003 -0.37320180501666411     
  -3.3983983983983985       -2.2419845693852128E-003 -0.37542430715916486     
  -3.3883883883883881       -2.2881453769240520E-003 -0.37768677683049623     
  -3.3783783783783781       -2.3494886447835450E-003 -0.37999883141538604     
  -3.3683683683683681       -2.4430675429742920E-003 -0.38237307224648992     
  -3.3583583583583581       -2.6258121198468936E-003 -0.38480129853892503     
  -3.3483483483483480       -2.8563092483827111E-003 -0.38710734964003723     
  -3.3383383383383380       -2.9566029407034409E-003 -0.38959466715218349     
  -3.3283283283283280       -3.3808832288349036E-003 -0.39198739864584026     
  -3.3183183183183180       -3.2633894155953635E-003 -0.39426400678224571     
  -3.3083083083083080       -3.3296617686205880E-003 -0.39717933986995468     
  -3.2982982982982980       -4.0101673600539608E-003 -0.40000687336864582     
  -3.2882882882882880       -4.1587848816014876E-003 -0.40202625695260097     
  -3.2782782782782780       -3.7887309916149049E-003 -0.40517753913499882     
  -3.2682682682682680       -3.9872727159988896E-003 -0.40884080887195073     
  -3.2582582582582580       -4.6559624261050588E-003 -0.41290684327667559     
  -3.2482482482482480       -6.2498867147160022E-003 -0.41761961219791499     
  -3.2382382382382380       -1.0622732624681750E-002 -0.42248038443952546     
  -3.2282282282282280       -1.6760559426723186E-002 -0.42169011872282119     
  -3.2182182182182180       -1.9184976457212597E-002 -0.41864091841933482     
  -3.2082082082082080       -1.3696389536399277E-002 -0.41756132475660479     
  -3.1981981981981980       -1.3788243006666038E-002 -0.42417697359095741     
  -3.1881881881881879       -2.0268878782443368E-002 -0.42236864507485705     
  -3.1781781781781779       -1.2777656785617035E-002 -0.41918913799244950     
  -3.1681681681681679       -8.4109963620351245E-003 -0.42551317371149150     
  -3.1581581581581579       -8.0962748512695363E-003 -0.43220743904378955     
  -3.1481481481481479       -1.0981014717649156E-002 -0.43738176896460290     
  -3.1381381381381379       -1.1131117366749850E-002 -0.43800969905865977     
  -3.1281281281281279       -8.9759627306868501E-003 -0.44392950532787595     
  -3.1181181181181179       -1.0050996255687811E-002 -0.45197029470889072     
  -3.1081081081081079       -1.5053347861466186E-002 -0.46141557176009917     
  -3.0980980980980979       -3.0034122781362180E-002 -0.46800853258884390     
  -3.0880880880880879       -3.9699780115096964E-002 -0.45532045785648551     
  -3.0780780780780779       -4.2942548149558529E-002 -0.44753666908064299     
  -3.0680680680680679       -2.9070284229570306E-002 -0.43901623163909448     
  -3.0580580580580579       -2.5209331843841994E-002 -0.44648584780194644     
  -3.0480480480480479       -2.0249316990581519E-002 -0.44438167178384547     
  -3.0380380380380378       -1.2492281782053864E-002 -0.45230396429918018     
  -3.0280280280280278       -1.0441239430934552E-002 -0.46189033287028702     
  -3.0180180180180178       -1.1356488070196126E-002 -0.47119795784273139     
  -3.0080080080080078       -1.5498234669917637E-002 -0.47844483853879394     
  -2.9979979979979978       -1.5636590630277041E-002 -0.48367725029603409     
  -2.9879879879879878       -1.7672072208241928E-002 -0.49597916372706002     
  -2.9779779779779778       -2.8639803286966182E-002 -0.51219766175777270     
  -2.9679679679679678       -6.2961026218976548E-002 -0.52319518035667478     
  -2.9579579579579578       -9.5281984499558062E-002 -0.47714908450926585     
  -2.9479479479479478       -5.9934376146739202E-002 -0.45022979001412994     
  -2.9379379379379378       -5.0243321757281634E-002 -0.45360448666000658     
  -2.9279279279279278       -3.1315970586299639E-002 -0.44819386046774945     
  -2.9179179179179178       -1.6835121358772992E-002 -0.46027949657980027     
  -2.9079079079079078       -1.1473577373346719E-002 -0.47196388849123672     
  -2.8978978978978978       -9.1058076257514130E-003 -0.48148929668865431     
  -2.8878878878878878       -7.8817790726245854E-003 -0.48966884345731471     
  -2.8778778778778777       -7.1907382368671278E-003 -0.49705121719640621     
  -2.8678678678678677       -6.7861012757673743E-003 -0.50395515411756875     
  -2.8578578578578577       -6.5523640888653454E-003 -0.51057413234741544     
  -2.8478478478478477       -6.4294316740083754E-003 -0.51703327452195802     
  -2.8378378378378377       -6.3836264531239341E-003 -0.52341871418345531     
  -2.8278278278278277       -6.3951013596733825E-003 -0.52979340921963747     
  -2.8178178178178177       -6.4518368560134848E-003 -0.53620615334216692     
  -2.8078078078078077       -6.5465742319240211E-003 -0.54269702509814688     
  -2.7977977977977977       -6.6751818029464919E-003 -0.54930090227624184     
  -2.7877877877877877       -6.8357876689067332E-003 -0.55604991280356186     
  -2.7777777777777777       -7.0283802202892251E-003 -0.56297533053247006     
  -2.7677677677677677       -7.2547777657426607E-003 -0.57010925882032104     
  -2.7577577577577577       -7.5190698679699127E-003 -0.57748639182865213     
  -2.7477477477477477       -7.8291620086310965E-003 -0.58514608498871989     
  -2.7377377377377377       -8.2023070740012624E-003 -0.59313330028041034     
  -2.7277277277277276       -8.6716363025302404E-003 -0.60147346060771389     
  -2.7177177177177176       -9.1609738414762370E-003 -0.61020964118069365     
  -2.7077077077077076       -9.7568778131362586E-003 -0.61956768945828067     
  -2.6976976976976976       -1.0585239011640735E-002 -0.62962717015417946     
  -2.6876876876876876       -1.1794589203614826E-002 -0.64060069115055485     
  -2.6776776776776776       -1.3808974625949681E-002 -0.65285790678335409     
  -2.6676676676676676       -1.7993795827223980E-002 -0.66684143291046660     
  -2.6576576576576576       -2.8257033140680812E-002 -0.68014748686917459     
  -2.6476476476476476       -3.9799654266351091E-002 -0.68364569623778715     
  -2.6376376376376376       -3.7442686736428185E-002 -0.68405264734496840     
  -2.6276276276276276       -4.0718312257387541E-002 -0.70061237827917466     
  -2.6176176176176176       -5.0343205263308356E-002 -0.69597264559830729     
  -2.6076076076076076       -3.3283568901540141E-002 -0.70471593516262976     
  -2.5975975975975976       -2.8701358472563644E-002 -0.72884795368958111     
  -2.5875875875875876       -3.3269067253884566E-002 -0.75554764909484806     
  -2.5775775775775776       -5.1042264023648962E-002 -0.78365644433637194     
  -2.5675675675675675       -8.3055352839290400E-002 -0.79004721149974322     
  -2.5575575575575575      -0.10281304739525876      -0.77751560552212817     
  -2.5475475475475475       -7.5419844131943664E-002 -0.76615750552204420     
  -2.5375375375375375       -6.7360052523098304E-002 -0.79904126759221139     
  -2.5275275275275275       -6.9376914524174479E-002 -0.81206235970528562     
  -2.5175175175175175       -6.0332167079839252E-002 -0.84774719737739923     
  -2.5075075075075075       -8.0174272653835338E-002 -0.89516631909675271     
  -2.4974974974974975      -0.13169343904674710      -0.90562915584085657     
  -2.4874874874874875      -0.12315665650030026      -0.90329638587032290     
  -2.4774774774774775      -0.14040046794261893      -0.91855156742070787     
  -2.4674674674674675      -0.11571386528097398      -0.94761469194539372     
  -2.4574574574574575      -0.14160915109092978       -1.0270355828486448     
  -2.4474474474474475      -0.25847588670522875       -1.0534723542468101     
  -2.4374374374374375      -0.27101855984824363      -0.94295604536716859     
  -2.4274274274274275      -0.16921707649689607      -0.95095850313090458     
  -2.4174174174174174      -0.12584643162074471       -1.0501136723960860     
  -2.4074074074074074      -0.12976118794358843       -1.1626116292192938     
  -2.3973973973973974      -0.16596282739450097       -1.2931028969930434     
  -2.3873873873873874      -0.26151065539287893       -1.4523903320674862     
  -2.3773773773773774      -0.47489627173948407       -1.5791372644687660     
  -2.3673673673673674      -0.72026921960701595       -1.5763549709446956     
  -2.3573573573573574      -0.91964209880452108       -1.4972461193139412     
  -2.3473473473473474       -1.0669524472023402       -1.3879654606601408     
  -2.3373373373373374       -1.1651294555918399       -1.2687519883790457     
  -2.3273273273273274       -1.2704721604018259       -1.1897384663889006     
  -2.3173173173173174       -1.3779970838574964       -1.0505008241419731     
  -2.3073073073073074       -1.4548206438554079      -0.89250899411412321     
  -2.2972972972972974       -1.4493747044082912      -0.69494156974632937     
  -2.2872872872872874       -1.3697413370039055      -0.68296265457739691     
  -2.2772772772772774       -1.5392880290582673      -0.63631994075190734     
  -2.2672672672672673       -1.6547458686493757      -0.42369982819556695     
  -2.2572572572572573       -1.6900053428466386      -0.16805149105408315     
  -2.2472472472472473       -1.6555997005338812       0.11393871196288174     
  -2.2372372372372373       -1.5324165365041269       0.41705082788639225     
  -2.2272272272272273       -1.2735677438210498       0.71236492506626459     
  -2.2172172172172173      -0.83170438933930202       0.87419455025535242     
  -2.2072072072072073      -0.41595259631671105       0.72091542140550080     
  -2.1971971971971973      -0.23482380392843821       0.49446710376917258     
  -2.1871871871871873      -0.15647610409380638       0.32521249424265319     
  -2.1771771771771773      -0.11517649906254630       0.19946374189148736     
  -2.1671671671671673       -9.0300987638854843E-002  0.10152090739779093     
  -2.1571571571571573       -7.3989553449088197E-002   2.1999892205587370E-002
  -2.1471471471471473       -6.2682465886064284E-002  -4.4751016525981901E-002
  -2.1371371371371373       -5.4572134912037794E-002 -0.10233377893028990     
  -2.1271271271271273       -4.8708586491363025E-002 -0.15318499502344712     
  -2.1171171171171173       -4.4750783337358671E-002 -0.19898341995611044     
  -2.1071071071071072       -4.2615683653039867E-002 -0.24017279669814348     
  -2.0970970970970972       -4.0879253740213159E-002 -0.27755615691301611     
  -2.0870870870870872       -3.9045267785345859E-002 -0.31325538904026090     
  -2.0770770770770772       -4.1023707847822180E-002 -0.34747021113394544     
  -2.0670670670670672       -4.1406203107689422E-002 -0.37478691301147343     
  -2.0570570570570572       -4.1805477375254169E-002 -0.40571140349215384     
  -2.0470470470470472       -4.3730374888657421E-002 -0.42708870904957591     
  -2.0370370370370372       -3.5303735755338635E-002 -0.45280122256570426     
  -2.0270270270270272       -3.0177324336753159E-002 -0.48343262238335794     
  -2.0170170170170172       -2.3876333229585857E-002 -0.51479250099758267     
  -2.0070070070070072       -2.6790361845029260E-002 -0.56657388709243128     
  -1.9969969969969972       -4.2151548628775931E-002 -0.57875834377177682     
  -1.9869869869869872       -3.6082615578762793E-002 -0.60760206373612302     
  -1.9769769769769772       -3.5981834809210259E-002 -0.64141480703227571     
  -1.9669669669669672       -3.8799933662065099E-002 -0.67524409728846191     
  -1.9569569569569571       -3.9955093992575665E-002 -0.70970938143199847     
  -1.9469469469469471       -4.2359609987065679E-002 -0.74901673974270100     
  -1.9369369369369371       -4.8228633683512642E-002 -0.79142389828941173     
  -1.9269269269269271       -5.6886954436793875E-002 -0.83234051564592904     
  -1.9169169169169171       -5.9107262465035788E-002 -0.87937700260748242     
  -1.9069069069069071       -6.6465666187300390E-002 -0.93851063651665956     
  -1.8968968968968971       -8.1425772921137257E-002  -1.0082988750270787     
  -1.8868868868868871      -0.11109974921733039       -1.0934593018331615     
  -1.8768768768768771      -0.18256327399977762       -1.1909949712991892     
  -1.8668668668668671      -0.29675994883781004       -1.2209182142867043     
  -1.8568568568568571      -0.34942898107001902       -1.2240000408418177     
  -1.8468468468468471      -0.34276669915773122       -1.3063301886836030     
  -1.8368368368368371      -0.50661197674111402       -1.4597613764808071     
  -1.8268268268268271      -0.75680046088208563       -1.4260188332038028     
  -1.8168168168168171      -0.86728031186435095       -1.2763205569908465     
  -1.8068068068068071      -0.86782087291568710       -1.1475944766467550     
  -1.7967967967967970      -0.77193392247088355       -1.1780106789032305     
  -1.7867867867867866      -0.84537226728754022       -1.3478623463637800     
  -1.7767767767767766       -1.0704260001186428       -1.3681633194046499     
  -1.7667667667667666       -1.2398045029090532       -1.2755424330589289     
  -1.7567567567567566       -1.3297260595887399       -1.1504800427582498     
  -1.7467467467467466       -1.3724104284335261       -1.0878799051255534     
  -1.7367367367367366       -1.4669251085315318       -1.0205710325578787     
  -1.7267267267267266       -1.5555370811979357      -0.93649010208983297     
  -1.7167167167167166       -1.6403987874783532      -0.81637830049298599     
  -1.7067067067067065       -1.6929937817486331      -0.67648188415564847     
  -1.6966966966966965       -1.7071329818376275      -0.54827485538020737     
  -1.6866866866866865       -1.7467044938329006      -0.42950795498937600     
  -1.6766766766766765       -1.7572959520131715      -0.25983506408664903     
  -1.6666666666666665       -1.6769212204499644       -9.6103457331430539E-002
  -1.6566566566566565       -1.6035023140879208      -0.10748180329681341     
  -1.6466466466466465       -1.7169299993765010       -8.6676202035292100E-003
  -1.6366366366366365       -1.7372701187795443       0.20113095138458092     
  -1.6266266266266265       -1.6858316520911825       0.42203111176155306     
  -1.6166166166166165       -1.5746589755591907       0.64736211551404010     
  -1.6066066066066065       -1.3883350463554160       0.87066350095352019     
  -1.5965965965965965       -1.0924962477611897        1.0593938682725264     
  -1.5865865865865865      -0.67500672143348583        1.0956793396349012     
  -1.5765765765765765      -0.35176215283589712       0.88992846866864772     
  -1.5665665665665665      -0.21609144464658864       0.67076963188048877     
  -1.5565565565565564      -0.15369340099689935       0.50481980713883223     
  -1.5465465465465464      -0.11913916905477204       0.37613565645961250     
  -1.5365365365365364       -9.7608460122557611E-002  0.27162195081381213     
  -1.5265265265265264       -8.3169776710575974E-002  0.18342462429230297     
  -1.5165165165165164       -7.3027013971589547E-002  0.10668830004549160     
  -1.5065065065065064       -6.5703176408082389E-002   3.8230915469699193E-002
  -1.4964964964964964       -6.0355692065196934E-002  -2.4155197409702782E-002
  -1.4864864864864864       -5.6483615676613662E-002  -8.2087723597706830E-002
  -1.4764764764764764       -5.3797070914799835E-002 -0.13682195718759702     
  -1.4664664664664664       -5.2182557470886300E-002 -0.18939763157206438     
  -1.4564564564564564       -5.1816489538285090E-002 -0.24069014162531580     
  -1.4464464464464464       -5.3289043324348660E-002 -0.29061487218630000     
  -1.4364364364364364       -5.3939059793774620E-002 -0.33937298124369325     
  -1.4264264264264264       -5.6417765983047895E-002 -0.39155501422407618     
  -1.4164164164164164       -6.5905830478798721E-002 -0.44403823455332025     
  -1.4064064064064064       -7.5430923045757797E-002 -0.48441507424493729     
  -1.3963963963963963       -7.5058094048380333E-002 -0.53497752089575557     
  -1.3863863863863863       -7.9559753815422518E-002 -0.58236749300050872     
  -1.3763763763763763       -7.4155357124914598E-002 -0.64267496726206563     
  -1.3663663663663663       -7.7338703760248081E-002 -0.71461233634385957     
  -1.3563563563563563       -8.6284910969263856E-002 -0.79438575049265403     
  -1.3463463463463463      -0.10184604032976458      -0.88583871892164268     
  -1.3363363363363363      -0.12643971922362043      -0.99180182998015354     
  -1.3263263263263263      -0.16808904101809055       -1.1228245485692692     
  -1.3163163163163163      -0.25116134403720658       -1.2900456696058500     
  -1.3063063063063063      -0.44386385144583917       -1.4665755607005735     
  -1.2962962962962963      -0.72381101881520504       -1.5163660022585439     
  -1.2862862862862863      -0.94926822759809759       -1.4573880618864021     
  -1.2762762762762763       -1.1173316690744393       -1.3858650716902445     
  -1.2662662662662663       -1.2709093136063259       -1.2959281328363348     
  -1.2562562562562563       -1.3959690620861740       -1.1904568410527541     
  -1.2462462462462462       -1.4983149701831395       -1.0793810858425492     
  -1.2362362362362362       -1.5831083061566531      -0.96475875110860898     
  -1.2262262262262262       -1.6531719664765676      -0.84641908319570680     
  -1.2162162162162162       -1.7093489281458134      -0.72284127460723924     
  -1.2062062062062062       -1.7489838721891975      -0.59089877371927912     
  -1.1961961961961962       -1.7582771816017877      -0.44923988863751141     
  -1.1861861861861862       -1.7177777349772207      -0.33331261715873989     
  -1.1761761761761762       -1.6892839973870752      -0.27078444853831451     
  -1.1661661661661662       -1.6583750925019913      -0.21674077356094232     
  -1.1561561561561562       -1.7175438770050724      -0.21799381115514385     
  -1.1461461461461462       -1.7896830606276330       -8.8652590724112759E-002
  -1.1361361361361362       -1.7902550208089745        3.9680721764329102E-002
  -1.1261261261261262       -1.7929620240750315       0.17434483980361168     
  -1.1161161161161162       -1.7330983696337476       0.32493937638095138     
  -1.1061061061061062       -1.6159566781820149       0.37021232083599420     
  -1.0960960960960962       -1.6794044402425774       0.39289329102017467     
  -1.0860860860860861       -1.6972032834054254       0.56308430131020537     
  -1.0760760760760761       -1.6423721029171698       0.73533668820117359     
  -1.0660660660660661       -1.5491002732911450       0.89857952721585876     
  -1.0560560560560561       -1.4201853195564673        1.0553627800437915     
  -1.0460460460460461       -1.2470763781894481        1.2027850119392083     
  -1.0360360360360361       -1.0125713822366755        1.3261436488924421     
  -1.0260260260260261      -0.69736022060861946        1.3741321869870771     
  -1.0160160160160161      -0.38089669028612766        1.2426805277370254     
  -1.0060060060060061      -0.22351647517989559        1.0343860304291308     
 -0.99599599599599564      -0.15500398594937992       0.86860354643224869     
 -0.98598598598598564      -0.11855824763108078       0.74049034207551778     
 -0.97597597597597563       -9.6188405352693601E-002  0.63721126455727162     
 -0.96596596596596562       -8.1180316027710350E-002  0.55077401392772474     
 -0.95595595595595562       -7.0510126624030958E-002  0.47629067742971753     
 -0.94594594594594561       -6.2620785256825018E-002  0.41061090943739820     
 -0.93593593593593560       -5.6630414627372699E-002  0.35159293426919852     
 -0.92592592592592560       -5.2003600542829979E-002  0.29771114320627318     
 -0.91591591591591559       -4.8398169161416718E-002  0.24783376777826033     
 -0.90590590590590558       -4.5587185651676861E-002  0.20108996151216169     
 -0.89589589589589558       -4.3416457782131115E-002  0.15678625188571155     
 -0.88588588588588557       -4.1780164800675187E-002  0.11435148341058331     
 -0.87587587587587556       -4.0606386306744541E-002   7.3298773664682640E-002
 -0.86586586586586556       -3.9848399830743980E-002   3.3197823255479764E-002
 -0.85585585585585555       -3.9479596578127878E-002  -6.3465231093425712E-003
 -0.84584584584584555       -3.9490910278936246E-002  -4.5712200508230522E-002
 -0.83583583583583554       -3.9890286924021079E-002  -8.5276386741100385E-002
 -0.82582582582582553       -4.0704224094405904E-002 -0.12543234295681374     
 -0.81581581581581553       -4.1982020823739204E-002 -0.16660868509262391     
 -0.80580580580580552       -4.3804541243676595E-002 -0.20929392692001891     
 -0.79579579579579551       -4.6302330561920034E-002 -0.25407087500058156     
 -0.78578578578578551       -4.9698133724024138E-002 -0.30166823532889514     
 -0.77577577577577550       -5.4432167514579785E-002 -0.35302898446412906     
 -0.76576576576576549       -6.1590766412828839E-002 -0.40915834818672486     
 -0.75575575575575549       -7.1775742896649355E-002 -0.46911849835482433     
 -0.74574574574574548       -8.2315588677511917E-002 -0.53856282361043450     
 -0.73573573573573547      -0.10422083631932048      -0.62207953670927063     
 -0.72572572572572547      -0.15050587519459416      -0.70596737917357022     
 -0.71571571571571546      -0.17833573403598582      -0.78051251143834488     
 -0.70570570570570545      -0.22523504015345150      -0.89786791557151113     
 -0.69569569569569545      -0.28453637355940736       -1.0523014651001852     
 -0.68568568568568544      -0.47141020232197750       -1.2669196921644079     
 -0.67567567567567544      -0.81322828791800084       -1.3458280041568957     
 -0.66566566566566543       -1.1113188141912471       -1.2588155308097653     
 -0.65565565565565542       -1.3291093193376298       -1.1139368283725435     
 -0.64564564564564542       -1.4893261039534902      -0.95059000219613288     
 -0.63563563563563541       -1.6081406167920769      -0.78094259992602688     
 -0.62562562562562540       -1.6952028257343430      -0.60918485663834521     
 -0.61561561561561540       -1.7562458299583217      -0.43663988995586384     
 -0.60560560560560539       -1.7944014741839200      -0.26335254450507173     
 -0.59559559559559538       -1.8104276371507459       -8.8702021677571199E-002
 -0.58558558558558538       -1.8012273348115031        8.7191338541892704E-002
 -0.57557557557557537       -1.7631946645726753       0.25215288236180722     
 -0.56556556556556536       -1.7190623863834076       0.41517533882794888     
 -0.55555555555555536       -1.6337071315820904       0.58075770259576331     
 -0.54554554554554535       -1.4943921174085775       0.73632566165954005     
 -0.53553553553553535       -1.2904671134570569       0.74028074027982127     
 -0.52552552552552534       -1.3692339872193979       0.71344552447906107     
 -0.51551551551551533       -1.3613208186625709       0.94768686152364490     
 -0.50550550550550533       -1.1947540425055825        1.1608336506857098     
 -0.49549549549549532      -0.93425548853771767        1.3109074528812643     
 -0.48548548548548531      -0.59156815658421058        1.3375536368762388     
 -0.47547547547547531      -0.31140590934147688        1.1719862527408538     
 -0.46546546546546530      -0.18931833813345997       0.98259200655131085     
 -0.45545545545545529      -0.13359096782708038       0.83831731562843870     
 -0.44544544544544529      -0.10273331005909170       0.72702105113980253     
 -0.43543543543543528       -8.3350716825099938E-002  0.63736595406843821     
 -0.42542542542542527       -7.0155955050102692E-002  0.56251808724437480     
 -0.41541541541541527       -6.0672753682975471E-002  0.49827509334891223     
 -0.40540540540540526       -5.3591717462942466E-002  0.44191022641863636     
 -0.39539539539539525       -4.8156892383611587E-002  0.39156335095069295     
 -0.38538538538538525       -4.3902221890101983E-002  0.34591029260570100     
 -0.37537537537537524       -4.0525560999676996E-002  0.30397366834275213     
 -0.36536536536536524       -3.7823255895525591E-002  0.26500901725370413     
 -0.35535535535535523       -3.5653875171606848E-002  0.22843307504673141     
 -0.34534534534534522       -3.3917018551328892E-002  0.19377673751870964     
 -0.33533533533533522       -3.2540402767081075E-002  0.16065306589310888     
 -0.32532532532532521       -3.1471729370291461E-002  0.12873475664903608     
 -0.31531531531531520       -3.0673444716839280E-002   9.7737714015971547E-002
 -0.30530530530530520       -3.0119328438133409E-002   6.7408615295187102E-002
 -0.29529529529529519       -2.9792294535696054E-002   3.7515087473859454E-002
 -0.28528528528528518       -2.9683045106770028E-002   7.8375441000121723E-003
 -0.27527527527527518       -2.9789372374491616E-002  -2.1838016483055910E-002
 -0.26526526526526517       -3.0116008401698997E-002  -5.1726813013246477E-002
 -0.25525525525525516       -3.0675001519394219E-002  -8.2052189709412415E-002
 -0.24524524524524516       -3.1486673261221405E-002 -0.11305315250001691     
 -0.23523523523523515       -3.2581296900891600E-002 -0.14499314252785780     
 -0.22522522522522515       -3.4001760404601303E-002 -0.17817083786969215     
 -0.21521521521521514       -3.5807667418410481E-002 -0.21293409302109928     
 -0.20520520520520513       -3.8081652610298722E-002 -0.24969866480607930     
 -0.19519519519519513       -4.0939265238393335E-002 -0.28897428921130930     
 -0.18518518518518512       -4.4544863032364934E-002 -0.33140226472837037     
 -0.17517517517517511       -4.9138122352216977E-002 -0.37781155432057195     
 -0.16516516516516511       -5.5080343620946021E-002 -0.42930575643445795     
 -0.15515515515515510       -6.2940113494062047E-002 -0.48740373549114158     
 -0.14514514514514509       -7.3663586549339133E-002 -0.55427811350886680     
 -0.13513513513513509       -8.8945424692517747E-002 -0.63318148564286536     
 -0.12512512512512508      -0.11213915218038435      -0.72924628273879477     
 -0.11511511511511507      -0.15087310961083297      -0.85098128768584080     
 -0.10510510510510507      -0.22618954440218114       -1.0119030451065980     
  -9.5095095095095061E-002 -0.40483771519427086       -1.2117293860064995     
  -8.5085085085085055E-002 -0.74943081899297803       -1.3017097621467471     
  -7.5075075075075048E-002  -1.0639320254382481       -1.1828110500314917     
  -6.5065065065065042E-002  -1.2183211822221340      -0.97839957265624100     
  -5.5055055055055035E-002  -1.2923583968839227      -0.90780659372467398     
  -4.5045045045045029E-002  -1.4385746301514504      -0.79461210027246976     
  -3.5035035035035023E-002  -1.5734221539584072      -0.67482293605791976     
  -2.5025025025025016E-002  -1.6902446254037662      -0.49190051559871345     
  -1.5015015015015010E-002  -1.7545732274480770      -0.29368212992040738     
  -5.0050050050050032E-003  -1.7810742336717689       -9.6280158144587319E-002
   5.0050050050050032E-003  -1.7810810697205262        9.6109919539788577E-002
   1.5015015015015010E-002  -1.7546132200403508       0.29350511123336864     
   2.5025025025025016E-002  -1.6903285528116609       0.49172566886761454     
   3.5035035035035023E-002  -1.5735738821649077       0.67468511306164225     
   4.5045045045045029E-002  -1.4387230469166006       0.79455789637695207     
   5.5055055055055035E-002  -1.2924901427271949       0.90789847925672396     
   6.5065065065065042E-002  -1.2182198995468301       0.97829280856879008     
   7.5075075075075048E-002  -1.0640431768761736        1.1826531100045121     
   8.5085085085085055E-002 -0.74961538437676434        1.3016554288717750     
   9.5095095095095061E-002 -0.40497150783341551        1.2117888131129537     
  0.10510510510510507      -0.22624351501293319        1.0119597324282148     
  0.11511511511511507      -0.15089894438472323       0.85101457939248637     
  0.12512512512512508      -0.11215419728385236       0.72926337686900755     
  0.13513513513513509       -8.8955410791846101E-002  0.63318757139023640     
  0.14514514514514509       -7.3670851124016168E-002  0.55427623527185965     
  0.15515515515515510       -6.2945778687250029E-002  0.48739572736417275     
  0.16516516516516511       -5.5085016545371561E-002  0.42929276760044166     
  0.17517517517517511       -4.9142163099480413E-002  0.37779432352009745     
  0.18518518518518512       -4.4548501923660604E-002  0.33138126910607985     
  0.19519519519519513       -4.0942659744549359E-002  0.28894982898252702     
  0.20520520520520513       -3.8084917409624164E-002  0.24967091336612021     
  0.21521521521521514       -3.5810891455892370E-002  0.21290312735859329     
  0.22522522522522515       -3.4005017245358746E-002  0.17813665709168003     
  0.23523523523523515       -3.2584651464287150E-002  0.14495567876202156     
  0.24524524524524516       -3.1490186559715257E-002  0.11301227656073762     
  0.25525525525525516       -3.0678734320889481E-002   8.2007712856969769E-002
  0.26526526526526517       -3.0120024382783720E-002   5.1678485496082345E-002
  0.27527527527527518       -2.9793741159693139E-002   2.1785523126549373E-002
  0.28528528528528518       -2.9687845517163181E-002  -7.8945913210793969E-003
  0.29529529529529519       -2.9797618365062430E-002  -3.7577160238262755E-002
  0.30530530530530520       -3.0125285126336391E-002  -6.7476283792834477E-002
  0.31531531531531520       -3.0680167404843361E-002  -9.7811666936369043E-002
  0.32532532532532521       -3.1479383023163381E-002 -0.12881582791798799     
  0.33533533533533522       -3.2549195388802209E-002 -0.16074227055828544     
  0.34534534534534522       -3.3927217078877511E-002 -0.19387532036731592     
  0.35535535535535523       -3.5665828595015173E-002 -0.22854257738536485     
  0.36536536536536524       -3.7837429831336304E-002 -0.26513137025668815     
  0.37537537537537524       -4.0542590998739372E-002 -0.30411132632800919     
  0.38538538538538525       -4.3922998551621316E-002 -0.34606642812992428     
  0.39539539539539525       -4.8182702897370706E-002 -0.39174214888923964     
  0.40540540540540526       -5.3624492648159314E-002 -0.44211734272108288     
  0.41541541541541527       -6.0715525136515895E-002 -0.49851839996707992     
  0.42542542542542527       -7.0213764532051359E-002 -0.56280893926792341     
  0.43543543543543528       -8.3432598460996391E-002 -0.63772145968175875     
  0.44544544544544529      -0.10285715484926999      -0.72746834166688967     
  0.45545545545545529      -0.13379748421011367      -0.83890157755384431     
  0.46546546546546530      -0.18971980567518873      -0.98338579691301276     
  0.47547547547547531      -0.31236730987896805       -1.1729942080049154     
  0.48548548548548531      -0.59340466640771894       -1.3378962495824855     
  0.49549549549549532      -0.93585813089542347       -1.3103027662181530     
  0.50550550550550533       -1.1958974778229168       -1.1598025755379000     
  0.51551551551551533       -1.3618995343864504      -0.94634794364235020     
  0.52552552552552534       -1.3685993753606263      -0.71246678640465044     
  0.53553553553553535       -1.2910756162639416      -0.74096852341147224     
  0.54554554554554535       -1.4954722855055569      -0.73553571379458305     
  0.55555555555555536       -1.6341454128956814      -0.57973616716941756     
  0.56556556556556536       -1.7193345273145966      -0.41430183812937554     
  0.57557557557557537       -1.7634877206840247      -0.25124987837222024     
  0.58558558558558538       -1.8013584238222886       -8.6149383236802726E-002
  0.59559559559559538       -1.8103906698491277        8.9751652704586460E-002
  0.60560560560560539       -1.7942299405659701       0.26439898302879428     
  0.61561561561561540       -1.7559420498007241       0.43768616093192431     
  0.62562562562562540       -1.6947540098663465       0.61023133434082821     
  0.63563563563563541       -1.6075209640443722       0.78198420995133422     
  0.64564564564564542       -1.4884923067266305       0.95161096992795768     
  0.65565565565565542       -1.3279894563332055        1.1148952174538382     
  0.66566566566566543       -1.1097945632725794        1.2595902480877685     
  0.67567567567567544      -0.81119354158682910        1.3460140576930364     
  0.68568568568568544      -0.46968383401272179        1.2658449955174957     
  0.69569569569569545      -0.28395009874733584        1.0511420567539371     
  0.70570570570570545      -0.22488684228656791       0.89722169174880073     
  0.71571571571571546      -0.17818667823037954       0.77991279834863858     
  0.72572572572572547      -0.15019867923486652       0.70559508755199174     
  0.73573573573573547      -0.10403278364403835       0.62159843687905725     
  0.74574574574574548       -8.2228070029720282E-002  0.53815865708597133     
  0.75575575575575549       -7.1715542622291628E-002  0.46880444815817240     
  0.76576576576576549       -6.1533530011313745E-002  0.40887013449417009     
  0.77577577577577550       -5.4394286002610898E-002  0.35277428723135207     
  0.78578578578578551       -4.9669970625993896E-002  0.30144361979841927     
  0.79579579579579551       -4.6280055559982901E-002  0.25387041371148583     
  0.80580580580580552       -4.3786345044002466E-002  0.20911315240536077     
  0.81581581581581553       -4.1966848088220939E-002  0.16644425851100711     
  0.82582582582582553       -4.0691383291217700E-002  0.12528169723856597     
  0.83583583583583554       -3.9879293730060314E-002   8.5137498073527593E-002
  0.84584584584584555       -3.9481410848726639E-002   4.5583440871091646E-002
  0.85585585585585555       -3.9471324702975832E-002   6.2265609759947728E-003
  0.86586586586586556       -3.9841150888755943E-002  -3.3310092436876521E-002
  0.87587587587587556       -4.0600000490865297E-002  -7.3404277750423699E-002
  0.88588588588588557       -4.1774515902373834E-002 -0.11445101096627833     
  0.89589589589589558       -4.3411445530086468E-002 -0.15688048076746536     
  0.90590590590590558       -4.5582730485728987E-002 -0.20117948134574670     
  0.91591591591591559       -4.8394208837045039E-002 -0.24791909829429265     
  0.92592592592592560       -5.2000088334835153E-002 -0.29779274999674549     
  0.93593593593593560       -5.6627319290586925E-002 -0.35167124344927159     
  0.94594594594594561       -6.2618093517184351E-002 -0.41068632299015401     
  0.95595595595595562       -7.0507850285807971E-002 -0.47636359193873945     
  0.96596596596596562       -8.1178509137512123E-002 -0.55084484762668795     
  0.97597597597597563       -9.6187206744671933E-002 -0.63728050267246394     
  0.98598598598598564      -0.11855799801753505      -0.74055862061210387     
  0.99599599599599564      -0.15500560668406352      -0.86867179682199747     
   1.0060060060060056      -0.22352294489089422       -1.0344553915350450     
   1.0160160160160157      -0.38091727577461310       -1.2427464323922386     
   1.0260260260260257      -0.69738411204210737       -1.3741709384612231     
   1.0360360360360357       -1.0125744423875214       -1.3261725006521856     
   1.0460460460460457       -1.2470654139095798       -1.2028192549531762     
   1.0560560560560557       -1.4201678388926473       -1.0554062481162056     
   1.0660660660660657       -1.5490816251518760      -0.89863342145956715     
   1.0760760760760757       -1.6423578453629022      -0.73540251052824901     
   1.0860860860860857       -1.6972060207784494      -0.56316395756434334     
   1.0960960960960957       -1.6794624221604939      -0.39295741865000150     
   1.1061061061061057       -1.6159366302860605      -0.37017031684370472     
   1.1161161161161157       -1.7330472583487075      -0.32500682759192173     
   1.1261261261261257       -1.7929287005021521      -0.17444749732894432     
   1.1361361361361357       -1.7903241323035055       -3.9606831073113281E-002
   1.1461461461461457       -1.7896539968848930        8.8356364503733048E-002
   1.1561561561561557       -1.7180233042754427       0.21817614552935927     
   1.1661661661661658       -1.6569907447117149       0.21620555709303282     
   1.1761761761761758       -1.6908647845321281       0.27268806802464707     
   1.1861861861861858       -1.7175622055837394       0.33193044715268566     
   1.1961961961961958       -1.7583478590146535       0.44956833807797902     
   1.2062062062062058       -1.7489259200421763       0.59086669921235357     
   1.2162162162162158       -1.7093447094003318       0.72279883002891065     
   1.2262262262262258       -1.6531777174435585       0.84638622937720320     
   1.2362362362362358       -1.5831143785200448       0.96473325643009677     
   1.2462462462462458       -1.4983175526448909        1.0793619775850563     
   1.2562562562562558       -1.3959646643489740        1.1904449073078427     
   1.2662662662662658       -1.2708896537588501        1.2959336511414443     
   1.2762762762762758       -1.1171644309763327        1.3859120473483968     
   1.2862862862862858      -0.94923377859134550        1.4567739607067294     
   1.2962962962962958      -0.72462110900810250        1.5164072740572654     
   1.3063063063063058      -0.44349693785772709        1.4680767931720822     
   1.3163163163163158      -0.24947373371480150        1.2885181306208395     
   1.3263263263263259      -0.17013866825392535        1.1206074677150137     
   1.3363363363363359      -0.12957476359383596       0.99825286207690944     
   1.3463463463463459       -9.6769087165002224E-002  0.87856586183246166     
   1.3563563563563559       -8.9424356799966936E-002  0.79442975892214807     
   1.3663663663663659       -7.7922360852938063E-002  0.71608322783348644     
   1.3763763763763759       -7.3148876861079154E-002  0.64406587616730848     
   1.3863863863863859       -7.6467840999626627E-002  0.58029700105286541     
   1.3963963963963959       -7.9704852206095869E-002  0.53445953709704908     
   1.4064064064064059       -7.4006613999884188E-002  0.48739211107584313     
   1.4164164164164168       -6.4729480731877662E-002  0.44216184722248714     
   1.4264264264264268       -5.7412526492557653E-002  0.39138711984320590     
   1.4364364364364368       -5.3978945862460041E-002  0.33980588892125785     
   1.4464464464464468       -5.3059118508288837E-002  0.29048545678737281     
   1.4564564564564568       -5.1846992306257125E-002  0.24060454615503407     
   1.4664664664664668       -5.2193883987749705E-002  0.18934922715026994     
   1.4764764764764768       -5.3802059376571398E-002  0.13677266852965356     
   1.4864864864864868       -5.6487578880403358E-002   8.2035160208436167E-002
   1.4964964964964969       -6.0359932468784711E-002   2.4098864004123855E-002
   1.5065065065065069       -6.5708242954334944E-002  -3.8291705037797746E-002
   1.5165165165165169       -7.3033399304220661E-002 -0.10675458394849320     
   1.5265265265265269       -8.3178179755882556E-002 -0.18349793256562957     
   1.5365365365365369       -9.7620082268035091E-002 -0.27170458825791116     
   1.5465465465465469      -0.11915635378037097      -0.37623125638114552     
   1.5565565565565569      -0.15372141992303417      -0.50493439086325309     
   1.5665665665665669      -0.21614464100533595      -0.67091299698422557     
   1.5765765765765769      -0.35188756401251792      -0.89010432238672066     
   1.5865865865865869      -0.67526378806860266       -1.0957704197894160     
   1.5965965965965969       -1.0927064581907477       -1.0593388474281844     
   1.6066066066066069       -1.3884636431493296      -0.87057675307871674     
   1.6166166166166169       -1.5747369491512593      -0.64728229310152452     
   1.6266266266266269       -1.6858824345087493      -0.42196849954452026     
   1.6366366366366369       -1.7373174781511902      -0.20108699595554780     
   1.6466466466466469       -1.7170252887352930        8.7338751672590368E-003
   1.6566566566566570       -1.6034065445835568       0.10785016800443191     
   1.6666666666666670       -1.6764674578683192        9.5709929330696802E-002
   1.6766766766766770       -1.7576570789354409       0.25910324377683336     
   1.6866866866866870       -1.7483716823203221       0.42970741998294310     
   1.6966966966966970       -1.7054349864340246       0.55111208190645122     
   1.7067067067067070       -1.6915554869201770       0.67484654355479634     
   1.7167167167167170       -1.6408124234701393       0.81488419406601365     
   1.7267267267267270       -1.5570431698381997       0.93550611953602736     
   1.7367367367367370       -1.4700104567082264        1.0215057454701937     
   1.7467467467467470       -1.3707222610284813        1.0951519682336428     
   1.7567567567567570       -1.3247825629876895        1.1459562072189040     
   1.7667667667667670       -1.2412422534778247        1.2718193070533361     
   1.7767767767767770       -1.0739741960928757        1.3668077114145603     
   1.7867867867867870      -0.84988309582195998        1.3509268378366448     
   1.7967967967967970      -0.76987282695722037        1.1867877600627104     
   1.8068068068068071      -0.85526429263896753        1.1417625088655958     
   1.8168168168168171      -0.87088680195304968        1.2681851683497214     
   1.8268268268268271      -0.76375982548576637        1.4239542684706281     
   1.8368368368368371      -0.51346880696003372        1.4660468741278299     
   1.8468468468468471      -0.33589831836676531        1.3165330955257821     
   1.8568568568568571      -0.34192841321068379        1.2128737185434968     
   1.8668668668668671      -0.30209956947565603        1.2187669920101312     
   1.8768768768768771      -0.18455147828078639        1.1923342780096131     
   1.8868868868868871      -0.11167335283686890        1.0947048198873663     
   1.8968968968968971       -8.1466452291965391E-002   1.0094103193783490     
   1.9069069069069071       -6.5995960538533988E-002  0.93967926050782258     
   1.9169169169169171       -5.7334722829045545E-002  0.88042787319092319     
   1.9269269269269271       -5.4181525314756548E-002  0.82939140799403366     
   1.9369369369369371       -5.1122249487639271E-002  0.79006766099984860     
   1.9469469469469471       -4.3503315753826793E-002  0.74988464578577518     
   1.9569569569569571       -4.0291475561687884E-002  0.71052766343419227     
   1.9669669669669672       -3.8749745727990462E-002  0.67600639687313568     
   1.9769769769769772       -3.5671914261394863E-002  0.64216671271765779     
   1.9869869869869872       -3.5135199288830583E-002  0.60853184264218896     
   1.9969969969969972       -3.8796614099529336E-002  0.57891621979999874     
   2.0070070070070072       -2.9129228577931536E-002  0.55720701139455009     
   2.0170170170170172       -2.8304783374791847E-002  0.51797360210704668     
   2.0270270270270272       -3.0530289521450822E-002  0.48696855181959880     
   2.0370370370370372       -3.2688350172771309E-002  0.45597836868966846     
   2.0470470470470472       -3.7692860715677179E-002  0.42484599745923174     
   2.0570570570570572       -4.5649994420950121E-002  0.40047778930803646     
   2.0670670670670672       -4.4075665773062794E-002  0.37623658935895327     
   2.0770770770770772       -4.1435905674442101E-002  0.34907836153898253     
   2.0870870870870872       -3.8353816829961383E-002  0.31457419302740397     
   2.0970970970970972       -3.9327987245709031E-002  0.27732202986494658     
   2.1071071071071072       -4.2530588655359594E-002  0.23909752762679343     
   2.1171171171171173       -4.5251021272173127E-002  0.19878515428379637     
   2.1271271271271273       -4.8883393255169119E-002  0.15323567823102224     
   2.1371371371371373       -5.4637183567892843E-002  0.10235559371224612     
   2.1471471471471473       -6.2717442296019582E-002   4.4741430543152848E-002
   2.1571571571571573       -7.4016973898402977E-002  -2.2034824093160387E-002
   2.1671671671671673       -9.0330397495855572E-002 -0.10158090809081605     
   2.1771771771771773      -0.11521606875627229      -0.19955403123886431     
   2.1871871871871873      -0.15653992252926022      -0.32534502480520944     
   2.1971971971971973      -0.23494910246468531      -0.49466234215971877     
   2.2072072072072073      -0.41626005299711366      -0.72116416830472163     
   2.2172172172172173      -0.83225239550203622      -0.87418504599630331     
   2.2272272272272273       -1.2739548183440836      -0.71209605129398701     
   2.2372372372372373       -1.5326400004800258      -0.41676199000709774     
   2.2472472472472473       -1.6557547610754446      -0.11370883011456344     
   2.2572572572572573       -1.6902106897883393       0.16819412737426423     
   2.2672672672672673       -1.6552640255403930       0.42380839645323642     
   2.2772772772772774       -1.5407415474559119       0.63722801720598010     
   2.2872872872872874       -1.3684352508530104       0.68797306041254958     
   2.2972972972972974       -1.4438704404490927       0.69274456252643546     
   2.3073073073073074       -1.4544619099687364       0.88604822931896055     
   2.3173173173173174       -1.3846609453877299        1.0477415685338571     
   2.3273273273273274       -1.2794753165802437        1.1962771095619102     
   2.3373373373373374       -1.1515082352406818        1.2798365316518547     
   2.3473473473473474       -1.0630465068250672        1.3802318348164735     
   2.3573573573573574      -0.92107932895317701        1.4943359139500030     
   2.3673673673673674      -0.72186333124803126        1.5752361053733683     
   2.3773773773773774      -0.47653210425500958        1.5792092999434557     
   2.3873873873873874      -0.26234534139442106        1.4533829295865441     
   2.3973973973973974      -0.16612896876079325        1.2941252100762435     
   2.4074074074074074      -0.12955595939057035        1.1636936292270108     
   2.4174174174174174      -0.12511823404836683        1.0514937319487976     
   2.4274274274274275      -0.16684631431383895       0.95314788579331011     
   2.4374374374374375      -0.26046976109372355       0.93997663495553185     
   2.4474474474474475      -0.26924902565824438        1.0401846380288620     
   2.4574574574574575      -0.14995373627096131        1.0316030533498690     
   2.4674674674674675      -0.11935849094889556       0.95376898635440532     
   2.4774774774774775      -0.13782050507424023       0.92992999935221476     
   2.4874874874874875      -0.10741951427163324       0.90810780516184586     
   2.4974974974974975      -0.12465104724119158       0.87921724974239157     
   2.5075075075075075       -9.5711862154434141E-002  0.89409878580325752     
   2.5175175175175175       -6.6114008946397809E-002  0.85279800433741559     
   2.5275275275275275       -7.1833138742120425E-002  0.81989231913649641     
   2.5375375375375375       -6.2340001877986051E-002  0.80503734042291264     
   2.5475475475475475       -6.4607835276846423E-002  0.76804086915293390     
   2.5575575575575575      -0.10106323042953019       0.75966161997607662     
   2.5675675675675675       -9.2508879568572649E-002  0.79109451434831357     
   2.5775775775775776       -5.3083830106753140E-002  0.78677557234573170     
   2.5875875875875876       -3.3626186146895325E-002  0.75802537062331710     
   2.5975975975975976       -2.7895746329251025E-002  0.73132024175883803     
   2.6076076076076076       -2.9859876414348521E-002  0.70696775568749437     
   2.6176176176176176       -4.4529885438277232E-002  0.68991553482511669     
   2.6276276276276276       -4.7392216017387717E-002  0.69865624821653050     
   2.6376376376376376       -3.9266381009214597E-002  0.68710162700413269     
   2.6476476476476476       -3.7859481802395387E-002  0.68579162022732276     
   2.6576576576576576       -2.7583945382622949E-002  0.67862715822893571     
   2.6676676676676676       -1.8269707294076641E-002  0.66666735825139689     
   2.6776776776776776       -1.3877264281189690E-002  0.65285275662424791     
   2.6876876876876876       -1.1812829104043002E-002  0.64059744302033161     
   2.6976976976976976       -1.0591806539970048E-002  0.62962008198782038     
   2.7077077077077076       -9.7621033807399529E-003  0.61955848788037504     
   2.7177177177177176       -9.1707059094105932E-003  0.61020509463353312     
   2.7277277277277276       -8.6680116959656078E-003  0.60147442056372502     
   2.7377377377377377       -8.1997776225690780E-003  0.59312699529032487     
   2.7477477477477477       -7.8282732175976033E-003  0.58513970359324341     
   2.7577577577577577       -7.5186219144642800E-003  0.57748039206361002     
   2.7677677677677677       -7.2544830039395353E-003  0.57010356601172396     
   2.7777777777777777       -7.0281607175249582E-003  0.56296987659630782     
   2.7877877877877877       -6.8356189784549758E-003  0.55604464723289948     
   2.7977977977977977       -6.6750562416812527E-003  0.54929578239806121     
   2.8078078078078077       -6.5464907784551158E-003  0.54269201022699787     
   2.8178178178178177       -6.4517980811249270E-003  0.53620120128792736     
   2.8278278278278277       -6.3951124637573803E-003  0.52978847365195669     
   2.8378378378378377       -6.3836947782419809E-003  0.52341374220783132     
   2.8478478478478477       -6.4295654877410749E-003  0.51702820443069641     
   2.8578578578578577       -6.5525681207999655E-003  0.51056889237114578     
   2.8678678678678677       -6.7863613033294010E-003  0.50394966506611083     
   2.8778778778778777       -7.1909682740730566E-003  0.49704540713587603     
   2.8878878878878878       -7.8816305479268225E-003  0.48966269279047675     
   2.8978978978978978       -9.1039049716029972E-003  0.48148291059012482     
   2.9079079079079078       -1.1463995400093805E-002  0.47195689540617558     
   2.9179179179179178       -1.6790266062430895E-002  0.46025712066977092     
   2.9279279279279278       -3.1245640566919419E-002  0.44794274632056003     
   2.9379379379379378       -5.0325627087603748E-002  0.45363799713874808     
   2.9479479479479478       -6.2370728337596257E-002  0.45007498466741402     
   2.9579579579579578       -9.0918155308487167E-002  0.48069566267331687     
   2.9679679679679678       -6.3058771056226329E-002  0.52053209727290084     
   2.9779779779779778       -2.9232533036604669E-002  0.51145965027645779     
   2.9879879879879878       -1.8593223968335033E-002  0.49531225654278194     
   2.9979979979979978       -1.7715880974456123E-002  0.48453252122477181     
   3.0080080080080087       -1.4364929149260956E-002  0.48012790994449062     
   3.0180180180180187       -1.0612026411630211E-002  0.47133643396445180     
   3.0280280280280287       -9.8730555460059561E-003  0.46213391362491335     
   3.0380380380380387       -1.1214759001426385E-002  0.45270636754653393     
   3.0480480480480487       -1.6487771740431874E-002  0.44250797787779061     
   3.0580580580580587       -3.0622759338309987E-002  0.43815881380021637     
   3.0680680680680688       -3.6258090677825407E-002  0.44443184523698498     
   3.0780780780780788       -4.1240902606164184E-002  0.45599976164837486     
   3.0880880880880888       -2.8984893787430126E-002  0.45694909322470961     
   3.0980980980980988       -3.1604792654923802E-002  0.45830207938958828     
   3.1081081081081088       -1.8459267494812685E-002  0.46141982272255649     
   3.1181181181181188       -1.1142378414788302E-002  0.45266467226925844     
   3.1281281281281288       -9.6087599654628778E-003  0.44439617338741300     
   3.1381381381381388       -1.1871549227688067E-002  0.43898900210430869     
   3.1481481481481488       -1.0410320380965879E-002  0.43828449547307308     
   3.1581581581581588       -7.6452076873243522E-003  0.43270398193152704     
   3.1681681681681688       -7.6261438918598734E-003  0.42618370512658860     
   3.1781781781781788       -1.0384526639711292E-002  0.41943443244973488     
   3.1881881881881888       -1.9153281424209662E-002  0.41665718524838252     
   3.1981981981981988       -1.8464116441335082E-002  0.42454004960513264     
   3.2082082082082088       -1.5070271322536534E-002  0.42004203463527640     
   3.2182182182182189       -1.8123572840317508E-002  0.42143485910607087     
   3.2282282282282289       -1.3202433261495557E-002  0.42122023790000973     
   3.2382382382382389       -1.1558619107997367E-002  0.42055372180209161     
   3.2482482482482489       -6.8355387641039133E-003  0.41762844716515141     
   3.2582582582582589       -4.8324093737091645E-003  0.41298867301362513     
   3.2682682682682689       -4.0714735822774597E-003  0.40887501061935699     
   3.2782782782782789       -3.8941328326361178E-003  0.40518631891786666     
   3.2882882882882889       -4.3262228114076253E-003  0.40220663450358951     
   3.2982982982982989       -3.8579617316579873E-003  0.40013688517354223     
   3.3083083083083089       -3.2426636094571287E-003  0.39719606805979329     
   3.3183183183183189       -3.1468800484029812E-003  0.39426041118058869     
   3.3283283283283289       -3.3559861882605274E-003  0.39181577618879510     
   3.3383383383383389       -3.0386642413300449E-003  0.38955656609590744     
   3.3483483483483489       -2.9020562597946238E-003  0.38715664275718009     
   3.3583583583583589       -2.6128242731943809E-003  0.38481339054658537     
   3.3683683683683689       -2.4396050227826049E-003  0.38237296853641595     
   3.3783783783783790       -2.3486907304968775E-003  0.37999819696968240     
   3.3883883883883890       -2.2879441647182912E-003  0.37768619546059262     
   3.3983983983983990       -2.2419298418273224E-003  0.37542375642757853     
   3.4084084084084090       -2.2051498396957899E-003  0.37320126646745300     
   3.4184184184184190       -2.1752826522139393E-003  0.37101148156531077     
   3.4284284284284290       -2.1513016422717935E-003  0.36884837605377824     
   3.4384384384384390       -2.1328498191773549E-003  0.36670645820423037     
   3.4484484484484490       -2.1200174929637250E-003  0.36458031710320560     
   3.4584584584584590       -2.1132855088413951E-003  0.36246425386057135     
   3.4684684684684690       -2.1135654697524526E-003  0.36035190764390479     
   3.4784784784784790       -2.1223310357719027E-003  0.35823580215477741     
   3.4884884884884890       -2.1418765711778481E-003  0.35610672275905469     
   3.4984984984984990       -2.1757989748926636E-003  0.35395278446026707     
   3.5085085085085090       -2.2299263203902227E-003  0.35175794118354059     
   3.5185185185185190       -2.3142499202003608E-003  0.34949945468156984     
   3.5285285285285291       -2.4474306889541173E-003  0.34714336054543976     
   3.5385385385385391       -2.6691393840923669E-003  0.34463624357174638     
   3.5485485485485491       -3.0817286213844952E-003  0.34189494530342418     
   3.5585585585585591       -4.0067049548109150E-003  0.33888155596331859     
   3.5685685685685691       -5.6918761804415994E-003  0.33639511223000168     
   3.5785785785785791       -6.6417450567094003E-003  0.33414646958829614     
   3.5885885885885891       -7.9394941153022886E-003  0.32961699467563943     
   3.5985985985985991       -1.4218404539385133E-002  0.32321217691332788     
   3.6086086086086091       -3.2809062924459516E-002  0.32506266432337888     
   3.6186186186186191       -3.0077401760149360E-002  0.35185896514476883     
   3.6286286286286291       -1.2863220791225939E-002  0.35108960284291679     
   3.6386386386386391       -7.0921425813133005E-003  0.34474019347313140     
   3.6486486486486491       -5.1358427168359906E-003  0.33958595682478365     
   3.6586586586586591       -4.6017975837387140E-003  0.33518210856798708     
   3.6686686686686691       -5.1563426009679355E-003  0.33094060353335419     
   3.6786786786786791       -7.8951535514348754E-003  0.32692012625289929     
   3.6886886886886892       -1.2522495186876910E-002  0.32747478980904077     
   3.6986986986986992       -1.3459949050620012E-002  0.33032459991245439     
   3.7087087087087092       -8.5942899115194205E-003  0.33165722046508850     
   3.7187187187187192       -6.0712791485042078E-003  0.32727692096933875     
   3.7287287287287292       -6.8309659131478156E-003  0.32234065701394987     
   3.7387387387387392       -1.1995221877742679E-002  0.31797399012698796     
   3.7487487487487492       -2.0375163017669999E-002  0.32330085435482114     
   3.7587587587587592       -1.5306796776143310E-002  0.33291203103224776     
   3.7687687687687692       -7.1912949379224472E-003  0.33090326350120364     
   3.7787787787787792       -4.3311199046713609E-003  0.32682205379377788     
   3.7887887887887892       -3.2640787620022492E-003  0.32347187088533769     
   3.7987987987987992       -2.8390332584897443E-003  0.32060666201878935     
   3.8088088088088092       -2.7717873511345715E-003  0.31794390545922352     
   3.8188188188188192       -3.1089385704773584E-003  0.31524997752523332     
   3.8288288288288292       -4.3858243229152388E-003  0.31234021967288511     
   3.8388388388388393       -8.5566671133373087E-003  0.31050686612369671     
   3.8488488488488493       -1.0352246364010451E-002  0.31645576881882842     
   3.8588588588588593       -5.0200476037109863E-003  0.31654809351184121     
   3.8688688688688693       -3.0122455353332302E-003  0.31387389857327391     
   3.8788788788788793       -2.3057118931544083E-003  0.31153567481826261     
   3.8888888888888893       -2.0444763362500043E-003  0.30949844068029370     
   3.8988988988988993       -2.0888045012843019E-003  0.30763520437992209     
   3.9089089089089093       -2.5595115356877971E-003  0.30625800762762168     
   3.9189189189189193       -2.2185204955617265E-003  0.30550018512495319     
   3.9289289289289293       -1.7799570998661128E-003  0.30396856266747441     
   3.9389389389389393       -1.7335722232286058E-003  0.30238643122935288     
   3.9489489489489493       -2.0261681634624988E-003  0.30106340706967782     
   3.9589589589589593       -1.8800335844247752E-003  0.30025446021591007     
   3.9689689689689693       -1.5483966557042008E-003  0.29891712931538655     
   3.9789789789789793       -1.4932329963551934E-003  0.29751395752502591     
   3.9889889889889893       -1.6658565678459936E-003  0.29625833610539132     
   3.9989989989989994       -1.6073392184401969E-003  0.29538406646029453     
   4.0090090090090094       -1.3527195697676591E-003  0.29418197355850384     
   4.0190190190190194       -1.2557226513805527E-003  0.29292689918451459     
   4.0290290290290294       -1.2141168095768521E-003  0.29170570755315139     
   4.0390390390390394       -1.1976927589051804E-003  0.29050908908584933     
   4.0490490490490494       -1.2117396182427910E-003  0.28933002058377305     
   4.0590590590590594       -1.2782341902953514E-003  0.28822333076397222     
   4.0690690690690694       -1.2202726607488778E-003  0.28719431039454851     
   4.0790790790790794       -1.1543286076612699E-003  0.28606333992391186     
   4.0890890890890894       -1.1291722270362749E-003  0.28493177326590935     
   4.0990990990990994       -1.1178306305352438E-003  0.28381098587212300     
   4.1091091091091094       -1.1129623900423820E-003  0.28269668714260443     
   4.1191191191191194       -1.1128415448144859E-003  0.28158461998731477     
   4.1291291291291294       -1.1176327343686773E-003  0.28047056114816160     
   4.1391391391391394       -1.1288897346424418E-003  0.27934954348576457     
   4.1491491491491495       -1.1506748807379248E-003  0.27821492320788399     
   4.1591591591591595       -1.1947588108146125E-003  0.27705806805491834     
   4.1691691691691695       -1.2993119880590639E-003  0.27588724914311280     
   4.1791791791791795       -1.4115499155443424E-003  0.27482243681805107     
   4.1891891891891895       -1.3925825129242648E-003  0.27361924002231158     
   4.1991991991991995       -1.5091499595349259E-003  0.27225088001938480     
   4.2092092092092095       -1.8588424601932278E-003  0.27076006150511633     
   4.2192192192192195       -2.7788267675873382E-003  0.26945395058040650     
   4.2292292292292295       -3.0383076083373177E-003  0.26904387446188704     
   4.2392392392392395       -2.9946572324381459E-003  0.26718232748492932     
   4.2492492492492495       -4.5570509627573547E-003  0.26469804767895722     
   4.2592592592592595       -9.1268453448986146E-003  0.26425650415178314     
   4.2692692692692695       -9.5928625080536397E-003  0.26792643645979786     
   4.2792792792792795       -1.0062950968483451E-002  0.27015957971868615     
   4.2892892892892895       -5.5829125980718037E-003  0.27169613283486754     
   4.2992992992992995       -3.2204131578402705E-003  0.26923116510536649     
   4.3093093093093096       -2.6223028962282162E-003  0.26683046284260653     
   4.3193193193193196       -3.0069294928253003E-003  0.26463803857729712     
   4.3293293293293296       -4.8512815216086901E-003  0.26362300267490174     
   4.3393393393393396       -4.2308289305532203E-003  0.26496898292794624     
   4.3493493493493496       -2.7559075131526802E-003  0.26336297059919933     
   4.3593593593593596       -2.6907515320794590E-003  0.26119515059408760     
   4.3693693693693696       -3.9226942548286669E-003  0.25901354042712893     
   4.3793793793793796       -7.1434137638137583E-003  0.25925408086300472     
   4.3893893893893896       -5.5066632948573670E-003  0.26145944091306916     
   4.3993993993993996       -4.7892627424966612E-003  0.25944872325808349     
   4.4094094094094096       -6.7428485791818926E-003  0.25992001877800180     
   4.4194194194194196       -4.2606112941510387E-003  0.26112064860636708     
   4.4294294294294296       -2.8458355489107412E-003  0.25912832411710707     
   4.4394394394394396       -3.1689922647239605E-003  0.25709094684995593     
   4.4494494494494496       -5.0435593529445559E-003  0.25690552325429011     
   4.4594594594594597       -3.5564448576405235E-003  0.25827187316124794     
   4.4694694694694697       -2.1316722774548653E-003  0.25684532797525916     
   4.4794794794794797       -1.8555543503873651E-003  0.25527100491499571     
   4.4894894894894897       -2.3480594818346659E-003  0.25416226047323370     
   4.4994994994994997       -2.1860943992851778E-003  0.25420260507665621     
   4.5095095095095097       -1.4443224238710553E-003  0.25324052102403166     
   4.5195195195195197       -1.2039686941084115E-003  0.25208641493530470     
   4.5295295295295297       -1.2056611146670326E-003  0.25100703605060054     
   4.5395395395395397       -1.4569762539132975E-003  0.25018754676701138     
   4.5495495495495497       -1.2709376771971525E-003  0.24972272127321749     
   4.5595595595595597       -1.0056585934797365E-003  0.24883700022507999     
   4.5695695695695697       -9.1269232667876964E-004  0.24792673072972143     
   4.5795795795795797       -8.8320375719641271E-004  0.24704888549309309     
   4.5895895895895897       -9.0368897489500873E-004  0.24618792887632965     
   4.5995995995995997       -1.0348892379358845E-003  0.24537445380969300     
   4.6096096096096097       -1.1239514751595645E-003  0.24486588603785606     
   4.6196196196196198       -9.0952130379140365E-004  0.24418172821402545     
   4.6296296296296298       -8.2496893512349896E-004  0.24337502544545972     
   4.6396396396396398       -8.0733381862394275E-004  0.24258193118598498     
   4.6496496496496498       -8.4841481026447544E-004  0.24181070217153139     
   4.6596596596596598       -9.2894878697516719E-004  0.24117893819423156     
   4.6696696696696698       -8.1743213906254847E-004  0.24054179581200741     
   4.6796796796796798       -7.5452030901658896E-004  0.23980184532775300     
   4.6896896896896898       -7.3222479775299795E-004  0.23906872843573673     
   4.6996996996996998       -7.2682777127536344E-004  0.23834548059383612     
   4.7097097097097098       -7.4208293118825837E-004  0.23762896922558185     
   4.7197197197197198       -7.9501525778783995E-004  0.23695876654780434     
   4.7297297297297298       -7.5920040857388861E-004  0.23634287766647094     
   4.7397397397397398       -7.1651325739667516E-004  0.23564798007014559     
   4.7497497497497498       -7.0779228359732450E-004  0.23494674411796557     
   4.7597597597597598       -7.2319941219980738E-004  0.23424703723453902     
   4.7697697697697699       -7.9035423767782876E-004  0.23357077585494926     
   4.7797797797797799       -8.1272862670727058E-004  0.23302463095973205     
   4.7897897897897899       -7.2574428419633244E-004  0.23237773600555822     
   4.7997997997997999       -6.9501511564610760E-004  0.23168853723802887     
   4.8098098098098099       -6.8714439284105558E-004  0.23100305117845860     
   4.8198198198198199       -6.8997238935740717E-004  0.23031810755066850     
   4.8298298298298299       -7.0485937902878943E-004  0.22962777717399141     
   4.8398398398398399       -7.4880713382145759E-004  0.22892979037412356     
   4.8498498498498499       -8.5038864633217896E-004  0.22828936693975480     
   4.8598598598598599       -8.1300899145708499E-004  0.22770579541488487     
   4.8698698698698699       -7.7740878240102086E-004  0.22697748213930583     
   4.8798798798798799       -8.0286538793395031E-004  0.22620863203783503     
   4.8898898898898899       -8.7704145736952339E-004  0.22539332007079585     
   4.8998998998998999       -1.0364431050379277E-003  0.22449255834757614     
   4.9099099099099099       -1.4173464149061707E-003  0.22344571038453775     
   4.9199199199199199       -2.5232359094382651E-003  0.22233126562532413     
   4.9299299299299300       -4.7254936751534287E-003  0.22303688089574064     
   4.9399399399399400       -3.6054247447473899E-003  0.22527263978258258     
   4.9499499499499500       -1.8403584800560191E-003  0.22451187978330592     
   4.9599599599599600       -1.2761501057014799E-003  0.22331647658887652     
   4.9699699699699700       -1.1276135987808801E-003  0.22223102928865643     
   4.9799799799799800       -1.1986453254726173E-003  0.22116914414089012     
   4.9899899899899900       -1.6014759415801550E-003  0.22003956525364851     
   5.0000000000000000       -2.9154279416768914E-003  0.21917866473650580     
